ply
format ascii 1.0
comment : MagicaVoxel @ Ephtracy
element vertex 4479
property float x
property float z
property float y
property uchar red
property uchar green
property uchar blue
origin 20 0 20
scale 0.025 0.025 0.025
end_header
-80 -84 -64 24 124 24
-79 -84 -64 24 124 24
-78 -84 -64 24 124 24
-77 -84 -64 24 124 24
-76 -84 -64 24 124 24
-75 -84 -64 24 124 24
-74 -84 -64 24 124 24
-73 -84 -64 24 124 24
-72 -84 -64 24 124 24
-71 -84 -64 24 124 24
-70 -84 -64 24 124 24
-69 -84 -64 24 124 24
-68 -84 -64 24 124 24
-67 -84 -64 24 124 24
-66 -84 -64 24 124 24
-65 -84 -64 24 124 24
-64 -84 -64 24 124 24
-63 -84 -64 24 124 24
-62 -84 -64 24 124 24
-61 -84 -64 24 124 24
-60 -84 -64 24 124 24
-59 -84 -64 24 124 24
-58 -84 -64 24 124 24
-57 -84 -64 24 124 24
-56 -84 -64 24 124 24
-55 -84 -64 24 124 24
-54 -84 -64 24 124 24
-53 -84 -64 24 124 24
-52 -84 -64 24 124 24
-51 -84 -64 24 124 24
-50 -84 -64 24 124 24
-49 -84 -64 24 124 24
-48 -84 -64 24 124 24
-47 -84 -64 24 124 24
-46 -84 -64 24 124 24
-45 -84 -64 24 124 24
-44 -84 -64 24 124 24
-43 -84 -64 24 124 24
-42 -84 -64 24 124 24
-41 -84 -64 24 124 24
-80 -83 -64 24 124 24
-79 -83 -64 24 124 24
-78 -83 -64 24 124 24
-77 -83 -64 24 124 24
-76 -83 -64 24 124 24
-75 -83 -64 24 124 24
-74 -83 -64 24 124 24
-73 -83 -64 24 124 24
-72 -83 -64 24 124 24
-71 -83 -64 24 124 24
-70 -83 -64 24 124 24
-69 -83 -64 24 124 24
-68 -83 -64 24 124 24
-67 -83 -64 24 124 24
-66 -83 -64 24 124 24
-65 -83 -64 24 124 24
-64 -83 -64 24 124 24
-63 -83 -64 24 124 24
-62 -83 -64 24 124 24
-61 -83 -64 24 124 24
-60 -83 -64 24 124 24
-59 -83 -64 24 124 24
-58 -83 -64 24 124 24
-57 -83 -64 24 124 24
-56 -83 -64 24 124 24
-55 -83 -64 24 124 24
-54 -83 -64 24 124 24
-53 -83 -64 24 124 24
-52 -83 -64 24 124 24
-51 -83 -64 24 124 24
-50 -83 -64 24 124 24
-49 -83 -64 24 124 24
-48 -83 -64 24 124 24
-47 -83 -64 24 124 24
-46 -83 -64 24 124 24
-45 -83 -64 24 124 24
-44 -83 -64 24 124 24
-43 -83 -64 24 124 24
-42 -83 -64 24 124 24
-41 -83 -64 24 124 24
-80 -82 -64 24 124 24
-79 -82 -64 24 124 24
-78 -82 -64 24 124 24
-77 -82 -64 24 124 24
-76 -82 -64 24 124 24
-75 -82 -64 24 124 24
-74 -82 -64 24 124 24
-73 -82 -64 24 124 24
-72 -82 -64 24 124 24
-71 -82 -64 24 124 24
-70 -82 -64 24 124 24
-69 -82 -64 24 124 24
-68 -82 -64 24 124 24
-67 -82 -64 24 124 24
-66 -82 -64 24 124 24
-65 -82 -64 24 124 24
-64 -82 -64 24 124 24
-63 -82 -64 24 124 24
-62 -82 -64 24 124 24
-61 -82 -64 24 124 24
-60 -82 -64 24 124 24
-59 -82 -64 24 124 24
-58 -82 -64 24 124 24
-57 -82 -64 24 124 24
-56 -82 -64 24 124 24
-55 -82 -64 24 124 24
-54 -82 -64 24 124 24
-53 -82 -64 24 124 24
-52 -82 -64 24 124 24
-51 -82 -64 24 124 24
-50 -82 -64 24 124 24
-49 -82 -64 24 124 24
-48 -82 -64 24 124 24
-47 -82 -64 24 124 24
-46 -82 -64 24 124 24
-45 -82 -64 24 124 24
-44 -82 -64 24 124 24
-43 -82 -64 24 124 24
-42 -82 -64 24 124 24
-41 -82 -64 24 124 24
-80 -81 -64 24 124 24
-79 -81 -64 24 124 24
-78 -81 -64 24 124 24
-77 -81 -64 24 124 24
-76 -81 -64 24 124 24
-75 -81 -64 24 124 24
-74 -81 -64 24 124 24
-73 -81 -64 24 124 24
-72 -81 -64 24 124 24
-71 -81 -64 24 124 24
-70 -81 -64 24 124 24
-69 -81 -64 24 124 24
-68 -81 -64 24 124 24
-67 -81 -64 24 124 24
-66 -81 -64 24 124 24
-65 -81 -64 24 124 24
-64 -81 -64 24 124 24
-63 -81 -64 24 124 24
-62 -81 -64 24 124 24
-61 -81 -64 24 124 24
-60 -81 -64 24 124 24
-59 -81 -64 24 124 24
-58 -81 -64 24 124 24
-57 -81 -64 24 124 24
-56 -81 -64 24 124 24
-55 -81 -64 24 124 24
-54 -81 -64 24 124 24
-53 -81 -64 24 124 24
-52 -81 -64 24 124 24
-51 -81 -64 24 124 24
-50 -81 -64 24 124 24
-49 -81 -64 24 124 24
-48 -81 -64 24 124 24
-47 -81 -64 24 124 24
-46 -81 -64 24 124 24
-45 -81 -64 24 124 24
-44 -81 -64 24 124 24
-43 -81 -64 24 124 24
-42 -81 -64 24 124 24
-41 -81 -64 24 124 24
-80 -80 -64 24 124 24
-79 -80 -64 24 124 24
-78 -80 -64 24 124 24
-77 -80 -64 24 124 24
-76 -80 -64 24 124 24
-75 -80 -64 24 124 24
-74 -80 -64 24 124 24
-73 -80 -64 24 124 24
-72 -80 -64 24 124 24
-71 -80 -64 24 124 24
-70 -80 -64 24 124 24
-69 -80 -64 24 124 24
-68 -80 -64 24 124 24
-67 -80 -64 24 124 24
-66 -80 -64 24 124 24
-65 -80 -64 24 124 24
-64 -80 -64 24 124 24
-63 -80 -64 24 124 24
-62 -80 -64 24 124 24
-61 -80 -64 24 124 24
-60 -80 -64 24 124 24
-59 -80 -64 24 124 24
-58 -80 -64 24 124 24
-57 -80 -64 24 124 24
-56 -80 -64 24 124 24
-55 -80 -64 24 124 24
-54 -80 -64 24 124 24
-53 -80 -64 24 124 24
-52 -80 -64 24 124 24
-51 -80 -64 24 124 24
-50 -80 -64 24 124 24
-49 -80 -64 24 124 24
-48 -80 -64 24 124 24
-47 -80 -64 24 124 24
-46 -80 -64 24 124 24
-45 -80 -64 24 124 24
-44 -80 -64 24 124 24
-43 -80 -64 24 124 24
-42 -80 -64 24 124 24
-41 -80 -64 24 124 24
-80 -79 -64 24 124 24
-79 -79 -64 24 124 24
-78 -79 -64 24 124 24
-77 -79 -64 24 124 24
-76 -79 -64 24 124 24
-75 -79 -64 24 124 24
-74 -79 -64 24 124 24
-73 -79 -64 24 124 24
-72 -79 -64 24 124 24
-71 -79 -64 24 124 24
-70 -79 -64 24 124 24
-69 -79 -64 24 124 24
-68 -79 -64 24 124 24
-67 -79 -64 24 124 24
-66 -79 -64 24 124 24
-65 -79 -64 24 124 24
-64 -79 -64 24 124 24
-63 -79 -64 24 124 24
-62 -79 -64 24 124 24
-61 -79 -64 24 124 24
-60 -79 -64 24 124 24
-59 -79 -64 24 124 24
-58 -79 -64 24 124 24
-57 -79 -64 24 124 24
-56 -79 -64 24 124 24
-55 -79 -64 24 124 24
-54 -79 -64 24 124 24
-53 -79 -64 24 124 24
-52 -79 -64 24 124 24
-51 -79 -64 24 124 24
-50 -79 -64 24 124 24
-49 -79 -64 24 124 24
-48 -79 -64 24 124 24
-47 -79 -64 24 124 24
-46 -79 -64 24 124 24
-45 -79 -64 24 124 24
-44 -79 -64 24 124 24
-43 -79 -64 24 124 24
-42 -79 -64 24 124 24
-41 -79 -64 24 124 24
-80 -78 -64 24 124 24
-79 -78 -64 24 124 24
-78 -78 -64 24 124 24
-77 -78 -64 24 124 24
-76 -78 -64 24 124 24
-75 -78 -64 24 124 24
-74 -78 -64 24 124 24
-73 -78 -64 24 124 24
-72 -78 -64 24 124 24
-71 -78 -64 24 124 24
-70 -78 -64 24 124 24
-69 -78 -64 24 124 24
-68 -78 -64 24 124 24
-67 -78 -64 24 124 24
-66 -78 -64 24 124 24
-65 -78 -64 24 124 24
-64 -78 -64 24 124 24
-63 -78 -64 24 124 24
-62 -78 -64 24 124 24
-61 -78 -64 24 124 24
-60 -78 -64 24 124 24
-59 -78 -64 24 124 24
-58 -78 -64 24 124 24
-57 -78 -64 24 124 24
-56 -78 -64 24 124 24
-55 -78 -64 24 124 24
-54 -78 -64 24 124 24
-53 -78 -64 24 124 24
-52 -78 -64 24 124 24
-51 -78 -64 24 124 24
-50 -78 -64 24 124 24
-49 -78 -64 24 124 24
-48 -78 -64 24 124 24
-47 -78 -64 24 124 24
-46 -78 -64 24 124 24
-45 -78 -64 24 124 24
-44 -78 -64 24 124 24
-43 -78 -64 24 124 24
-42 -78 -64 24 124 24
-41 -78 -64 24 124 24
-80 -77 -64 24 124 24
-79 -77 -64 24 124 24
-78 -77 -64 24 124 24
-77 -77 -64 24 124 24
-76 -77 -64 24 124 24
-75 -77 -64 24 124 24
-74 -77 -64 24 124 24
-73 -77 -64 24 124 24
-72 -77 -64 24 124 24
-71 -77 -64 24 124 24
-70 -77 -64 24 124 24
-69 -77 -64 24 124 24
-68 -77 -64 24 124 24
-67 -77 -64 24 124 24
-66 -77 -64 24 124 24
-65 -77 -64 24 124 24
-64 -77 -64 24 124 24
-63 -77 -64 24 124 24
-62 -77 -64 24 124 24
-61 -77 -64 24 124 24
-60 -77 -64 24 124 24
-59 -77 -64 24 124 24
-58 -77 -64 24 124 24
-57 -77 -64 24 124 24
-56 -77 -64 24 124 24
-55 -77 -64 24 124 24
-54 -77 -64 24 124 24
-53 -77 -64 24 124 24
-52 -77 -64 24 124 24
-51 -77 -64 24 124 24
-50 -77 -64 24 124 24
-49 -77 -64 24 124 24
-48 -77 -64 24 124 24
-47 -77 -64 24 124 24
-46 -77 -64 24 124 24
-45 -77 -64 24 124 24
-44 -77 -64 24 124 24
-43 -77 -64 24 124 24
-42 -77 -64 24 124 24
-41 -77 -64 24 124 24
-80 -76 -64 24 124 24
-79 -76 -64 24 124 24
-78 -76 -64 24 124 24
-77 -76 -64 24 124 24
-76 -76 -64 24 124 24
-75 -76 -64 24 124 24
-74 -76 -64 24 124 24
-73 -76 -64 24 124 24
-72 -76 -64 24 124 24
-71 -76 -64 24 124 24
-70 -76 -64 24 124 24
-69 -76 -64 24 124 24
-68 -76 -64 24 124 24
-67 -76 -64 24 124 24
-66 -76 -64 24 124 24
-65 -76 -64 24 124 24
-64 -76 -64 24 124 24
-63 -76 -64 24 124 24
-62 -76 -64 24 124 24
-61 -76 -64 24 124 24
-60 -76 -64 24 124 24
-59 -76 -64 24 124 24
-58 -76 -64 24 124 24
-57 -76 -64 24 124 24
-56 -76 -64 24 124 24
-55 -76 -64 24 124 24
-54 -76 -64 24 124 24
-53 -76 -64 24 124 24
-52 -76 -64 24 124 24
-51 -76 -64 24 124 24
-50 -76 -64 24 124 24
-49 -76 -64 24 124 24
-48 -76 -64 24 124 24
-47 -76 -64 24 124 24
-46 -76 -64 24 124 24
-45 -76 -64 24 124 24
-44 -76 -64 24 124 24
-43 -76 -64 24 124 24
-42 -76 -64 24 124 24
-41 -76 -64 24 124 24
-80 -75 -64 24 124 24
-79 -75 -64 24 124 24
-78 -75 -64 24 124 24
-77 -75 -64 24 124 24
-76 -75 -64 24 124 24
-75 -75 -64 24 124 24
-74 -75 -64 24 124 24
-73 -75 -64 24 124 24
-72 -75 -64 24 124 24
-71 -75 -64 24 124 24
-70 -75 -64 24 124 24
-69 -75 -64 24 124 24
-68 -75 -64 24 124 24
-67 -75 -64 24 124 24
-66 -75 -64 24 124 24
-65 -75 -64 24 124 24
-64 -75 -64 24 124 24
-63 -75 -64 24 124 24
-62 -75 -64 24 124 24
-61 -75 -64 24 124 24
-60 -75 -64 24 124 24
-59 -75 -64 24 124 24
-58 -75 -64 24 124 24
-57 -75 -64 24 124 24
-56 -75 -64 24 124 24
-55 -75 -64 24 124 24
-54 -75 -64 24 124 24
-53 -75 -64 24 124 24
-52 -75 -64 24 124 24
-51 -75 -64 24 124 24
-50 -75 -64 24 124 24
-49 -75 -64 24 124 24
-48 -75 -64 24 124 24
-47 -75 -64 24 124 24
-46 -75 -64 24 124 24
-45 -75 -64 24 124 24
-44 -75 -64 24 124 24
-43 -75 -64 24 124 24
-42 -75 -64 24 124 24
-41 -75 -64 24 124 24
-80 -74 -64 24 124 24
-79 -74 -64 24 124 24
-78 -74 -64 24 124 24
-77 -74 -64 24 124 24
-76 -74 -64 24 124 24
-75 -74 -64 24 124 24
-74 -74 -64 24 124 24
-73 -74 -64 24 124 24
-72 -74 -64 24 124 24
-71 -74 -64 24 124 24
-70 -74 -64 24 124 24
-69 -74 -64 24 124 24
-68 -74 -64 24 124 24
-67 -74 -64 24 124 24
-66 -74 -64 24 124 24
-65 -74 -64 24 124 24
-64 -74 -64 24 124 24
-63 -74 -64 24 124 24
-62 -74 -64 24 124 24
-61 -74 -64 24 124 24
-60 -74 -64 24 124 24
-59 -74 -64 24 124 24
-58 -74 -64 24 124 24
-57 -74 -64 24 124 24
-56 -74 -64 24 124 24
-55 -74 -64 24 124 24
-54 -74 -64 24 124 24
-53 -74 -64 24 124 24
-52 -74 -64 24 124 24
-51 -74 -64 24 124 24
-50 -74 -64 24 124 24
-49 -74 -64 24 124 24
-48 -74 -64 24 124 24
-47 -74 -64 24 124 24
-46 -74 -64 24 124 24
-45 -74 -64 24 124 24
-44 -74 -64 24 124 24
-43 -74 -64 24 124 24
-42 -74 -64 24 124 24
-41 -74 -64 24 124 24
-80 -73 -64 24 124 24
-79 -73 -64 24 124 24
-78 -73 -64 24 124 24
-77 -73 -64 24 124 24
-76 -73 -64 24 124 24
-75 -73 -64 24 124 24
-74 -73 -64 24 124 24
-73 -73 -64 24 124 24
-72 -73 -64 24 124 24
-71 -73 -64 24 124 24
-70 -73 -64 24 124 24
-69 -73 -64 24 124 24
-68 -73 -64 24 124 24
-67 -73 -64 24 124 24
-66 -73 -64 24 124 24
-65 -73 -64 24 124 24
-64 -73 -64 24 124 24
-63 -73 -64 24 124 24
-62 -73 -64 24 124 24
-61 -73 -64 24 124 24
-60 -73 -64 24 124 24
-59 -73 -64 24 124 24
-58 -73 -64 24 124 24
-57 -73 -64 24 124 24
-56 -73 -64 24 124 24
-55 -73 -64 24 124 24
-54 -73 -64 24 124 24
-53 -73 -64 24 124 24
-52 -73 -64 24 124 24
-51 -73 -64 24 124 24
-50 -73 -64 24 124 24
-49 -73 -64 24 124 24
-48 -73 -64 24 124 24
-47 -73 -64 24 124 24
-46 -73 -64 24 124 24
-45 -73 -64 24 124 24
-44 -73 -64 24 124 24
-43 -73 -64 24 124 24
-42 -73 -64 24 124 24
-41 -73 -64 24 124 24
-80 -72 -64 24 124 24
-79 -72 -64 24 124 24
-78 -72 -64 24 124 24
-77 -72 -64 24 124 24
-76 -72 -64 24 124 24
-75 -72 -64 24 124 24
-74 -72 -64 24 124 24
-73 -72 -64 24 124 24
-72 -72 -64 24 124 24
-71 -72 -64 24 124 24
-70 -72 -64 24 124 24
-69 -72 -64 24 124 24
-68 -72 -64 24 124 24
-67 -72 -64 24 124 24
-66 -72 -64 24 124 24
-65 -72 -64 24 124 24
-64 -72 -64 24 124 24
-63 -72 -64 24 124 24
-62 -72 -64 24 124 24
-61 -72 -64 24 124 24
-60 -72 -64 24 124 24
-59 -72 -64 24 124 24
-58 -72 -64 24 124 24
-57 -72 -64 24 124 24
-56 -72 -64 24 124 24
-55 -72 -64 24 124 24
-54 -72 -64 24 124 24
-53 -72 -64 24 124 24
-52 -72 -64 24 124 24
-51 -72 -64 24 124 24
-50 -72 -64 24 124 24
-49 -72 -64 24 124 24
-48 -72 -64 24 124 24
-47 -72 -64 24 124 24
-46 -72 -64 24 124 24
-45 -72 -64 24 124 24
-44 -72 -64 24 124 24
-43 -72 -64 24 124 24
-42 -72 -64 24 124 24
-41 -72 -64 24 124 24
-80 -71 -64 24 124 24
-79 -71 -64 24 124 24
-78 -71 -64 24 124 24
-77 -71 -64 24 124 24
-76 -71 -64 24 124 24
-75 -71 -64 24 124 24
-74 -71 -64 24 124 24
-73 -71 -64 24 124 24
-72 -71 -64 24 124 24
-71 -71 -64 24 124 24
-70 -71 -64 24 124 24
-69 -71 -64 24 124 24
-68 -71 -64 24 124 24
-67 -71 -64 24 124 24
-66 -71 -64 24 124 24
-65 -71 -64 24 124 24
-64 -71 -64 24 124 24
-63 -71 -64 24 124 24
-62 -71 -64 24 124 24
-61 -71 -64 24 124 24
-60 -71 -64 24 124 24
-59 -71 -64 24 124 24
-58 -71 -64 24 124 24
-57 -71 -64 24 124 24
-56 -71 -64 24 124 24
-55 -71 -64 24 124 24
-54 -71 -64 24 124 24
-53 -71 -64 24 124 24
-52 -71 -64 24 124 24
-51 -71 -64 24 124 24
-50 -71 -64 24 124 24
-49 -71 -64 24 124 24
-48 -71 -64 24 124 24
-47 -71 -64 24 124 24
-46 -71 -64 24 124 24
-45 -71 -64 24 124 24
-44 -71 -64 24 124 24
-43 -71 -64 24 124 24
-42 -71 -64 24 124 24
-41 -71 -64 24 124 24
-80 -70 -64 24 124 24
-79 -70 -64 24 124 24
-78 -70 -64 24 124 24
-77 -70 -64 24 124 24
-76 -70 -64 24 124 24
-75 -70 -64 24 124 24
-74 -70 -64 24 124 24
-73 -70 -64 24 124 24
-72 -70 -64 24 124 24
-71 -70 -64 24 124 24
-70 -70 -64 24 124 24
-69 -70 -64 24 124 24
-68 -70 -64 24 124 24
-67 -70 -64 24 124 24
-66 -70 -64 24 124 24
-65 -70 -64 24 124 24
-64 -70 -64 24 124 24
-63 -70 -64 24 124 24
-62 -70 -64 24 124 24
-61 -70 -64 24 124 24
-60 -70 -64 24 124 24
-59 -70 -64 24 124 24
-58 -70 -64 24 124 24
-57 -70 -64 24 124 24
-56 -70 -64 24 124 24
-55 -70 -64 24 124 24
-54 -70 -64 24 124 24
-53 -70 -64 24 124 24
-52 -70 -64 24 124 24
-51 -70 -64 24 124 24
-50 -70 -64 24 124 24
-49 -70 -64 24 124 24
-48 -70 -64 24 124 24
-47 -70 -64 24 124 24
-46 -70 -64 24 124 24
-45 -70 -64 24 124 24
-44 -70 -64 24 124 24
-43 -70 -64 24 124 24
-42 -70 -64 24 124 24
-41 -70 -64 24 124 24
-80 -69 -64 24 124 24
-79 -69 -64 24 124 24
-78 -69 -64 24 124 24
-77 -69 -64 24 124 24
-76 -69 -64 24 124 24
-75 -69 -64 24 124 24
-74 -69 -64 24 124 24
-73 -69 -64 24 124 24
-72 -69 -64 24 124 24
-71 -69 -64 24 124 24
-70 -69 -64 24 124 24
-69 -69 -64 24 124 24
-68 -69 -64 24 124 24
-67 -69 -64 24 124 24
-66 -69 -64 24 124 24
-65 -69 -64 24 124 24
-64 -69 -64 24 124 24
-63 -69 -64 24 124 24
-62 -69 -64 24 124 24
-61 -69 -64 24 124 24
-60 -69 -64 24 124 24
-59 -69 -64 24 124 24
-58 -69 -64 24 124 24
-57 -69 -64 24 124 24
-56 -69 -64 24 124 24
-55 -69 -64 24 124 24
-54 -69 -64 24 124 24
-53 -69 -64 24 124 24
-52 -69 -64 24 124 24
-51 -69 -64 24 124 24
-50 -69 -64 24 124 24
-49 -69 -64 24 124 24
-48 -69 -64 24 124 24
-47 -69 -64 24 124 24
-46 -69 -64 24 124 24
-45 -69 -64 24 124 24
-44 -69 -64 24 124 24
-43 -69 -64 24 124 24
-42 -69 -64 24 124 24
-41 -69 -64 24 124 24
-80 -68 -64 24 124 24
-79 -68 -64 24 124 24
-78 -68 -64 24 124 24
-77 -68 -64 24 124 24
-76 -68 -64 24 124 24
-75 -68 -64 24 124 24
-74 -68 -64 24 124 24
-73 -68 -64 24 124 24
-72 -68 -64 24 124 24
-71 -68 -64 24 124 24
-70 -68 -64 24 124 24
-69 -68 -64 24 124 24
-68 -68 -64 24 124 24
-67 -68 -64 24 124 24
-66 -68 -64 24 124 24
-65 -68 -64 24 124 24
-64 -68 -64 24 124 24
-63 -68 -64 24 124 24
-62 -68 -64 24 124 24
-61 -68 -64 24 124 24
-60 -68 -64 24 124 24
-59 -68 -64 24 124 24
-58 -68 -64 24 124 24
-57 -68 -64 24 124 24
-56 -68 -64 24 124 24
-55 -68 -64 24 124 24
-54 -68 -64 24 124 24
-53 -68 -64 24 124 24
-52 -68 -64 24 124 24
-51 -68 -64 24 124 24
-50 -68 -64 24 124 24
-49 -68 -64 24 124 24
-48 -68 -64 24 124 24
-47 -68 -64 24 124 24
-46 -68 -64 24 124 24
-45 -68 -64 24 124 24
-44 -68 -64 24 124 24
-43 -68 -64 24 124 24
-42 -68 -64 24 124 24
-41 -68 -64 24 124 24
-80 -67 -64 24 124 24
-79 -67 -64 24 124 24
-78 -67 -64 24 124 24
-77 -67 -64 24 124 24
-76 -67 -64 24 124 24
-75 -67 -64 24 124 24
-74 -67 -64 24 124 24
-73 -67 -64 24 124 24
-72 -67 -64 24 124 24
-71 -67 -64 24 124 24
-70 -67 -64 24 124 24
-69 -67 -64 24 124 24
-68 -67 -64 24 124 24
-67 -67 -64 24 124 24
-66 -67 -64 24 124 24
-65 -67 -64 24 124 24
-64 -67 -64 24 124 24
-63 -67 -64 24 124 24
-62 -67 -64 24 124 24
-61 -67 -64 24 124 24
-60 -67 -64 24 124 24
-59 -67 -64 24 124 24
-58 -67 -64 24 124 24
-57 -67 -64 24 124 24
-56 -67 -64 24 124 24
-55 -67 -64 24 124 24
-54 -67 -64 24 124 24
-53 -67 -64 24 124 24
-52 -67 -64 24 124 24
-51 -67 -64 24 124 24
-50 -67 -64 24 124 24
-49 -67 -64 24 124 24
-48 -67 -64 24 124 24
-47 -67 -64 24 124 24
-46 -67 -64 24 124 24
-45 -67 -64 24 124 24
-44 -67 -64 24 124 24
-43 -67 -64 24 124 24
-42 -67 -64 24 124 24
-41 -67 -64 24 124 24
-80 -66 -64 24 124 24
-79 -66 -64 24 124 24
-78 -66 -64 24 124 24
-77 -66 -64 24 124 24
-76 -66 -64 24 124 24
-75 -66 -64 24 124 24
-74 -66 -64 24 124 24
-73 -66 -64 24 124 24
-72 -66 -64 24 124 24
-71 -66 -64 24 124 24
-70 -66 -64 24 124 24
-69 -66 -64 24 124 24
-68 -66 -64 24 124 24
-67 -66 -64 24 124 24
-66 -66 -64 24 124 24
-65 -66 -64 24 124 24
-64 -66 -64 24 124 24
-63 -66 -64 24 124 24
-62 -66 -64 24 124 24
-61 -66 -64 24 124 24
-60 -66 -64 24 124 24
-59 -66 -64 24 124 24
-58 -66 -64 24 124 24
-57 -66 -64 24 124 24
-56 -66 -64 24 124 24
-55 -66 -64 24 124 24
-54 -66 -64 24 124 24
-53 -66 -64 24 124 24
-52 -66 -64 24 124 24
-51 -66 -64 24 124 24
-50 -66 -64 24 124 24
-49 -66 -64 24 124 24
-48 -66 -64 24 124 24
-47 -66 -64 24 124 24
-46 -66 -64 24 124 24
-45 -66 -64 24 124 24
-44 -66 -64 24 124 24
-43 -66 -64 24 124 24
-42 -66 -64 24 124 24
-41 -66 -64 24 124 24
-80 -65 -64 24 124 24
-79 -65 -64 24 124 24
-78 -65 -64 24 124 24
-77 -65 -64 24 124 24
-76 -65 -64 24 124 24
-75 -65 -64 24 124 24
-74 -65 -64 24 124 24
-73 -65 -64 24 124 24
-72 -65 -64 24 124 24
-71 -65 -64 24 124 24
-70 -65 -64 24 124 24
-69 -65 -64 24 124 24
-68 -65 -64 24 124 24
-67 -65 -64 24 124 24
-66 -65 -64 24 124 24
-65 -65 -64 24 124 24
-64 -65 -64 24 124 24
-63 -65 -64 24 124 24
-62 -65 -64 24 124 24
-61 -65 -64 24 124 24
-60 -65 -64 24 124 24
-59 -65 -64 24 124 24
-58 -65 -64 24 124 24
-57 -65 -64 24 124 24
-56 -65 -64 24 124 24
-55 -65 -64 24 124 24
-54 -65 -64 24 124 24
-53 -65 -64 24 124 24
-52 -65 -64 24 124 24
-51 -65 -64 24 124 24
-50 -65 -64 24 124 24
-49 -65 -64 24 124 24
-48 -65 -64 24 124 24
-47 -65 -64 24 124 24
-46 -65 -64 24 124 24
-45 -65 -64 24 124 24
-44 -65 -64 24 124 24
-43 -65 -64 24 124 24
-42 -65 -64 24 124 24
-41 -65 -64 24 124 24
-80 -64 -64 24 124 24
-79 -64 -64 24 124 24
-78 -64 -64 24 124 24
-77 -64 -64 24 124 24
-76 -64 -64 24 124 24
-75 -64 -64 24 124 24
-74 -64 -64 24 124 24
-73 -64 -64 24 124 24
-72 -64 -64 24 124 24
-71 -64 -64 24 124 24
-70 -64 -64 24 124 24
-69 -64 -64 24 124 24
-68 -64 -64 24 124 24
-67 -64 -64 24 124 24
-66 -64 -64 24 124 24
-65 -64 -64 24 124 24
-64 -64 -64 24 124 24
-63 -64 -64 24 124 24
-62 -64 -64 24 124 24
-61 -64 -64 24 124 24
-60 -64 -64 24 124 24
-59 -64 -64 24 124 24
-58 -64 -64 24 124 24
-57 -64 -64 24 124 24
-56 -64 -64 24 124 24
-55 -64 -64 24 124 24
-54 -64 -64 24 124 24
-53 -64 -64 24 124 24
-52 -64 -64 24 124 24
-51 -64 -64 24 124 24
-50 -64 -64 24 124 24
-49 -64 -64 24 124 24
-48 -64 -64 24 124 24
-47 -64 -64 24 124 24
-46 -64 -64 24 124 24
-45 -64 -64 24 124 24
-44 -64 -64 24 124 24
-43 -64 -64 24 124 24
-42 -64 -64 24 124 24
-41 -64 -64 24 124 24
-80 -63 -64 24 124 24
-79 -63 -64 24 124 24
-78 -63 -64 24 124 24
-77 -63 -64 24 124 24
-76 -63 -64 24 124 24
-75 -63 -64 24 124 24
-74 -63 -64 24 124 24
-73 -63 -64 24 124 24
-72 -63 -64 24 124 24
-71 -63 -64 24 124 24
-70 -63 -64 24 124 24
-69 -63 -64 24 124 24
-68 -63 -64 24 124 24
-67 -63 -64 24 124 24
-66 -63 -64 24 124 24
-65 -63 -64 24 124 24
-64 -63 -64 24 124 24
-63 -63 -64 24 124 24
-62 -63 -64 24 124 24
-61 -63 -64 24 124 24
-60 -63 -64 24 124 24
-59 -63 -64 24 124 24
-58 -63 -64 24 124 24
-57 -63 -64 24 124 24
-56 -63 -64 24 124 24
-55 -63 -64 24 124 24
-54 -63 -64 24 124 24
-53 -63 -64 24 124 24
-52 -63 -64 24 124 24
-51 -63 -64 24 124 24
-50 -63 -64 24 124 24
-49 -63 -64 24 124 24
-48 -63 -64 24 124 24
-47 -63 -64 24 124 24
-46 -63 -64 24 124 24
-45 -63 -64 24 124 24
-44 -63 -64 24 124 24
-43 -63 -64 24 124 24
-42 -63 -64 24 124 24
-41 -63 -64 24 124 24
-80 -62 -64 24 124 24
-79 -62 -64 24 124 24
-78 -62 -64 24 124 24
-77 -62 -64 24 124 24
-76 -62 -64 24 124 24
-75 -62 -64 24 124 24
-74 -62 -64 24 124 24
-73 -62 -64 24 124 24
-72 -62 -64 24 124 24
-71 -62 -64 24 124 24
-70 -62 -64 24 124 24
-69 -62 -64 24 124 24
-68 -62 -64 24 124 24
-67 -62 -64 24 124 24
-66 -62 -64 24 124 24
-65 -62 -64 24 124 24
-64 -62 -64 24 124 24
-63 -62 -64 24 124 24
-62 -62 -64 24 124 24
-61 -62 -64 24 124 24
-60 -62 -64 24 124 24
-59 -62 -64 24 124 24
-58 -62 -64 24 124 24
-57 -62 -64 24 124 24
-56 -62 -64 24 124 24
-55 -62 -64 24 124 24
-54 -62 -64 24 124 24
-53 -62 -64 24 124 24
-52 -62 -64 24 124 24
-51 -62 -64 24 124 24
-50 -62 -64 24 124 24
-49 -62 -64 24 124 24
-48 -62 -64 24 124 24
-47 -62 -64 24 124 24
-46 -62 -64 24 124 24
-45 -62 -64 24 124 24
-44 -62 -64 24 124 24
-43 -62 -64 24 124 24
-42 -62 -64 24 124 24
-41 -62 -64 24 124 24
-80 -61 -64 24 124 24
-79 -61 -64 24 124 24
-78 -61 -64 24 124 24
-77 -61 -64 24 124 24
-76 -61 -64 24 124 24
-75 -61 -64 24 124 24
-74 -61 -64 24 124 24
-73 -61 -64 24 124 24
-72 -61 -64 24 124 24
-71 -61 -64 24 124 24
-70 -61 -64 24 124 24
-69 -61 -64 24 124 24
-68 -61 -64 24 124 24
-67 -61 -64 24 124 24
-66 -61 -64 24 124 24
-65 -61 -64 24 124 24
-64 -61 -64 24 124 24
-63 -61 -64 24 124 24
-62 -61 -64 24 124 24
-61 -61 -64 24 124 24
-60 -61 -64 24 124 24
-59 -61 -64 24 124 24
-58 -61 -64 24 124 24
-57 -61 -64 24 124 24
-56 -61 -64 24 124 24
-55 -61 -64 24 124 24
-54 -61 -64 24 124 24
-53 -61 -64 24 124 24
-52 -61 -64 24 124 24
-51 -61 -64 24 124 24
-50 -61 -64 24 124 24
-49 -61 -64 24 124 24
-48 -61 -64 24 124 24
-47 -61 -64 24 124 24
-46 -61 -64 24 124 24
-45 -61 -64 24 124 24
-44 -61 -64 24 124 24
-43 -61 -64 24 124 24
-42 -61 -64 24 124 24
-41 -61 -64 24 124 24
-80 -60 -64 24 124 24
-79 -60 -64 24 124 24
-78 -60 -64 24 124 24
-77 -60 -64 24 124 24
-76 -60 -64 24 124 24
-75 -60 -64 24 124 24
-74 -60 -64 24 124 24
-73 -60 -64 24 124 24
-72 -60 -64 24 124 24
-71 -60 -64 24 124 24
-70 -60 -64 24 124 24
-69 -60 -64 24 124 24
-68 -60 -64 24 124 24
-67 -60 -64 24 124 24
-66 -60 -64 24 124 24
-65 -60 -64 24 124 24
-64 -60 -64 24 124 24
-63 -60 -64 24 124 24
-62 -60 -64 24 124 24
-61 -60 -64 24 124 24
-60 -60 -64 24 124 24
-59 -60 -64 24 124 24
-58 -60 -64 24 124 24
-57 -60 -64 24 124 24
-56 -60 -64 24 124 24
-55 -60 -64 24 124 24
-54 -60 -64 24 124 24
-53 -60 -64 24 124 24
-52 -60 -64 24 124 24
-51 -60 -64 24 124 24
-50 -60 -64 24 124 24
-49 -60 -64 24 124 24
-48 -60 -64 24 124 24
-47 -60 -64 24 124 24
-46 -60 -64 24 124 24
-45 -60 -64 24 124 24
-44 -60 -64 24 124 24
-43 -60 -64 24 124 24
-42 -60 -64 24 124 24
-41 -60 -64 24 124 24
-80 -59 -64 24 124 24
-79 -59 -64 24 124 24
-78 -59 -64 24 124 24
-77 -59 -64 24 124 24
-76 -59 -64 24 124 24
-75 -59 -64 24 124 24
-74 -59 -64 24 124 24
-73 -59 -64 24 124 24
-72 -59 -64 24 124 24
-71 -59 -64 24 124 24
-70 -59 -64 24 124 24
-69 -59 -64 24 124 24
-68 -59 -64 24 124 24
-67 -59 -64 24 124 24
-66 -59 -64 24 124 24
-65 -59 -64 24 124 24
-64 -59 -64 24 124 24
-63 -59 -64 24 124 24
-62 -59 -64 24 124 24
-61 -59 -64 24 124 24
-60 -59 -64 24 124 24
-59 -59 -64 24 124 24
-58 -59 -64 24 124 24
-57 -59 -64 24 124 24
-56 -59 -64 24 124 24
-55 -59 -64 24 124 24
-54 -59 -64 24 124 24
-53 -59 -64 24 124 24
-52 -59 -64 24 124 24
-51 -59 -64 24 124 24
-50 -59 -64 24 124 24
-49 -59 -64 24 124 24
-48 -59 -64 24 124 24
-47 -59 -64 24 124 24
-46 -59 -64 24 124 24
-45 -59 -64 24 124 24
-44 -59 -64 24 124 24
-43 -59 -64 24 124 24
-42 -59 -64 24 124 24
-41 -59 -64 24 124 24
-80 -58 -64 24 124 24
-79 -58 -64 24 124 24
-78 -58 -64 24 124 24
-77 -58 -64 24 124 24
-76 -58 -64 24 124 24
-75 -58 -64 24 124 24
-74 -58 -64 24 124 24
-73 -58 -64 24 124 24
-72 -58 -64 24 124 24
-71 -58 -64 24 124 24
-70 -58 -64 24 124 24
-69 -58 -64 24 124 24
-68 -58 -64 24 124 24
-67 -58 -64 24 124 24
-66 -58 -64 24 124 24
-65 -58 -64 24 124 24
-64 -58 -64 24 124 24
-63 -58 -64 24 124 24
-62 -58 -64 24 124 24
-61 -58 -64 24 124 24
-60 -58 -64 24 124 24
-59 -58 -64 24 124 24
-58 -58 -64 24 124 24
-57 -58 -64 24 124 24
-56 -58 -64 24 124 24
-55 -58 -64 24 124 24
-54 -58 -64 24 124 24
-53 -58 -64 24 124 24
-52 -58 -64 24 124 24
-51 -58 -64 24 124 24
-50 -58 -64 24 124 24
-49 -58 -64 24 124 24
-48 -58 -64 24 124 24
-47 -58 -64 24 124 24
-46 -58 -64 24 124 24
-45 -58 -64 24 124 24
-44 -58 -64 24 124 24
-43 -58 -64 24 124 24
-42 -58 -64 24 124 24
-41 -58 -64 24 124 24
-80 -57 -64 24 124 24
-79 -57 -64 24 124 24
-78 -57 -64 24 124 24
-77 -57 -64 24 124 24
-76 -57 -64 24 124 24
-75 -57 -64 24 124 24
-74 -57 -64 24 124 24
-73 -57 -64 24 124 24
-72 -57 -64 24 124 24
-71 -57 -64 24 124 24
-70 -57 -64 24 124 24
-69 -57 -64 24 124 24
-68 -57 -64 24 124 24
-67 -57 -64 24 124 24
-66 -57 -64 24 124 24
-65 -57 -64 24 124 24
-64 -57 -64 24 124 24
-63 -57 -64 24 124 24
-62 -57 -64 24 124 24
-61 -57 -64 24 124 24
-60 -57 -64 24 124 24
-59 -57 -64 24 124 24
-58 -57 -64 24 124 24
-57 -57 -64 24 124 24
-56 -57 -64 24 124 24
-55 -57 -64 24 124 24
-54 -57 -64 24 124 24
-53 -57 -64 24 124 24
-52 -57 -64 24 124 24
-51 -57 -64 24 124 24
-50 -57 -64 24 124 24
-49 -57 -64 24 124 24
-48 -57 -64 24 124 24
-47 -57 -64 24 124 24
-46 -57 -64 24 124 24
-45 -57 -64 24 124 24
-44 -57 -64 24 124 24
-43 -57 -64 24 124 24
-42 -57 -64 24 124 24
-41 -57 -64 24 124 24
-80 -56 -64 24 124 24
-79 -56 -64 24 124 24
-78 -56 -64 24 124 24
-77 -56 -64 24 124 24
-76 -56 -64 24 124 24
-75 -56 -64 24 124 24
-74 -56 -64 24 124 24
-73 -56 -64 24 124 24
-72 -56 -64 24 124 24
-71 -56 -64 24 124 24
-70 -56 -64 24 124 24
-69 -56 -64 24 124 24
-68 -56 -64 24 124 24
-67 -56 -64 24 124 24
-66 -56 -64 24 124 24
-65 -56 -64 24 124 24
-64 -56 -64 24 124 24
-63 -56 -64 24 124 24
-62 -56 -64 24 124 24
-61 -56 -64 24 124 24
-60 -56 -64 24 124 24
-59 -56 -64 24 124 24
-58 -56 -64 24 124 24
-57 -56 -64 24 124 24
-56 -56 -64 24 124 24
-55 -56 -64 24 124 24
-54 -56 -64 24 124 24
-53 -56 -64 24 124 24
-52 -56 -64 24 124 24
-51 -56 -64 24 124 24
-50 -56 -64 24 124 24
-49 -56 -64 24 124 24
-48 -56 -64 24 124 24
-47 -56 -64 24 124 24
-46 -56 -64 24 124 24
-45 -56 -64 24 124 24
-44 -56 -64 24 124 24
-43 -56 -64 24 124 24
-42 -56 -64 24 124 24
-41 -56 -64 24 124 24
-80 -55 -64 24 124 24
-79 -55 -64 24 124 24
-78 -55 -64 24 124 24
-77 -55 -64 24 124 24
-76 -55 -64 24 124 24
-75 -55 -64 24 124 24
-74 -55 -64 24 124 24
-73 -55 -64 24 124 24
-72 -55 -64 24 124 24
-71 -55 -64 24 124 24
-70 -55 -64 24 124 24
-69 -55 -64 24 124 24
-68 -55 -64 24 124 24
-67 -55 -64 24 124 24
-66 -55 -64 24 124 24
-65 -55 -64 24 124 24
-64 -55 -64 24 124 24
-63 -55 -64 24 124 24
-62 -55 -64 24 124 24
-61 -55 -64 24 124 24
-60 -55 -64 24 124 24
-59 -55 -64 24 124 24
-58 -55 -64 24 124 24
-57 -55 -64 24 124 24
-56 -55 -64 24 124 24
-55 -55 -64 24 124 24
-54 -55 -64 24 124 24
-53 -55 -64 24 124 24
-52 -55 -64 24 124 24
-51 -55 -64 24 124 24
-50 -55 -64 24 124 24
-49 -55 -64 24 124 24
-48 -55 -64 24 124 24
-47 -55 -64 24 124 24
-46 -55 -64 24 124 24
-45 -55 -64 24 124 24
-44 -55 -64 24 124 24
-43 -55 -64 24 124 24
-42 -55 -64 24 124 24
-41 -55 -64 24 124 24
-80 -54 -64 24 124 24
-79 -54 -64 24 124 24
-78 -54 -64 24 124 24
-77 -54 -64 24 124 24
-76 -54 -64 24 124 24
-75 -54 -64 24 124 24
-74 -54 -64 24 124 24
-73 -54 -64 24 124 24
-72 -54 -64 24 124 24
-71 -54 -64 24 124 24
-70 -54 -64 24 124 24
-69 -54 -64 24 124 24
-68 -54 -64 24 124 24
-67 -54 -64 24 124 24
-66 -54 -64 24 124 24
-65 -54 -64 24 124 24
-64 -54 -64 24 124 24
-63 -54 -64 24 124 24
-62 -54 -64 24 124 24
-61 -54 -64 24 124 24
-60 -54 -64 24 124 24
-59 -54 -64 24 124 24
-58 -54 -64 24 124 24
-57 -54 -64 24 124 24
-56 -54 -64 24 124 24
-55 -54 -64 24 124 24
-54 -54 -64 24 124 24
-53 -54 -64 24 124 24
-52 -54 -64 24 124 24
-51 -54 -64 24 124 24
-50 -54 -64 24 124 24
-49 -54 -64 24 124 24
-48 -54 -64 24 124 24
-47 -54 -64 24 124 24
-46 -54 -64 24 124 24
-45 -54 -64 24 124 24
-44 -54 -64 24 124 24
-43 -54 -64 24 124 24
-42 -54 -64 24 124 24
-41 -54 -64 24 124 24
-80 -53 -64 24 124 24
-79 -53 -64 24 124 24
-78 -53 -64 24 124 24
-77 -53 -64 24 124 24
-76 -53 -64 24 124 24
-75 -53 -64 24 124 24
-74 -53 -64 24 124 24
-73 -53 -64 24 124 24
-72 -53 -64 24 124 24
-71 -53 -64 24 124 24
-70 -53 -64 24 124 24
-69 -53 -64 24 124 24
-68 -53 -64 24 124 24
-67 -53 -64 24 124 24
-66 -53 -64 24 124 24
-65 -53 -64 24 124 24
-64 -53 -64 24 124 24
-63 -53 -64 24 124 24
-62 -53 -64 24 124 24
-61 -53 -64 24 124 24
-60 -53 -64 24 124 24
-59 -53 -64 24 124 24
-58 -53 -64 24 124 24
-57 -53 -64 24 124 24
-56 -53 -64 24 124 24
-55 -53 -64 24 124 24
-54 -53 -64 24 124 24
-53 -53 -64 24 124 24
-52 -53 -64 24 124 24
-51 -53 -64 24 124 24
-50 -53 -64 24 124 24
-49 -53 -64 24 124 24
-48 -53 -64 24 124 24
-47 -53 -64 24 124 24
-46 -53 -64 24 124 24
-45 -53 -64 24 124 24
-44 -53 -64 24 124 24
-43 -53 -64 24 124 24
-42 -53 -64 24 124 24
-41 -53 -64 24 124 24
-80 -52 -64 24 124 24
-79 -52 -64 24 124 24
-78 -52 -64 24 124 24
-77 -52 -64 24 124 24
-76 -52 -64 24 124 24
-75 -52 -64 24 124 24
-74 -52 -64 24 124 24
-73 -52 -64 24 124 24
-72 -52 -64 24 124 24
-71 -52 -64 24 124 24
-70 -52 -64 24 124 24
-69 -52 -64 24 124 24
-68 -52 -64 24 124 24
-67 -52 -64 24 124 24
-66 -52 -64 24 124 24
-65 -52 -64 24 124 24
-64 -52 -64 24 124 24
-63 -52 -64 24 124 24
-62 -52 -64 24 124 24
-61 -52 -64 24 124 24
-60 -52 -64 24 124 24
-59 -52 -64 24 124 24
-58 -52 -64 24 124 24
-57 -52 -64 24 124 24
-56 -52 -64 24 124 24
-55 -52 -64 24 124 24
-54 -52 -64 24 124 24
-53 -52 -64 24 124 24
-52 -52 -64 24 124 24
-51 -52 -64 24 124 24
-50 -52 -64 24 124 24
-49 -52 -64 24 124 24
-48 -52 -64 24 124 24
-47 -52 -64 24 124 24
-46 -52 -64 24 124 24
-45 -52 -64 24 124 24
-44 -52 -64 24 124 24
-43 -52 -64 24 124 24
-42 -52 -64 24 124 24
-41 -52 -64 24 124 24
-80 -51 -64 24 124 24
-79 -51 -64 24 124 24
-78 -51 -64 24 124 24
-77 -51 -64 24 124 24
-76 -51 -64 24 124 24
-75 -51 -64 24 124 24
-74 -51 -64 24 124 24
-73 -51 -64 24 124 24
-72 -51 -64 24 124 24
-71 -51 -64 24 124 24
-70 -51 -64 24 124 24
-69 -51 -64 24 124 24
-68 -51 -64 24 124 24
-67 -51 -64 24 124 24
-66 -51 -64 24 124 24
-65 -51 -64 24 124 24
-64 -51 -64 24 124 24
-63 -51 -64 24 124 24
-62 -51 -64 24 124 24
-61 -51 -64 24 124 24
-60 -51 -64 24 124 24
-59 -51 -64 24 124 24
-58 -51 -64 24 124 24
-57 -51 -64 24 124 24
-56 -51 -64 24 124 24
-55 -51 -64 24 124 24
-54 -51 -64 24 124 24
-53 -51 -64 24 124 24
-52 -51 -64 24 124 24
-51 -51 -64 24 124 24
-50 -51 -64 24 124 24
-49 -51 -64 24 124 24
-48 -51 -64 24 124 24
-47 -51 -64 24 124 24
-46 -51 -64 24 124 24
-45 -51 -64 24 124 24
-44 -51 -64 24 124 24
-43 -51 -64 24 124 24
-42 -51 -64 24 124 24
-41 -51 -64 24 124 24
-80 -50 -64 24 124 24
-79 -50 -64 24 124 24
-78 -50 -64 24 124 24
-77 -50 -64 24 124 24
-76 -50 -64 24 124 24
-75 -50 -64 24 124 24
-74 -50 -64 24 124 24
-73 -50 -64 24 124 24
-72 -50 -64 24 124 24
-71 -50 -64 24 124 24
-70 -50 -64 24 124 24
-69 -50 -64 24 124 24
-68 -50 -64 24 124 24
-67 -50 -64 24 124 24
-66 -50 -64 24 124 24
-65 -50 -64 24 124 24
-64 -50 -64 24 124 24
-63 -50 -64 24 124 24
-62 -50 -64 24 124 24
-61 -50 -64 24 124 24
-60 -50 -64 24 124 24
-59 -50 -64 24 124 24
-58 -50 -64 24 124 24
-57 -50 -64 24 124 24
-56 -50 -64 24 124 24
-55 -50 -64 24 124 24
-54 -50 -64 24 124 24
-53 -50 -64 24 124 24
-52 -50 -64 24 124 24
-51 -50 -64 24 124 24
-50 -50 -64 24 124 24
-49 -50 -64 24 124 24
-48 -50 -64 24 124 24
-47 -50 -64 24 124 24
-46 -50 -64 24 124 24
-45 -50 -64 24 124 24
-44 -50 -64 24 124 24
-43 -50 -64 24 124 24
-42 -50 -64 24 124 24
-41 -50 -64 24 124 24
-80 -49 -64 24 124 24
-79 -49 -64 24 124 24
-78 -49 -64 24 124 24
-77 -49 -64 24 124 24
-76 -49 -64 24 124 24
-75 -49 -64 24 124 24
-74 -49 -64 24 124 24
-73 -49 -64 24 124 24
-72 -49 -64 24 124 24
-71 -49 -64 24 124 24
-70 -49 -64 24 124 24
-69 -49 -64 24 124 24
-68 -49 -64 24 124 24
-67 -49 -64 24 124 24
-66 -49 -64 24 124 24
-65 -49 -64 24 124 24
-64 -49 -64 24 124 24
-63 -49 -64 24 124 24
-62 -49 -64 24 124 24
-61 -49 -64 24 124 24
-60 -49 -64 24 124 24
-59 -49 -64 24 124 24
-58 -49 -64 24 124 24
-57 -49 -64 24 124 24
-56 -49 -64 24 124 24
-55 -49 -64 24 124 24
-54 -49 -64 24 124 24
-53 -49 -64 24 124 24
-52 -49 -64 24 124 24
-51 -49 -64 24 124 24
-50 -49 -64 24 124 24
-49 -49 -64 24 124 24
-48 -49 -64 24 124 24
-47 -49 -64 24 124 24
-46 -49 -64 24 124 24
-45 -49 -64 24 124 24
-44 -49 -64 24 124 24
-43 -49 -64 24 124 24
-42 -49 -64 24 124 24
-41 -49 -64 24 124 24
-80 -48 -64 24 124 24
-79 -48 -64 24 124 24
-78 -48 -64 24 124 24
-77 -48 -64 24 124 24
-76 -48 -64 24 124 24
-75 -48 -64 24 124 24
-74 -48 -64 24 124 24
-73 -48 -64 24 124 24
-72 -48 -64 24 124 24
-71 -48 -64 24 124 24
-70 -48 -64 24 124 24
-69 -48 -64 24 124 24
-68 -48 -64 24 124 24
-67 -48 -64 24 124 24
-66 -48 -64 24 124 24
-65 -48 -64 24 124 24
-64 -48 -64 24 124 24
-63 -48 -64 24 124 24
-62 -48 -64 24 124 24
-61 -48 -64 24 124 24
-60 -48 -64 24 124 24
-59 -48 -64 24 124 24
-58 -48 -64 24 124 24
-57 -48 -64 24 124 24
-56 -48 -64 24 124 24
-55 -48 -64 24 124 24
-54 -48 -64 24 124 24
-53 -48 -64 24 124 24
-52 -48 -64 24 124 24
-51 -48 -64 24 124 24
-50 -48 -64 24 124 24
-49 -48 -64 24 124 24
-48 -48 -64 24 124 24
-47 -48 -64 24 124 24
-46 -48 -64 24 124 24
-45 -48 -64 24 124 24
-44 -48 -64 24 124 24
-43 -48 -64 24 124 24
-42 -48 -64 24 124 24
-41 -48 -64 24 124 24
-80 -47 -64 24 124 24
-79 -47 -64 24 124 24
-78 -47 -64 24 124 24
-77 -47 -64 24 124 24
-76 -47 -64 24 124 24
-75 -47 -64 24 124 24
-74 -47 -64 24 124 24
-73 -47 -64 24 124 24
-72 -47 -64 24 124 24
-71 -47 -64 24 124 24
-70 -47 -64 24 124 24
-69 -47 -64 24 124 24
-68 -47 -64 24 124 24
-67 -47 -64 24 124 24
-66 -47 -64 24 124 24
-65 -47 -64 24 124 24
-64 -47 -64 24 124 24
-63 -47 -64 24 124 24
-62 -47 -64 24 124 24
-61 -47 -64 24 124 24
-60 -47 -64 24 124 24
-59 -47 -64 24 124 24
-58 -47 -64 24 124 24
-57 -47 -64 24 124 24
-56 -47 -64 24 124 24
-55 -47 -64 24 124 24
-54 -47 -64 24 124 24
-53 -47 -64 24 124 24
-52 -47 -64 24 124 24
-51 -47 -64 24 124 24
-50 -47 -64 24 124 24
-49 -47 -64 24 124 24
-48 -47 -64 24 124 24
-47 -47 -64 24 124 24
-46 -47 -64 24 124 24
-45 -47 -64 24 124 24
-44 -47 -64 24 124 24
-43 -47 -64 24 124 24
-42 -47 -64 24 124 24
-41 -47 -64 24 124 24
-80 -46 -64 24 124 24
-79 -46 -64 24 124 24
-78 -46 -64 24 124 24
-77 -46 -64 24 124 24
-76 -46 -64 24 124 24
-75 -46 -64 24 124 24
-74 -46 -64 24 124 24
-73 -46 -64 24 124 24
-72 -46 -64 24 124 24
-71 -46 -64 24 124 24
-70 -46 -64 24 124 24
-69 -46 -64 24 124 24
-68 -46 -64 24 124 24
-67 -46 -64 24 124 24
-66 -46 -64 24 124 24
-65 -46 -64 24 124 24
-64 -46 -64 24 124 24
-63 -46 -64 24 124 24
-62 -46 -64 24 124 24
-61 -46 -64 24 124 24
-60 -46 -64 24 124 24
-59 -46 -64 24 124 24
-58 -46 -64 24 124 24
-57 -46 -64 24 124 24
-56 -46 -64 24 124 24
-55 -46 -64 24 124 24
-54 -46 -64 24 124 24
-53 -46 -64 24 124 24
-52 -46 -64 24 124 24
-51 -46 -64 24 124 24
-50 -46 -64 24 124 24
-49 -46 -64 24 124 24
-48 -46 -64 24 124 24
-47 -46 -64 24 124 24
-46 -46 -64 24 124 24
-45 -46 -64 24 124 24
-44 -46 -64 24 124 24
-43 -46 -64 24 124 24
-42 -46 -64 24 124 24
-41 -46 -64 24 124 24
-80 -45 -64 24 124 24
-79 -45 -64 24 124 24
-78 -45 -64 24 124 24
-77 -45 -64 24 124 24
-76 -45 -64 24 124 24
-75 -45 -64 24 124 24
-74 -45 -64 24 124 24
-73 -45 -64 24 124 24
-72 -45 -64 24 124 24
-71 -45 -64 24 124 24
-70 -45 -64 24 124 24
-69 -45 -64 24 124 24
-68 -45 -64 24 124 24
-67 -45 -64 24 124 24
-66 -45 -64 24 124 24
-65 -45 -64 24 124 24
-64 -45 -64 24 124 24
-63 -45 -64 24 124 24
-62 -45 -64 24 124 24
-61 -45 -64 24 124 24
-60 -45 -64 24 124 24
-59 -45 -64 24 124 24
-58 -45 -64 24 124 24
-57 -45 -64 24 124 24
-56 -45 -64 24 124 24
-55 -45 -64 24 124 24
-54 -45 -64 24 124 24
-53 -45 -64 24 124 24
-52 -45 -64 24 124 24
-51 -45 -64 24 124 24
-50 -45 -64 24 124 24
-49 -45 -64 24 124 24
-48 -45 -64 24 124 24
-47 -45 -64 24 124 24
-46 -45 -64 24 124 24
-45 -45 -64 24 124 24
-44 -45 -64 24 124 24
-43 -45 -64 24 124 24
-42 -45 -64 24 124 24
-41 -45 -64 24 124 24
-54 -80 -63 102 51 0
-53 -80 -63 102 51 0
-51 -80 -63 102 51 0
-55 -79 -63 102 51 0
-54 -79 -63 102 51 0
-53 -79 -63 102 51 0
-52 -79 -63 102 51 0
-51 -79 -63 102 51 0
-74 -78 -63 102 51 0
-73 -78 -63 102 51 0
-54 -78 -63 102 51 0
-53 -78 -63 102 51 0
-52 -78 -63 102 51 0
-74 -77 -63 102 51 0
-73 -77 -63 102 51 0
-53 -77 -63 102 51 0
-52 -77 -63 102 51 0
-53 -76 -63 102 51 0
-64 -70 -63 102 51 0
-62 -70 -63 102 51 0
-68 -69 -63 102 51 0
-65 -69 -63 102 51 0
-63 -69 -63 102 51 0
-62 -69 -63 102 51 0
-61 -69 -63 102 51 0
-60 -69 -63 102 51 0
-67 -68 -63 102 51 0
-66 -68 -63 102 51 0
-65 -68 -63 102 51 0
-64 -68 -63 102 51 0
-63 -68 -63 102 51 0
-62 -68 -63 102 51 0
-61 -68 -63 102 51 0
-60 -68 -63 102 51 0
-74 -67 -63 102 51 0
-67 -67 -63 102 51 0
-66 -67 -63 102 51 0
-65 -67 -63 102 51 0
-64 -67 -63 102 51 0
-63 -67 -63 102 51 0
-62 -67 -63 102 51 0
-61 -67 -63 102 51 0
-60 -67 -63 102 51 0
-59 -67 -63 102 51 0
-67 -66 -63 102 51 0
-66 -66 -63 102 51 0
-65 -66 -63 102 51 0
-64 -66 -63 102 51 0
-63 -66 -63 102 51 0
-62 -66 -63 102 51 0
-61 -66 -63 102 51 0
-60 -66 -63 102 51 0
-67 -65 -63 102 51 0
-66 -65 -63 102 51 0
-65 -65 -63 102 51 0
-64 -65 -63 102 51 0
-63 -65 -63 102 51 0
-62 -65 -63 102 51 0
-61 -65 -63 102 51 0
-60 -65 -63 102 51 0
-59 -65 -63 102 51 0
-66 -64 -63 102 51 0
-65 -64 -63 102 51 0
-64 -64 -63 102 51 0
-63 -64 -63 102 51 0
-62 -64 -63 102 51 0
-61 -64 -63 102 51 0
-60 -64 -63 102 51 0
-59 -64 -63 102 51 0
-67 -63 -63 102 51 0
-66 -63 -63 102 51 0
-65 -63 -63 102 51 0
-64 -63 -63 102 51 0
-63 -63 -63 102 51 0
-62 -63 -63 102 51 0
-61 -63 -63 102 51 0
-60 -63 -63 102 51 0
-59 -63 -63 102 51 0
-47 -63 -63 102 51 0
-66 -62 -63 102 51 0
-65 -62 -63 102 51 0
-64 -62 -63 102 51 0
-63 -62 -63 102 51 0
-62 -62 -63 102 51 0
-61 -62 -63 102 51 0
-60 -62 -63 102 51 0
-59 -62 -63 102 51 0
-66 -61 -63 102 51 0
-65 -61 -63 102 51 0
-64 -61 -63 102 51 0
-63 -61 -63 102 51 0
-61 -61 -63 102 51 0
-58 -61 -63 102 51 0
-64 -60 -63 102 51 0
-62 -60 -63 102 51 0
-73 -54 -63 102 51 0
-74 -53 -63 102 51 0
-73 -53 -63 102 51 0
-53 -53 -63 102 51 0
-52 -53 -63 102 51 0
-74 -52 -63 102 51 0
-73 -52 -63 102 51 0
-72 -52 -63 102 51 0
-53 -52 -63 102 51 0
-52 -52 -63 102 51 0
-75 -51 -63 102 51 0
-74 -51 -63 102 51 0
-73 -51 -63 102 51 0
-72 -51 -63 102 51 0
-71 -51 -63 102 51 0
-75 -50 -63 102 51 0
-73 -50 -63 102 51 0
-72 -50 -63 102 51 0
-52 -80 -62 102 51 0
-54 -79 -62 102 51 0
-53 -79 -62 102 51 0
-52 -79 -62 102 51 0
-51 -79 -62 102 51 0
-50 -79 -62 102 51 0
-74 -78 -62 102 51 0
-73 -78 -62 102 51 0
-53 -78 -62 102 51 0
-52 -78 -62 102 51 0
-74 -77 -62 102 51 0
-73 -77 -62 102 51 0
-53 -77 -62 102 51 0
-63 -69 -62 102 51 0
-62 -69 -62 102 51 0
-61 -69 -62 102 51 0
-67 -68 -62 102 51 0
-63 -68 -62 102 51 0
-62 -68 -62 102 51 0
-61 -68 -62 102 51 0
-74 -67 -62 102 51 0
-66 -67 -62 102 51 0
-65 -67 -62 102 51 0
-64 -67 -62 102 51 0
-63 -67 -62 102 51 0
-62 -67 -62 102 51 0
-61 -67 -62 102 51 0
-60 -67 -62 102 51 0
-59 -67 -62 102 51 0
-66 -66 -62 102 51 0
-65 -66 -62 102 51 0
-64 -66 -62 102 51 0
-63 -66 -62 102 51 0
-62 -66 -62 102 51 0
-61 -66 -62 102 51 0
-60 -66 -62 102 51 0
-59 -66 -62 102 51 0
-66 -65 -62 102 51 0
-65 -65 -62 102 51 0
-64 -65 -62 102 51 0
-63 -65 -62 102 51 0
-62 -65 -62 102 51 0
-61 -65 -62 102 51 0
-60 -65 -62 102 51 0
-67 -64 -62 102 51 0
-66 -64 -62 102 51 0
-65 -64 -62 102 51 0
-64 -64 -62 102 51 0
-63 -64 -62 102 51 0
-62 -64 -62 102 51 0
-61 -64 -62 102 51 0
-60 -64 -62 102 51 0
-67 -63 -62 102 51 0
-66 -63 -62 102 51 0
-65 -63 -62 102 51 0
-64 -63 -62 102 51 0
-63 -63 -62 102 51 0
-62 -63 -62 102 51 0
-61 -63 -62 102 51 0
-60 -63 -62 102 51 0
-47 -63 -62 102 51 0
-65 -62 -62 102 51 0
-64 -62 -62 102 51 0
-63 -62 -62 102 51 0
-59 -62 -62 102 51 0
-65 -61 -62 102 51 0
-64 -61 -62 102 51 0
-63 -61 -62 102 51 0
-73 -53 -62 102 51 0
-53 -53 -62 102 51 0
-52 -53 -62 102 51 0
-74 -52 -62 102 51 0
-73 -52 -62 102 51 0
-53 -52 -62 102 51 0
-52 -52 -62 102 51 0
-76 -51 -62 102 51 0
-75 -51 -62 102 51 0
-74 -51 -62 102 51 0
-73 -51 -62 102 51 0
-72 -51 -62 102 51 0
-74 -50 -62 102 51 0
-53 -79 -61 102 51 0
-52 -79 -61 102 51 0
-74 -78 -61 102 51 0
-73 -78 -61 102 51 0
-53 -78 -61 102 51 0
-52 -78 -61 102 51 0
-74 -77 -61 102 51 0
-73 -77 -61 102 51 0
-61 -69 -61 102 51 0
-64 -68 -61 102 51 0
-62 -68 -61 102 51 0
-74 -67 -61 102 51 0
-66 -67 -61 102 51 0
-65 -67 -61 102 51 0
-64 -67 -61 102 51 0
-63 -67 -61 102 51 0
-62 -67 -61 102 51 0
-61 -67 -61 102 51 0
-60 -67 -61 102 51 0
-65 -66 -61 102 51 0
-64 -66 -61 102 51 0
-63 -66 -61 102 51 0
-62 -66 -61 102 51 0
-61 -66 -61 102 51 0
-60 -66 -61 102 51 0
-65 -65 -61 102 51 0
-64 -65 -61 102 51 0
-63 -65 -61 102 51 0
-62 -65 -61 102 51 0
-61 -65 -61 102 51 0
-66 -64 -61 102 51 0
-65 -64 -61 102 51 0
-64 -64 -61 102 51 0
-63 -64 -61 102 51 0
-62 -64 -61 102 51 0
-61 -64 -61 102 51 0
-66 -63 -61 102 51 0
-65 -63 -61 102 51 0
-64 -63 -61 102 51 0
-63 -63 -61 102 51 0
-62 -63 -61 102 51 0
-61 -63 -61 102 51 0
-60 -63 -61 102 51 0
-47 -63 -61 102 51 0
-64 -62 -61 102 51 0
-62 -62 -61 102 51 0
-65 -61 -61 102 51 0
-53 -53 -61 102 51 0
-52 -53 -61 102 51 0
-74 -52 -61 102 51 0
-73 -52 -61 102 51 0
-53 -52 -61 102 51 0
-52 -52 -61 102 51 0
-74 -51 -61 102 51 0
-73 -51 -61 102 51 0
-53 -79 -60 102 51 0
-52 -79 -60 102 51 0
-74 -78 -60 102 51 0
-73 -78 -60 102 51 0
-53 -78 -60 102 51 0
-52 -78 -60 102 51 0
-74 -77 -60 102 51 0
-73 -77 -60 102 51 0
-74 -67 -60 102 51 0
-65 -67 -60 102 51 0
-64 -67 -60 102 51 0
-63 -67 -60 102 51 0
-62 -67 -60 102 51 0
-61 -67 -60 102 51 0
-65 -66 -60 102 51 0
-64 -66 -60 102 51 0
-63 -66 -60 102 51 0
-62 -66 -60 102 51 0
-61 -66 -60 102 51 0
-65 -65 -60 102 51 0
-64 -65 -60 102 51 0
-63 -65 -60 102 51 0
-62 -65 -60 102 51 0
-61 -65 -60 102 51 0
-65 -64 -60 102 51 0
-64 -64 -60 102 51 0
-63 -64 -60 102 51 0
-62 -64 -60 102 51 0
-61 -64 -60 102 51 0
-65 -63 -60 102 51 0
-64 -63 -60 102 51 0
-63 -63 -60 102 51 0
-62 -63 -60 102 51 0
-61 -63 -60 102 51 0
-47 -63 -60 102 51 0
-53 -53 -60 102 51 0
-52 -53 -60 102 51 0
-74 -52 -60 102 51 0
-73 -52 -60 102 51 0
-53 -52 -60 102 51 0
-52 -52 -60 102 51 0
-74 -51 -60 102 51 0
-73 -51 -60 102 51 0
-53 -79 -59 102 51 0
-52 -79 -59 102 51 0
-74 -78 -59 102 51 0
-73 -78 -59 102 51 0
-53 -78 -59 102 51 0
-52 -78 -59 102 51 0
-74 -77 -59 102 51 0
-73 -77 -59 102 51 0
-74 -67 -59 102 51 0
-65 -67 -59 102 51 0
-64 -67 -59 102 51 0
-63 -67 -59 102 51 0
-62 -67 -59 102 51 0
-61 -67 -59 102 51 0
-65 -66 -59 102 51 0
-64 -66 -59 102 51 0
-63 -66 -59 102 51 0
-62 -66 -59 102 51 0
-61 -66 -59 102 51 0
-65 -65 -59 102 51 0
-64 -65 -59 102 51 0
-63 -65 -59 102 51 0
-62 -65 -59 102 51 0
-61 -65 -59 102 51 0
-65 -64 -59 102 51 0
-64 -64 -59 102 51 0
-63 -64 -59 102 51 0
-62 -64 -59 102 51 0
-61 -64 -59 102 51 0
-65 -63 -59 102 51 0
-64 -63 -59 102 51 0
-63 -63 -59 102 51 0
-62 -63 -59 102 51 0
-61 -63 -59 102 51 0
-47 -63 -59 102 51 0
-53 -53 -59 102 51 0
-52 -53 -59 102 51 0
-74 -52 -59 102 51 0
-73 -52 -59 102 51 0
-53 -52 -59 102 51 0
-52 -52 -59 102 51 0
-74 -51 -59 102 51 0
-73 -51 -59 102 51 0
-53 -79 -58 102 51 0
-52 -79 -58 102 51 0
-74 -78 -58 102 51 0
-73 -78 -58 102 51 0
-53 -78 -58 102 51 0
-52 -78 -58 102 51 0
-74 -77 -58 102 51 0
-73 -77 -58 102 51 0
-74 -70 -58 0 83 0
-75 -69 -58 0 83 0
-74 -69 -58 0 83 0
-73 -69 -58 0 83 0
-76 -68 -58 0 83 0
-75 -68 -58 0 83 0
-74 -68 -58 0 83 0
-73 -68 -58 0 83 0
-72 -68 -58 0 83 0
-77 -67 -58 0 83 0
-76 -67 -58 0 83 0
-75 -67 -58 0 83 0
-74 -67 -58 0 83 0
-73 -67 -58 0 83 0
-72 -67 -58 0 83 0
-71 -67 -58 0 83 0
-65 -67 -58 102 51 0
-64 -67 -58 102 51 0
-63 -67 -58 102 51 0
-62 -67 -58 102 51 0
-61 -67 -58 102 51 0
-76 -66 -58 0 83 0
-75 -66 -58 0 83 0
-74 -66 -58 0 83 0
-73 -66 -58 0 83 0
-72 -66 -58 0 83 0
-65 -66 -58 102 51 0
-64 -66 -58 102 51 0
-63 -66 -58 102 51 0
-62 -66 -58 102 51 0
-61 -66 -58 102 51 0
-47 -66 -58 0 83 0
-75 -65 -58 0 83 0
-74 -65 -58 0 83 0
-73 -65 -58 0 83 0
-65 -65 -58 102 51 0
-64 -65 -58 102 51 0
-63 -65 -58 102 51 0
-62 -65 -58 102 51 0
-61 -65 -58 102 51 0
-48 -65 -58 0 83 0
-47 -65 -58 0 83 0
-46 -65 -58 0 83 0
-74 -64 -58 0 83 0
-65 -64 -58 102 51 0
-64 -64 -58 102 51 0
-63 -64 -58 102 51 0
-62 -64 -58 102 51 0
-61 -64 -58 102 51 0
-49 -64 -58 0 83 0
-48 -64 -58 0 83 0
-47 -64 -58 0 83 0
-46 -64 -58 0 83 0
-45 -64 -58 0 83 0
-65 -63 -58 102 51 0
-64 -63 -58 102 51 0
-63 -63 -58 102 51 0
-62 -63 -58 102 51 0
-61 -63 -58 102 51 0
-50 -63 -58 0 83 0
-49 -63 -58 0 83 0
-48 -63 -58 0 83 0
-47 -63 -58 0 83 0
-46 -63 -58 0 83 0
-45 -63 -58 0 83 0
-44 -63 -58 0 83 0
-49 -62 -58 0 83 0
-48 -62 -58 0 83 0
-47 -62 -58 0 83 0
-46 -62 -58 0 83 0
-45 -62 -58 0 83 0
-48 -61 -58 0 83 0
-47 -61 -58 0 83 0
-46 -61 -58 0 83 0
-47 -60 -58 0 83 0
-53 -53 -58 102 51 0
-52 -53 -58 102 51 0
-74 -52 -58 102 51 0
-73 -52 -58 102 51 0
-53 -52 -58 102 51 0
-52 -52 -58 102 51 0
-74 -51 -58 102 51 0
-73 -51 -58 102 51 0
-53 -79 -57 102 51 0
-52 -79 -57 102 51 0
-74 -78 -57 102 51 0
-73 -78 -57 102 51 0
-53 -78 -57 102 51 0
-52 -78 -57 102 51 0
-74 -77 -57 102 51 0
-73 -77 -57 102 51 0
-74 -69 -57 0 83 0
-75 -68 -57 0 83 0
-74 -68 -57 0 83 0
-73 -68 -57 0 83 0
-76 -67 -57 0 83 0
-75 -67 -57 0 83 0
-74 -67 -57 0 83 0
-73 -67 -57 0 83 0
-72 -67 -57 0 83 0
-65 -67 -57 102 51 0
-64 -67 -57 102 51 0
-63 -67 -57 102 51 0
-62 -67 -57 102 51 0
-61 -67 -57 102 51 0
-75 -66 -57 0 83 0
-74 -66 -57 0 83 0
-73 -66 -57 0 83 0
-65 -66 -57 102 51 0
-64 -66 -57 102 51 0
-63 -66 -57 102 51 0
-62 -66 -57 102 51 0
-61 -66 -57 102 51 0
-74 -65 -57 0 83 0
-65 -65 -57 102 51 0
-64 -65 -57 102 51 0
-63 -65 -57 102 51 0
-62 -65 -57 102 51 0
-61 -65 -57 102 51 0
-47 -65 -57 0 83 0
-65 -64 -57 102 51 0
-64 -64 -57 102 51 0
-63 -64 -57 102 51 0
-62 -64 -57 102 51 0
-61 -64 -57 102 51 0
-48 -64 -57 0 83 0
-47 -64 -57 0 83 0
-46 -64 -57 0 83 0
-65 -63 -57 102 51 0
-64 -63 -57 102 51 0
-63 -63 -57 102 51 0
-62 -63 -57 102 51 0
-61 -63 -57 102 51 0
-49 -63 -57 0 83 0
-48 -63 -57 0 83 0
-47 -63 -57 0 83 0
-46 -63 -57 0 83 0
-45 -63 -57 0 83 0
-48 -62 -57 0 83 0
-47 -62 -57 0 83 0
-46 -62 -57 0 83 0
-47 -61 -57 0 83 0
-53 -53 -57 102 51 0
-52 -53 -57 102 51 0
-74 -52 -57 102 51 0
-73 -52 -57 102 51 0
-53 -52 -57 102 51 0
-52 -52 -57 102 51 0
-74 -51 -57 102 51 0
-73 -51 -57 102 51 0
-75 -81 -56 0 83 0
-73 -81 -56 0 83 0
-72 -81 -56 0 83 0
-75 -80 -56 0 83 0
-73 -80 -56 0 83 0
-72 -80 -56 0 83 0
-75 -79 -56 0 83 0
-73 -79 -56 0 83 0
-72 -79 -56 0 83 0
-71 -79 -56 0 83 0
-53 -79 -56 102 51 0
-52 -79 -56 102 51 0
-77 -78 -56 0 83 0
-76 -78 -56 0 83 0
-75 -78 -56 0 83 0
-74 -78 -56 102 51 0
-73 -78 -56 102 51 0
-72 -78 -56 0 83 0
-71 -78 -56 0 83 0
-53 -78 -56 102 51 0
-52 -78 -56 102 51 0
-77 -77 -56 0 83 0
-76 -77 -56 0 83 0
-74 -77 -56 102 51 0
-73 -77 -56 102 51 0
-72 -77 -56 0 83 0
-71 -77 -56 0 83 0
-77 -76 -56 0 83 0
-76 -76 -56 0 83 0
-77 -75 -56 0 83 0
-76 -75 -56 0 83 0
-74 -68 -56 0 83 0
-75 -67 -56 0 83 0
-74 -67 -56 0 83 0
-73 -67 -56 0 83 0
-65 -67 -56 102 51 0
-64 -67 -56 102 51 0
-63 -67 -56 102 51 0
-62 -67 -56 102 51 0
-61 -67 -56 102 51 0
-74 -66 -56 0 83 0
-65 -66 -56 102 51 0
-64 -66 -56 102 51 0
-63 -66 -56 102 51 0
-62 -66 -56 102 51 0
-61 -66 -56 102 51 0
-65 -65 -56 102 51 0
-64 -65 -56 102 51 0
-63 -65 -56 102 51 0
-62 -65 -56 102 51 0
-61 -65 -56 102 51 0
-47 -65 -56 0 83 0
-65 -64 -56 102 51 0
-64 -64 -56 102 51 0
-63 -64 -56 102 51 0
-62 -64 -56 102 51 0
-61 -64 -56 102 51 0
-48 -64 -56 0 83 0
-47 -64 -56 0 83 0
-46 -64 -56 0 83 0
-65 -63 -56 102 51 0
-64 -63 -56 102 51 0
-63 -63 -56 102 51 0
-62 -63 -56 102 51 0
-61 -63 -56 102 51 0
-49 -63 -56 0 83 0
-48 -63 -56 0 83 0
-47 -63 -56 0 83 0
-46 -63 -56 0 83 0
-45 -63 -56 0 83 0
-48 -62 -56 0 83 0
-47 -62 -56 0 83 0
-46 -62 -56 0 83 0
-47 -61 -56 0 83 0
-50 -55 -56 0 83 0
-49 -55 -56 0 83 0
-50 -54 -56 0 83 0
-49 -54 -56 0 83 0
-55 -53 -56 0 83 0
-54 -53 -56 0 83 0
-53 -53 -56 102 51 0
-52 -53 -56 102 51 0
-50 -53 -56 0 83 0
-49 -53 -56 0 83 0
-74 -52 -56 102 51 0
-73 -52 -56 102 51 0
-55 -52 -56 0 83 0
-54 -52 -56 0 83 0
-53 -52 -56 102 51 0
-52 -52 -56 102 51 0
-51 -52 -56 0 83 0
-50 -52 -56 0 83 0
-49 -52 -56 0 83 0
-74 -51 -56 102 51 0
-73 -51 -56 102 51 0
-55 -51 -56 0 83 0
-54 -51 -56 0 83 0
-53 -51 -56 0 83 0
-51 -51 -56 0 83 0
-54 -50 -56 0 83 0
-53 -50 -56 0 83 0
-51 -50 -56 0 83 0
-54 -49 -56 0 83 0
-53 -49 -56 0 83 0
-51 -49 -56 0 83 0
-75 -81 -55 0 83 0
-73 -81 -55 0 83 0
-72 -81 -55 0 83 0
-75 -80 -55 0 83 0
-74 -80 -55 0 83 0
-73 -80 -55 0 83 0
-72 -80 -55 0 83 0
-75 -79 -55 0 83 0
-74 -79 -55 0 83 0
-73 -79 -55 0 83 0
-53 -79 -55 102 51 0
-52 -79 -55 102 51 0
-77 -78 -55 0 83 0
-76 -78 -55 0 83 0
-75 -78 -55 0 83 0
-74 -78 -55 0 83 0
-73 -78 -55 0 83 0
-53 -78 -55 102 51 0
-52 -78 -55 102 51 0
-77 -77 -55 0 83 0
-76 -77 -55 0 83 0
-74 -77 -55 0 83 0
-73 -77 -55 0 83 0
-71 -77 -55 0 83 0
-77 -76 -55 0 83 0
-76 -76 -55 0 83 0
-75 -76 -55 0 83 0
-74 -76 -55 0 83 0
-73 -76 -55 0 83 0
-77 -75 -55 0 83 0
-76 -75 -55 0 83 0
-75 -75 -55 0 83 0
-74 -75 -55 0 83 0
-73 -75 -55 0 83 0
-74 -67 -55 0 83 0
-65 -67 -55 102 51 0
-64 -67 -55 102 51 0
-63 -67 -55 102 51 0
-62 -67 -55 102 51 0
-61 -67 -55 102 51 0
-65 -66 -55 102 51 0
-64 -66 -55 102 51 0
-63 -66 -55 102 51 0
-62 -66 -55 102 51 0
-61 -66 -55 102 51 0
-65 -65 -55 102 51 0
-64 -65 -55 102 51 0
-63 -65 -55 102 51 0
-62 -65 -55 102 51 0
-61 -65 -55 102 51 0
-47 -65 -55 0 83 0
-65 -64 -55 102 51 0
-64 -64 -55 102 51 0
-63 -64 -55 102 51 0
-62 -64 -55 102 51 0
-61 -64 -55 102 51 0
-48 -64 -55 0 83 0
-47 -64 -55 0 83 0
-46 -64 -55 0 83 0
-65 -63 -55 102 51 0
-64 -63 -55 102 51 0
-63 -63 -55 102 51 0
-62 -63 -55 102 51 0
-61 -63 -55 102 51 0
-49 -63 -55 0 83 0
-48 -63 -55 0 83 0
-47 -63 -55 0 83 0
-46 -63 -55 0 83 0
-45 -63 -55 0 83 0
-48 -62 -55 0 83 0
-47 -62 -55 0 83 0
-46 -62 -55 0 83 0
-47 -61 -55 0 83 0
-53 -55 -55 0 83 0
-52 -55 -55 0 83 0
-51 -55 -55 0 83 0
-50 -55 -55 0 83 0
-49 -55 -55 0 83 0
-53 -54 -55 0 83 0
-52 -54 -55 0 83 0
-51 -54 -55 0 83 0
-50 -54 -55 0 83 0
-49 -54 -55 0 83 0
-55 -53 -55 0 83 0
-53 -53 -55 0 83 0
-52 -53 -55 0 83 0
-50 -53 -55 0 83 0
-49 -53 -55 0 83 0
-74 -52 -55 102 51 0
-73 -52 -55 102 51 0
-53 -52 -55 0 83 0
-52 -52 -55 0 83 0
-51 -52 -55 0 83 0
-50 -52 -55 0 83 0
-49 -52 -55 0 83 0
-74 -51 -55 102 51 0
-73 -51 -55 102 51 0
-53 -51 -55 0 83 0
-52 -51 -55 0 83 0
-51 -51 -55 0 83 0
-54 -50 -55 0 83 0
-53 -50 -55 0 83 0
-52 -50 -55 0 83 0
-51 -50 -55 0 83 0
-54 -49 -55 0 83 0
-53 -49 -55 0 83 0
-51 -49 -55 0 83 0
-75 -80 -54 0 83 0
-74 -80 -54 0 83 0
-73 -80 -54 0 83 0
-59 -80 -54 0 83 0
-58 -80 -54 0 83 0
-57 -80 -54 0 83 0
-78 -79 -54 0 83 0
-77 -79 -54 0 83 0
-76 -79 -54 0 83 0
-75 -79 -54 0 83 0
-74 -79 -54 0 83 0
-73 -79 -54 0 83 0
-60 -79 -54 0 83 0
-59 -79 -54 0 83 0
-58 -79 -54 0 83 0
-57 -79 -54 0 83 0
-53 -79 -54 102 51 0
-52 -79 -54 102 51 0
-78 -78 -54 0 83 0
-77 -78 -54 0 83 0
-76 -78 -54 0 83 0
-75 -78 -54 0 83 0
-74 -78 -54 0 83 0
-73 -78 -54 0 83 0
-72 -78 -54 0 83 0
-57 -78 -54 0 83 0
-53 -78 -54 102 51 0
-52 -78 -54 102 51 0
-78 -77 -54 0 83 0
-77 -77 -54 0 83 0
-76 -77 -54 0 83 0
-75 -77 -54 0 83 0
-74 -77 -54 0 83 0
-73 -77 -54 0 83 0
-72 -77 -54 0 83 0
-71 -77 -54 0 83 0
-57 -77 -54 0 83 0
-76 -76 -54 0 83 0
-75 -76 -54 0 83 0
-74 -76 -54 0 83 0
-73 -76 -54 0 83 0
-72 -76 -54 0 83 0
-57 -76 -54 0 83 0
-76 -75 -54 0 83 0
-75 -75 -54 0 83 0
-74 -75 -54 0 83 0
-73 -75 -54 0 83 0
-65 -67 -54 102 51 0
-64 -67 -54 102 51 0
-63 -67 -54 102 51 0
-62 -67 -54 102 51 0
-61 -67 -54 102 51 0
-65 -66 -54 102 51 0
-64 -66 -54 102 51 0
-63 -66 -54 102 51 0
-62 -66 -54 102 51 0
-61 -66 -54 102 51 0
-65 -65 -54 102 51 0
-64 -65 -54 102 51 0
-63 -65 -54 102 51 0
-62 -65 -54 102 51 0
-61 -65 -54 102 51 0
-47 -65 -54 0 83 0
-65 -64 -54 102 51 0
-64 -64 -54 102 51 0
-63 -64 -54 102 51 0
-62 -64 -54 102 51 0
-61 -64 -54 102 51 0
-48 -64 -54 0 83 0
-47 -64 -54 0 83 0
-46 -64 -54 0 83 0
-65 -63 -54 102 51 0
-64 -63 -54 102 51 0
-63 -63 -54 102 51 0
-62 -63 -54 102 51 0
-61 -63 -54 102 51 0
-49 -63 -54 0 83 0
-48 -63 -54 0 83 0
-47 -63 -54 0 83 0
-46 -63 -54 0 83 0
-45 -63 -54 0 83 0
-48 -62 -54 0 83 0
-47 -62 -54 0 83 0
-46 -62 -54 0 83 0
-47 -61 -54 0 83 0
-53 -55 -54 0 83 0
-52 -55 -54 0 83 0
-51 -55 -54 0 83 0
-50 -55 -54 0 83 0
-69 -54 -54 0 83 0
-54 -54 -54 0 83 0
-53 -54 -54 0 83 0
-52 -54 -54 0 83 0
-51 -54 -54 0 83 0
-50 -54 -54 0 83 0
-69 -53 -54 0 83 0
-55 -53 -54 0 83 0
-54 -53 -54 0 83 0
-53 -53 -54 0 83 0
-52 -53 -54 0 83 0
-51 -53 -54 0 83 0
-50 -53 -54 0 83 0
-49 -53 -54 0 83 0
-48 -53 -54 0 83 0
-74 -52 -54 102 51 0
-73 -52 -54 102 51 0
-69 -52 -54 0 83 0
-54 -52 -54 0 83 0
-53 -52 -54 0 83 0
-52 -52 -54 0 83 0
-51 -52 -54 0 83 0
-50 -52 -54 0 83 0
-49 -52 -54 0 83 0
-48 -52 -54 0 83 0
-74 -51 -54 102 51 0
-73 -51 -54 102 51 0
-69 -51 -54 0 83 0
-68 -51 -54 0 83 0
-67 -51 -54 0 83 0
-66 -51 -54 0 83 0
-53 -51 -54 0 83 0
-52 -51 -54 0 83 0
-51 -51 -54 0 83 0
-50 -51 -54 0 83 0
-49 -51 -54 0 83 0
-48 -51 -54 0 83 0
-69 -50 -54 0 83 0
-68 -50 -54 0 83 0
-67 -50 -54 0 83 0
-53 -50 -54 0 83 0
-52 -50 -54 0 83 0
-51 -50 -54 0 83 0
-58 -81 -53 0 83 0
-57 -81 -53 0 83 0
-56 -81 -53 0 83 0
-75 -80 -53 0 83 0
-74 -80 -53 0 83 0
-59 -80 -53 0 83 0
-58 -80 -53 0 83 0
-57 -80 -53 0 83 0
-56 -80 -53 0 83 0
-78 -79 -53 0 83 0
-77 -79 -53 0 83 0
-75 -79 -53 0 83 0
-74 -79 -53 0 83 0
-72 -79 -53 0 83 0
-61 -79 -53 0 83 0
-60 -79 -53 0 83 0
-59 -79 -53 102 51 0
-58 -79 -53 102 51 0
-57 -79 -53 102 51 0
-56 -79 -53 102 51 0
-55 -79 -53 102 51 0
-54 -79 -53 102 51 0
-53 -79 -53 102 51 0
-52 -79 -53 102 51 0
-78 -78 -53 0 83 0
-77 -78 -53 0 83 0
-76 -78 -53 0 83 0
-75 -78 -53 0 83 0
-74 -78 -53 0 83 0
-73 -78 -53 0 83 0
-72 -78 -53 0 83 0
-61 -78 -53 0 83 0
-60 -78 -53 0 83 0
-59 -78 -53 0 83 0
-58 -78 -53 0 83 0
-57 -78 -53 102 51 0
-56 -78 -53 102 51 0
-55 -78 -53 102 51 0
-54 -78 -53 102 51 0
-53 -78 -53 102 51 0
-52 -78 -53 102 51 0
-78 -77 -53 0 83 0
-77 -77 -53 0 83 0
-76 -77 -53 0 83 0
-75 -77 -53 0 83 0
-74 -77 -53 0 83 0
-73 -77 -53 0 83 0
-72 -77 -53 0 83 0
-61 -77 -53 0 83 0
-60 -77 -53 0 83 0
-59 -77 -53 0 83 0
-58 -77 -53 0 83 0
-57 -77 -53 0 83 0
-56 -77 -53 0 83 0
-77 -76 -53 0 83 0
-76 -76 -53 0 83 0
-75 -76 -53 0 83 0
-74 -76 -53 0 83 0
-73 -76 -53 0 83 0
-72 -76 -53 0 83 0
-57 -76 -53 0 83 0
-76 -75 -53 0 83 0
-75 -75 -53 0 83 0
-74 -75 -53 0 83 0
-73 -75 -53 0 83 0
-65 -67 -53 102 51 0
-64 -67 -53 102 51 0
-63 -67 -53 102 51 0
-62 -67 -53 102 51 0
-61 -67 -53 102 51 0
-65 -66 -53 102 51 0
-64 -66 -53 102 51 0
-63 -66 -53 102 51 0
-62 -66 -53 102 51 0
-61 -66 -53 102 51 0
-65 -65 -53 102 51 0
-64 -65 -53 102 51 0
-63 -65 -53 102 51 0
-62 -65 -53 102 51 0
-61 -65 -53 102 51 0
-65 -64 -53 102 51 0
-64 -64 -53 102 51 0
-63 -64 -53 102 51 0
-62 -64 -53 102 51 0
-61 -64 -53 102 51 0
-47 -64 -53 0 83 0
-65 -63 -53 102 51 0
-64 -63 -53 102 51 0
-63 -63 -53 102 51 0
-62 -63 -53 102 51 0
-61 -63 -53 102 51 0
-48 -63 -53 0 83 0
-47 -63 -53 0 83 0
-46 -63 -53 0 83 0
-47 -62 -53 0 83 0
-53 -55 -53 0 83 0
-52 -55 -53 0 83 0
-51 -55 -53 0 83 0
-50 -55 -53 0 83 0
-69 -54 -53 0 83 0
-54 -54 -53 0 83 0
-53 -54 -53 0 83 0
-52 -54 -53 0 83 0
-51 -54 -53 0 83 0
-50 -54 -53 0 83 0
-49 -54 -53 0 83 0
-70 -53 -53 0 83 0
-69 -53 -53 0 83 0
-68 -53 -53 0 83 0
-67 -53 -53 0 83 0
-66 -53 -53 0 83 0
-65 -53 -53 0 83 0
-54 -53 -53 0 83 0
-53 -53 -53 0 83 0
-52 -53 -53 0 83 0
-51 -53 -53 0 83 0
-50 -53 -53 0 83 0
-49 -53 -53 0 83 0
-48 -53 -53 0 83 0
-74 -52 -53 102 51 0
-73 -52 -53 102 51 0
-72 -52 -53 102 51 0
-71 -52 -53 102 51 0
-70 -52 -53 102 51 0
-69 -52 -53 102 51 0
-68 -52 -53 0 83 0
-67 -52 -53 0 83 0
-66 -52 -53 0 83 0
-65 -52 -53 0 83 0
-54 -52 -53 0 83 0
-53 -52 -53 0 83 0
-52 -52 -53 0 83 0
-51 -52 -53 0 83 0
-50 -52 -53 0 83 0
-49 -52 -53 0 83 0
-48 -52 -53 0 83 0
-74 -51 -53 102 51 0
-73 -51 -53 102 51 0
-72 -51 -53 102 51 0
-71 -51 -53 102 51 0
-70 -51 -53 102 51 0
-69 -51 -53 102 51 0
-68 -51 -53 102 51 0
-67 -51 -53 102 51 0
-66 -51 -53 0 83 0
-65 -51 -53 0 83 0
-54 -51 -53 0 83 0
-52 -51 -53 0 83 0
-51 -51 -53 0 83 0
-49 -51 -53 0 83 0
-48 -51 -53 0 83 0
-70 -50 -53 0 83 0
-69 -50 -53 0 83 0
-68 -50 -53 0 83 0
-67 -50 -53 0 83 0
-52 -50 -53 0 83 0
-51 -50 -53 0 83 0
-70 -49 -53 0 83 0
-69 -49 -53 0 83 0
-68 -49 -53 0 83 0
-58 -81 -52 0 83 0
-57 -81 -52 0 83 0
-56 -81 -52 0 83 0
-75 -80 -52 0 83 0
-74 -80 -52 0 83 0
-59 -80 -52 0 83 0
-58 -80 -52 0 83 0
-57 -80 -52 0 83 0
-56 -80 -52 0 83 0
-75 -79 -52 0 83 0
-74 -79 -52 0 83 0
-72 -79 -52 0 83 0
-61 -79 -52 0 83 0
-60 -79 -52 0 83 0
-59 -79 -52 0 83 0
-58 -79 -52 102 51 0
-57 -79 -52 102 51 0
-56 -79 -52 102 51 0
-54 -79 -52 102 51 0
-53 -79 -52 102 51 0
-52 -79 -52 102 51 0
-76 -78 -52 0 83 0
-75 -78 -52 0 83 0
-74 -78 -52 0 83 0
-73 -78 -52 0 83 0
-72 -78 -52 0 83 0
-61 -78 -52 0 83 0
-60 -78 -52 0 83 0
-59 -78 -52 0 83 0
-58 -78 -52 0 83 0
-57 -78 -52 0 83 0
-56 -78 -52 102 51 0
-55 -78 -52 102 51 0
-54 -78 -52 102 51 0
-53 -78 -52 102 51 0
-52 -78 -52 102 51 0
-77 -77 -52 0 83 0
-76 -77 -52 0 83 0
-75 -77 -52 0 83 0
-74 -77 -52 0 83 0
-73 -77 -52 0 83 0
-72 -77 -52 0 83 0
-61 -77 -52 0 83 0
-60 -77 -52 0 83 0
-59 -77 -52 0 83 0
-58 -77 -52 0 83 0
-57 -77 -52 0 83 0
-77 -76 -52 0 83 0
-76 -76 -52 0 83 0
-75 -76 -52 0 83 0
-74 -76 -52 0 83 0
-73 -76 -52 0 83 0
-72 -76 -52 0 83 0
-65 -67 -52 102 51 0
-64 -67 -52 102 51 0
-63 -67 -52 102 51 0
-62 -67 -52 102 51 0
-61 -67 -52 102 51 0
-65 -66 -52 102 51 0
-64 -66 -52 102 51 0
-63 -66 -52 102 51 0
-62 -66 -52 102 51 0
-61 -66 -52 102 51 0
-65 -65 -52 102 51 0
-64 -65 -52 102 51 0
-63 -65 -52 102 51 0
-62 -65 -52 102 51 0
-61 -65 -52 102 51 0
-65 -64 -52 102 51 0
-64 -64 -52 102 51 0
-63 -64 -52 102 51 0
-62 -64 -52 102 51 0
-61 -64 -52 102 51 0
-47 -64 -52 0 83 0
-65 -63 -52 102 51 0
-64 -63 -52 102 51 0
-63 -63 -52 102 51 0
-62 -63 -52 102 51 0
-61 -63 -52 102 51 0
-48 -63 -52 0 83 0
-47 -63 -52 0 83 0
-46 -63 -52 0 83 0
-47 -62 -52 0 83 0
-54 -54 -52 0 83 0
-53 -54 -52 0 83 0
-52 -54 -52 0 83 0
-51 -54 -52 0 83 0
-50 -54 -52 0 83 0
-49 -54 -52 0 83 0
-69 -53 -52 0 83 0
-68 -53 -52 0 83 0
-67 -53 -52 0 83 0
-66 -53 -52 0 83 0
-65 -53 -52 0 83 0
-54 -53 -52 0 83 0
-53 -53 -52 0 83 0
-52 -53 -52 0 83 0
-51 -53 -52 0 83 0
-50 -53 -52 0 83 0
-49 -53 -52 0 83 0
-74 -52 -52 102 51 0
-73 -52 -52 102 51 0
-72 -52 -52 102 51 0
-71 -52 -52 102 51 0
-70 -52 -52 102 51 0
-69 -52 -52 0 83 0
-68 -52 -52 0 83 0
-67 -52 -52 0 83 0
-66 -52 -52 0 83 0
-65 -52 -52 0 83 0
-54 -52 -52 0 83 0
-53 -52 -52 0 83 0
-52 -52 -52 0 83 0
-51 -52 -52 0 83 0
-50 -52 -52 0 83 0
-74 -51 -52 102 51 0
-73 -51 -52 102 51 0
-72 -51 -52 102 51 0
-70 -51 -52 102 51 0
-69 -51 -52 102 51 0
-68 -51 -52 102 51 0
-67 -51 -52 0 83 0
-66 -51 -52 0 83 0
-65 -51 -52 0 83 0
-54 -51 -52 0 83 0
-52 -51 -52 0 83 0
-51 -51 -52 0 83 0
-70 -50 -52 0 83 0
-69 -50 -52 0 83 0
-68 -50 -52 0 83 0
-67 -50 -52 0 83 0
-52 -50 -52 0 83 0
-51 -50 -52 0 83 0
-70 -49 -52 0 83 0
-69 -49 -52 0 83 0
-68 -49 -52 0 83 0
-72 -79 -51 0 83 0
-59 -79 -51 0 83 0
-58 -79 -51 0 83 0
-57 -79 -51 0 83 0
-53 -79 -51 102 51 0
-52 -79 -51 102 51 0
-72 -78 -51 0 83 0
-59 -78 -51 0 83 0
-58 -78 -51 0 83 0
-57 -78 -51 0 83 0
-53 -78 -51 102 51 0
-52 -78 -51 102 51 0
-76 -77 -51 0 83 0
-75 -77 -51 0 83 0
-58 -77 -51 0 83 0
-57 -77 -51 0 83 0
-76 -76 -51 0 83 0
-75 -76 -51 0 83 0
-65 -67 -51 102 51 0
-64 -67 -51 102 51 0
-63 -67 -51 102 51 0
-62 -67 -51 102 51 0
-61 -67 -51 102 51 0
-65 -66 -51 102 51 0
-64 -66 -51 102 51 0
-63 -66 -51 102 51 0
-62 -66 -51 102 51 0
-61 -66 -51 102 51 0
-65 -65 -51 102 51 0
-64 -65 -51 102 51 0
-63 -65 -51 102 51 0
-62 -65 -51 102 51 0
-61 -65 -51 102 51 0
-65 -64 -51 102 51 0
-64 -64 -51 102 51 0
-63 -64 -51 102 51 0
-62 -64 -51 102 51 0
-61 -64 -51 102 51 0
-47 -64 -51 0 83 0
-65 -63 -51 102 51 0
-64 -63 -51 102 51 0
-63 -63 -51 102 51 0
-62 -63 -51 102 51 0
-61 -63 -51 102 51 0
-48 -63 -51 0 83 0
-47 -63 -51 0 83 0
-46 -63 -51 0 83 0
-47 -62 -51 0 83 0
-51 -54 -51 0 83 0
-50 -54 -51 0 83 0
-69 -53 -51 0 83 0
-68 -53 -51 0 83 0
-51 -53 -51 0 83 0
-50 -53 -51 0 83 0
-74 -52 -51 102 51 0
-73 -52 -51 102 51 0
-69 -52 -51 0 83 0
-68 -52 -51 0 83 0
-67 -52 -51 0 83 0
-54 -52 -51 0 83 0
-74 -51 -51 102 51 0
-73 -51 -51 102 51 0
-69 -51 -51 0 83 0
-68 -51 -51 0 83 0
-67 -51 -51 0 83 0
-54 -51 -51 0 83 0
-53 -79 -50 102 51 0
-52 -79 -50 102 51 0
-59 -78 -50 0 83 0
-58 -78 -50 0 83 0
-53 -78 -50 102 51 0
-52 -78 -50 102 51 0
-59 -77 -50 0 83 0
-58 -77 -50 0 83 0
-65 -67 -50 102 51 0
-64 -67 -50 102 51 0
-63 -67 -50 102 51 0
-62 -67 -50 102 51 0
-61 -67 -50 102 51 0
-65 -66 -50 102 51 0
-64 -66 -50 102 51 0
-63 -66 -50 102 51 0
-62 -66 -50 102 51 0
-61 -66 -50 102 51 0
-65 -65 -50 102 51 0
-64 -65 -50 102 51 0
-63 -65 -50 102 51 0
-62 -65 -50 102 51 0
-61 -65 -50 102 51 0
-65 -64 -50 102 51 0
-64 -64 -50 102 51 0
-63 -64 -50 102 51 0
-62 -64 -50 102 51 0
-61 -64 -50 102 51 0
-65 -63 -50 102 51 0
-64 -63 -50 102 51 0
-63 -63 -50 102 51 0
-62 -63 -50 102 51 0
-61 -63 -50 102 51 0
-47 -63 -50 0 83 0
-68 -53 -50 0 83 0
-67 -53 -50 0 83 0
-74 -52 -50 102 51 0
-73 -52 -50 102 51 0
-68 -52 -50 0 83 0
-67 -52 -50 0 83 0
-74 -51 -50 102 51 0
-73 -51 -50 102 51 0
-53 -79 -49 102 51 0
-52 -79 -49 102 51 0
-59 -78 -49 0 83 0
-58 -78 -49 0 83 0
-53 -78 -49 102 51 0
-52 -78 -49 102 51 0
-59 -77 -49 0 83 0
-58 -77 -49 0 83 0
-65 -67 -49 102 51 0
-64 -67 -49 102 51 0
-63 -67 -49 102 51 0
-62 -67 -49 102 51 0
-61 -67 -49 102 51 0
-65 -66 -49 102 51 0
-64 -66 -49 102 51 0
-63 -66 -49 102 51 0
-62 -66 -49 102 51 0
-61 -66 -49 102 51 0
-65 -65 -49 102 51 0
-64 -65 -49 102 51 0
-63 -65 -49 102 51 0
-62 -65 -49 102 51 0
-61 -65 -49 102 51 0
-65 -64 -49 102 51 0
-64 -64 -49 102 51 0
-63 -64 -49 102 51 0
-62 -64 -49 102 51 0
-61 -64 -49 102 51 0
-47 -64 -49 0 83 0
-65 -63 -49 102 51 0
-64 -63 -49 102 51 0
-63 -63 -49 102 51 0
-62 -63 -49 102 51 0
-61 -63 -49 102 51 0
-48 -63 -49 0 83 0
-47 -63 -49 0 83 0
-46 -63 -49 0 83 0
-47 -62 -49 0 83 0
-68 -53 -49 0 83 0
-67 -53 -49 0 83 0
-74 -52 -49 102 51 0
-73 -52 -49 102 51 0
-68 -52 -49 0 83 0
-67 -52 -49 0 83 0
-74 -51 -49 102 51 0
-73 -51 -49 102 51 0
-53 -79 -48 102 51 0
-52 -79 -48 102 51 0
-53 -78 -48 102 51 0
-52 -78 -48 102 51 0
-65 -67 -48 102 51 0
-64 -67 -48 102 51 0
-63 -67 -48 102 51 0
-62 -67 -48 102 51 0
-61 -67 -48 102 51 0
-65 -66 -48 102 51 0
-64 -66 -48 102 51 0
-63 -66 -48 102 51 0
-62 -66 -48 102 51 0
-61 -66 -48 102 51 0
-65 -65 -48 102 51 0
-64 -65 -48 102 51 0
-63 -65 -48 102 51 0
-62 -65 -48 102 51 0
-61 -65 -48 102 51 0
-65 -64 -48 102 51 0
-64 -64 -48 102 51 0
-63 -64 -48 102 51 0
-62 -64 -48 102 51 0
-61 -64 -48 102 51 0
-65 -63 -48 102 51 0
-64 -63 -48 102 51 0
-63 -63 -48 102 51 0
-62 -63 -48 102 51 0
-61 -63 -48 102 51 0
-47 -63 -48 0 83 0
-74 -52 -48 102 51 0
-73 -52 -48 102 51 0
-74 -51 -48 102 51 0
-73 -51 -48 102 51 0
-53 -79 -47 102 51 0
-52 -79 -47 102 51 0
-53 -78 -47 102 51 0
-52 -78 -47 102 51 0
-65 -67 -47 102 51 0
-64 -67 -47 102 51 0
-63 -67 -47 102 51 0
-62 -67 -47 102 51 0
-61 -67 -47 102 51 0
-65 -66 -47 102 51 0
-64 -66 -47 102 51 0
-63 -66 -47 102 51 0
-62 -66 -47 102 51 0
-61 -66 -47 102 51 0
-65 -65 -47 102 51 0
-64 -65 -47 102 51 0
-63 -65 -47 102 51 0
-62 -65 -47 102 51 0
-61 -65 -47 102 51 0
-65 -64 -47 102 51 0
-64 -64 -47 102 51 0
-63 -64 -47 102 51 0
-62 -64 -47 102 51 0
-61 -64 -47 102 51 0
-65 -63 -47 102 51 0
-64 -63 -47 102 51 0
-63 -63 -47 102 51 0
-62 -63 -47 102 51 0
-61 -63 -47 102 51 0
-74 -52 -47 102 51 0
-73 -52 -47 102 51 0
-74 -51 -47 102 51 0
-73 -51 -47 102 51 0
-53 -83 -46 0 83 0
-52 -83 -46 0 83 0
-53 -82 -46 0 83 0
-52 -82 -46 0 83 0
-53 -81 -46 0 83 0
-52 -81 -46 0 83 0
-53 -80 -46 0 83 0
-52 -80 -46 0 83 0
-53 -79 -46 102 51 0
-52 -79 -46 102 51 0
-51 -79 -46 0 83 0
-53 -78 -46 102 51 0
-52 -78 -46 102 51 0
-51 -78 -46 0 83 0
-53 -77 -46 0 83 0
-52 -77 -46 0 83 0
-65 -67 -46 102 51 0
-64 -67 -46 102 51 0
-63 -67 -46 102 51 0
-62 -67 -46 102 51 0
-61 -67 -46 102 51 0
-65 -66 -46 102 51 0
-64 -66 -46 102 51 0
-63 -66 -46 102 51 0
-62 -66 -46 102 51 0
-61 -66 -46 102 51 0
-65 -65 -46 102 51 0
-64 -65 -46 102 51 0
-63 -65 -46 102 51 0
-62 -65 -46 102 51 0
-61 -65 -46 102 51 0
-65 -64 -46 102 51 0
-64 -64 -46 102 51 0
-63 -64 -46 102 51 0
-62 -64 -46 102 51 0
-61 -64 -46 102 51 0
-65 -63 -46 102 51 0
-64 -63 -46 102 51 0
-63 -63 -46 102 51 0
-62 -63 -46 102 51 0
-61 -63 -46 102 51 0
-74 -53 -46 0 83 0
-73 -53 -46 0 83 0
-75 -52 -46 0 83 0
-74 -52 -46 102 51 0
-73 -52 -46 102 51 0
-75 -51 -46 0 83 0
-74 -51 -46 102 51 0
-73 -51 -46 102 51 0
-74 -50 -46 0 83 0
-73 -50 -46 0 83 0
-74 -49 -46 0 83 0
-73 -49 -46 0 83 0
-74 -48 -46 0 83 0
-73 -48 -46 0 83 0
-74 -47 -46 0 83 0
-73 -47 -46 0 83 0
-53 -83 -45 0 83 0
-52 -83 -45 0 83 0
-51 -83 -45 0 83 0
-53 -82 -45 0 83 0
-52 -82 -45 0 83 0
-53 -81 -45 0 83 0
-52 -81 -45 0 83 0
-51 -81 -45 0 83 0
-50 -81 -45 0 83 0
-53 -80 -45 0 83 0
-52 -80 -45 0 83 0
-51 -80 -45 0 83 0
-50 -80 -45 0 83 0
-54 -79 -45 0 83 0
-53 -79 -45 0 83 0
-52 -79 -45 0 83 0
-51 -79 -45 0 83 0
-50 -79 -45 0 83 0
-54 -78 -45 0 83 0
-53 -78 -45 0 83 0
-52 -78 -45 0 83 0
-51 -78 -45 0 83 0
-50 -78 -45 0 83 0
-54 -77 -45 0 83 0
-53 -77 -45 0 83 0
-52 -77 -45 0 83 0
-51 -77 -45 0 83 0
-50 -77 -45 0 83 0
-54 -76 -45 0 83 0
-53 -76 -45 0 83 0
-52 -76 -45 0 83 0
-51 -76 -45 0 83 0
-50 -76 -45 0 83 0
-54 -75 -45 0 83 0
-53 -75 -45 0 83 0
-52 -75 -45 0 83 0
-65 -67 -45 102 51 0
-64 -67 -45 102 51 0
-63 -67 -45 102 51 0
-62 -67 -45 102 51 0
-61 -67 -45 102 51 0
-65 -66 -45 102 51 0
-64 -66 -45 102 51 0
-63 -66 -45 102 51 0
-62 -66 -45 102 51 0
-61 -66 -45 102 51 0
-65 -65 -45 102 51 0
-64 -65 -45 102 51 0
-63 -65 -45 102 51 0
-62 -65 -45 102 51 0
-61 -65 -45 102 51 0
-65 -64 -45 102 51 0
-64 -64 -45 102 51 0
-63 -64 -45 102 51 0
-62 -64 -45 102 51 0
-61 -64 -45 102 51 0
-65 -63 -45 102 51 0
-64 -63 -45 102 51 0
-63 -63 -45 102 51 0
-62 -63 -45 102 51 0
-61 -63 -45 102 51 0
-74 -55 -45 0 83 0
-73 -55 -45 0 83 0
-72 -55 -45 0 83 0
-76 -54 -45 0 83 0
-75 -54 -45 0 83 0
-74 -54 -45 0 83 0
-73 -54 -45 0 83 0
-72 -54 -45 0 83 0
-76 -53 -45 0 83 0
-75 -53 -45 0 83 0
-74 -53 -45 0 83 0
-73 -53 -45 0 83 0
-72 -53 -45 0 83 0
-76 -52 -45 0 83 0
-75 -52 -45 0 83 0
-74 -52 -45 0 83 0
-73 -52 -45 0 83 0
-72 -52 -45 0 83 0
-76 -51 -45 0 83 0
-75 -51 -45 0 83 0
-74 -51 -45 0 83 0
-73 -51 -45 0 83 0
-72 -51 -45 0 83 0
-76 -50 -45 0 83 0
-75 -50 -45 0 83 0
-74 -50 -45 0 83 0
-73 -50 -45 0 83 0
-76 -49 -45 0 83 0
-75 -49 -45 0 83 0
-74 -49 -45 0 83 0
-73 -49 -45 0 83 0
-74 -48 -45 0 83 0
-73 -48 -45 0 83 0
-75 -47 -45 0 83 0
-74 -47 -45 0 83 0
-73 -47 -45 0 83 0
-54 -84 -44 0 83 0
-53 -84 -44 0 83 0
-54 -83 -44 0 83 0
-53 -83 -44 0 83 0
-52 -83 -44 0 83 0
-51 -83 -44 0 83 0
-53 -82 -44 0 83 0
-52 -82 -44 0 83 0
-56 -81 -44 0 83 0
-55 -81 -44 0 83 0
-54 -81 -44 0 83 0
-53 -81 -44 0 83 0
-52 -81 -44 0 83 0
-51 -81 -44 0 83 0
-50 -81 -44 0 83 0
-56 -80 -44 0 83 0
-55 -80 -44 0 83 0
-54 -80 -44 0 83 0
-53 -80 -44 0 83 0
-52 -80 -44 0 83 0
-51 -80 -44 0 83 0
-50 -80 -44 0 83 0
-55 -79 -44 0 83 0
-54 -79 -44 0 83 0
-53 -79 -44 0 83 0
-52 -79 -44 0 83 0
-51 -79 -44 0 83 0
-50 -79 -44 0 83 0
-49 -79 -44 0 83 0
-48 -79 -44 0 83 0
-55 -78 -44 0 83 0
-54 -78 -44 0 83 0
-53 -78 -44 0 83 0
-52 -78 -44 0 83 0
-51 -78 -44 0 83 0
-50 -78 -44 0 83 0
-49 -78 -44 0 83 0
-48 -78 -44 0 83 0
-55 -77 -44 0 83 0
-54 -77 -44 0 83 0
-53 -77 -44 0 83 0
-52 -77 -44 0 83 0
-51 -77 -44 0 83 0
-50 -77 -44 0 83 0
-55 -76 -44 0 83 0
-54 -76 -44 0 83 0
-53 -76 -44 0 83 0
-52 -76 -44 0 83 0
-51 -76 -44 0 83 0
-50 -76 -44 0 83 0
-54 -75 -44 0 83 0
-53 -75 -44 0 83 0
-52 -75 -44 0 83 0
-54 -74 -44 0 83 0
-53 -74 -44 0 83 0
-65 -67 -44 102 51 0
-64 -67 -44 102 51 0
-63 -67 -44 102 51 0
-62 -67 -44 102 51 0
-61 -67 -44 102 51 0
-65 -66 -44 102 51 0
-64 -66 -44 102 51 0
-63 -66 -44 102 51 0
-62 -66 -44 102 51 0
-61 -66 -44 102 51 0
-65 -65 -44 102 51 0
-64 -65 -44 102 51 0
-63 -65 -44 102 51 0
-62 -65 -44 102 51 0
-61 -65 -44 102 51 0
-65 -64 -44 102 51 0
-64 -64 -44 102 51 0
-63 -64 -44 102 51 0
-62 -64 -44 102 51 0
-61 -64 -44 102 51 0
-65 -63 -44 102 51 0
-64 -63 -44 102 51 0
-63 -63 -44 102 51 0
-62 -63 -44 102 51 0
-61 -63 -44 102 51 0
-73 -56 -44 0 83 0
-72 -56 -44 0 83 0
-74 -55 -44 0 83 0
-73 -55 -44 0 83 0
-72 -55 -44 0 83 0
-76 -54 -44 0 83 0
-75 -54 -44 0 83 0
-74 -54 -44 0 83 0
-73 -54 -44 0 83 0
-72 -54 -44 0 83 0
-71 -54 -44 0 83 0
-76 -53 -44 0 83 0
-75 -53 -44 0 83 0
-74 -53 -44 0 83 0
-73 -53 -44 0 83 0
-72 -53 -44 0 83 0
-71 -53 -44 0 83 0
-78 -52 -44 0 83 0
-77 -52 -44 0 83 0
-76 -52 -44 0 83 0
-75 -52 -44 0 83 0
-74 -52 -44 0 83 0
-73 -52 -44 0 83 0
-72 -52 -44 0 83 0
-71 -52 -44 0 83 0
-78 -51 -44 0 83 0
-77 -51 -44 0 83 0
-76 -51 -44 0 83 0
-75 -51 -44 0 83 0
-74 -51 -44 0 83 0
-73 -51 -44 0 83 0
-72 -51 -44 0 83 0
-71 -51 -44 0 83 0
-76 -50 -44 0 83 0
-75 -50 -44 0 83 0
-74 -50 -44 0 83 0
-73 -50 -44 0 83 0
-72 -50 -44 0 83 0
-71 -50 -44 0 83 0
-70 -50 -44 0 83 0
-76 -49 -44 0 83 0
-75 -49 -44 0 83 0
-74 -49 -44 0 83 0
-73 -49 -44 0 83 0
-72 -49 -44 0 83 0
-71 -49 -44 0 83 0
-70 -49 -44 0 83 0
-74 -48 -44 0 83 0
-73 -48 -44 0 83 0
-75 -47 -44 0 83 0
-74 -47 -44 0 83 0
-73 -47 -44 0 83 0
-72 -47 -44 0 83 0
-73 -46 -44 0 83 0
-72 -46 -44 0 83 0
-54 -84 -43 0 83 0
-53 -84 -43 0 83 0
-54 -83 -43 0 83 0
-53 -83 -43 0 83 0
-51 -83 -43 0 83 0
-55 -82 -43 0 83 0
-54 -82 -43 0 83 0
-51 -82 -43 0 83 0
-50 -82 -43 0 83 0
-56 -81 -43 0 83 0
-55 -81 -43 0 83 0
-54 -81 -43 0 83 0
-53 -81 -43 0 83 0
-52 -81 -43 0 83 0
-51 -81 -43 0 83 0
-50 -81 -43 0 83 0
-56 -80 -43 0 83 0
-55 -80 -43 0 83 0
-54 -80 -43 0 83 0
-53 -80 -43 0 83 0
-52 -80 -43 0 83 0
-51 -80 -43 0 83 0
-50 -80 -43 0 83 0
-55 -79 -43 0 83 0
-54 -79 -43 0 83 0
-53 -79 -43 0 83 0
-52 -79 -43 0 83 0
-51 -79 -43 0 83 0
-50 -79 -43 0 83 0
-55 -78 -43 0 83 0
-54 -78 -43 0 83 0
-53 -78 -43 0 83 0
-52 -78 -43 0 83 0
-50 -78 -43 0 83 0
-49 -78 -43 0 83 0
-55 -77 -43 0 83 0
-54 -77 -43 0 83 0
-53 -77 -43 0 83 0
-52 -77 -43 0 83 0
-51 -77 -43 0 83 0
-50 -77 -43 0 83 0
-55 -76 -43 0 83 0
-54 -76 -43 0 83 0
-52 -76 -43 0 83 0
-51 -76 -43 0 83 0
-50 -76 -43 0 83 0
-55 -75 -43 0 83 0
-54 -75 -43 0 83 0
-53 -75 -43 0 83 0
-51 -75 -43 0 83 0
-50 -75 -43 0 83 0
-54 -74 -43 0 83 0
-53 -74 -43 0 83 0
-65 -67 -43 102 51 0
-64 -67 -43 102 51 0
-63 -67 -43 102 51 0
-62 -67 -43 102 51 0
-61 -67 -43 102 51 0
-65 -66 -43 102 51 0
-64 -66 -43 102 51 0
-63 -66 -43 102 51 0
-62 -66 -43 102 51 0
-61 -66 -43 102 51 0
-65 -65 -43 102 51 0
-64 -65 -43 102 51 0
-63 -65 -43 102 51 0
-62 -65 -43 102 51 0
-61 -65 -43 102 51 0
-65 -64 -43 102 51 0
-64 -64 -43 102 51 0
-63 -64 -43 102 51 0
-62 -64 -43 102 51 0
-61 -64 -43 102 51 0
-65 -63 -43 102 51 0
-64 -63 -43 102 51 0
-63 -63 -43 102 51 0
-62 -63 -43 102 51 0
-61 -63 -43 102 51 0
-73 -56 -43 0 83 0
-72 -56 -43 0 83 0
-76 -55 -43 0 83 0
-75 -55 -43 0 83 0
-73 -55 -43 0 83 0
-72 -55 -43 0 83 0
-71 -55 -43 0 83 0
-76 -54 -43 0 83 0
-75 -54 -43 0 83 0
-74 -54 -43 0 83 0
-72 -54 -43 0 83 0
-71 -54 -43 0 83 0
-76 -53 -43 0 83 0
-75 -53 -43 0 83 0
-74 -53 -43 0 83 0
-73 -53 -43 0 83 0
-72 -53 -43 0 83 0
-71 -53 -43 0 83 0
-77 -52 -43 0 83 0
-76 -52 -43 0 83 0
-74 -52 -43 0 83 0
-73 -52 -43 0 83 0
-72 -52 -43 0 83 0
-71 -52 -43 0 83 0
-76 -51 -43 0 83 0
-75 -51 -43 0 83 0
-74 -51 -43 0 83 0
-73 -51 -43 0 83 0
-72 -51 -43 0 83 0
-71 -51 -43 0 83 0
-76 -50 -43 0 83 0
-75 -50 -43 0 83 0
-74 -50 -43 0 83 0
-73 -50 -43 0 83 0
-72 -50 -43 0 83 0
-71 -50 -43 0 83 0
-70 -50 -43 0 83 0
-76 -49 -43 0 83 0
-75 -49 -43 0 83 0
-74 -49 -43 0 83 0
-73 -49 -43 0 83 0
-72 -49 -43 0 83 0
-71 -49 -43 0 83 0
-70 -49 -43 0 83 0
-76 -48 -43 0 83 0
-75 -48 -43 0 83 0
-72 -48 -43 0 83 0
-71 -48 -43 0 83 0
-75 -47 -43 0 83 0
-73 -47 -43 0 83 0
-72 -47 -43 0 83 0
-73 -46 -43 0 83 0
-72 -46 -43 0 83 0
-55 -82 -42 0 83 0
-54 -82 -42 0 83 0
-51 -82 -42 0 83 0
-50 -82 -42 0 83 0
-56 -81 -42 0 83 0
-55 -81 -42 0 83 0
-54 -81 -42 0 83 0
-51 -81 -42 0 83 0
-50 -81 -42 0 83 0
-56 -80 -42 0 83 0
-55 -80 -42 0 83 0
-51 -80 -42 0 83 0
-50 -80 -42 0 83 0
-53 -79 -42 0 83 0
-52 -79 -42 0 83 0
-54 -78 -42 0 83 0
-53 -78 -42 0 83 0
-52 -78 -42 0 83 0
-48 -78 -42 0 83 0
-47 -78 -42 0 83 0
-57 -77 -42 0 83 0
-56 -77 -42 0 83 0
-55 -77 -42 0 83 0
-54 -77 -42 0 83 0
-53 -77 -42 0 83 0
-52 -77 -42 0 83 0
-51 -77 -42 0 83 0
-50 -77 -42 0 83 0
-49 -77 -42 0 83 0
-48 -77 -42 0 83 0
-47 -77 -42 0 83 0
-57 -76 -42 0 83 0
-56 -76 -42 0 83 0
-55 -76 -42 0 83 0
-54 -76 -42 0 83 0
-52 -76 -42 0 83 0
-51 -76 -42 0 83 0
-50 -76 -42 0 83 0
-49 -76 -42 0 83 0
-48 -76 -42 0 83 0
-55 -75 -42 0 83 0
-54 -75 -42 0 83 0
-51 -75 -42 0 83 0
-50 -75 -42 0 83 0
-49 -75 -42 0 83 0
-50 -74 -42 0 83 0
-49 -74 -42 0 83 0
-65 -68 -42 0 83 0
-65 -67 -42 102 51 0
-64 -67 -42 102 51 0
-63 -67 -42 102 51 0
-62 -67 -42 102 51 0
-61 -67 -42 102 51 0
-60 -67 -42 0 83 0
-65 -66 -42 102 51 0
-64 -66 -42 102 51 0
-63 -66 -42 102 51 0
-62 -66 -42 102 51 0
-61 -66 -42 102 51 0
-60 -66 -42 0 83 0
-65 -65 -42 102 51 0
-64 -65 -42 102 51 0
-63 -65 -42 102 51 0
-62 -65 -42 102 51 0
-61 -65 -42 102 51 0
-66 -64 -42 0 83 0
-65 -64 -42 102 51 0
-64 -64 -42 102 51 0
-63 -64 -42 102 51 0
-62 -64 -42 102 51 0
-61 -64 -42 102 51 0
-66 -63 -42 0 83 0
-65 -63 -42 102 51 0
-64 -63 -42 102 51 0
-63 -63 -42 102 51 0
-62 -63 -42 102 51 0
-61 -63 -42 102 51 0
-61 -62 -42 0 83 0
-77 -56 -42 0 83 0
-76 -56 -42 0 83 0
-77 -55 -42 0 83 0
-76 -55 -42 0 83 0
-75 -55 -42 0 83 0
-72 -55 -42 0 83 0
-71 -55 -42 0 83 0
-78 -54 -42 0 83 0
-77 -54 -42 0 83 0
-76 -54 -42 0 83 0
-75 -54 -42 0 83 0
-74 -54 -42 0 83 0
-72 -54 -42 0 83 0
-71 -54 -42 0 83 0
-70 -54 -42 0 83 0
-69 -54 -42 0 83 0
-79 -53 -42 0 83 0
-78 -53 -42 0 83 0
-77 -53 -42 0 83 0
-76 -53 -42 0 83 0
-75 -53 -42 0 83 0
-74 -53 -42 0 83 0
-73 -53 -42 0 83 0
-72 -53 -42 0 83 0
-71 -53 -42 0 83 0
-70 -53 -42 0 83 0
-69 -53 -42 0 83 0
-79 -52 -42 0 83 0
-78 -52 -42 0 83 0
-74 -52 -42 0 83 0
-73 -52 -42 0 83 0
-72 -52 -42 0 83 0
-74 -51 -42 0 83 0
-73 -51 -42 0 83 0
-76 -50 -42 0 83 0
-75 -50 -42 0 83 0
-71 -50 -42 0 83 0
-70 -50 -42 0 83 0
-76 -49 -42 0 83 0
-75 -49 -42 0 83 0
-72 -49 -42 0 83 0
-71 -49 -42 0 83 0
-70 -49 -42 0 83 0
-76 -48 -42 0 83 0
-75 -48 -42 0 83 0
-72 -48 -42 0 83 0
-71 -48 -42 0 83 0
-55 -82 -41 0 83 0
-54 -82 -41 0 83 0
-55 -81 -41 0 83 0
-54 -81 -41 0 83 0
-57 -77 -41 0 83 0
-56 -77 -41 0 83 0
-55 -77 -41 0 83 0
-52 -77 -41 0 83 0
-51 -77 -41 0 83 0
-50 -77 -41 0 83 0
-49 -77 -41 0 83 0
-48 -77 -41 0 83 0
-57 -76 -41 0 83 0
-56 -76 -41 0 83 0
-52 -76 -41 0 83 0
-51 -76 -41 0 83 0
-50 -76 -41 0 83 0
-49 -76 -41 0 83 0
-48 -76 -41 0 83 0
-51 -75 -41 0 83 0
-50 -75 -41 0 83 0
-49 -75 -41 0 83 0
-50 -74 -41 0 83 0
-49 -74 -41 0 83 0
-65 -68 -41 0 83 0
-63 -68 -41 0 83 0
-62 -68 -41 0 83 0
-61 -68 -41 0 83 0
-60 -68 -41 0 83 0
-59 -68 -41 0 83 0
-58 -68 -41 0 83 0
-65 -67 -41 102 51 0
-64 -67 -41 102 51 0
-63 -67 -41 102 51 0
-62 -67 -41 102 51 0
-61 -67 -41 102 51 0
-60 -67 -41 0 83 0
-59 -67 -41 0 83 0
-67 -66 -41 0 83 0
-66 -66 -41 0 83 0
-65 -66 -41 102 51 0
-64 -66 -41 102 51 0
-63 -66 -41 102 51 0
-62 -66 -41 102 51 0
-61 -66 -41 102 51 0
-60 -66 -41 0 83 0
-59 -66 -41 0 83 0
-67 -65 -41 0 83 0
-66 -65 -41 0 83 0
-65 -65 -41 102 51 0
-64 -65 -41 102 51 0
-63 -65 -41 102 51 0
-62 -65 -41 102 51 0
-61 -65 -41 102 51 0
-60 -65 -41 0 83 0
-59 -65 -41 0 83 0
-67 -64 -41 0 83 0
-66 -64 -41 0 83 0
-65 -64 -41 102 51 0
-64 -64 -41 102 51 0
-63 -64 -41 102 51 0
-62 -64 -41 102 51 0
-61 -64 -41 102 51 0
-60 -64 -41 0 83 0
-59 -64 -41 0 83 0
-67 -63 -41 0 83 0
-66 -63 -41 0 83 0
-65 -63 -41 102 51 0
-64 -63 -41 102 51 0
-63 -63 -41 102 51 0
-62 -63 -41 102 51 0
-61 -63 -41 102 51 0
-68 -62 -41 0 83 0
-67 -62 -41 0 83 0
-66 -62 -41 0 83 0
-65 -62 -41 0 83 0
-64 -62 -41 0 83 0
-63 -62 -41 0 83 0
-61 -62 -41 0 83 0
-77 -56 -41 0 83 0
-76 -56 -41 0 83 0
-77 -55 -41 0 83 0
-76 -55 -41 0 83 0
-75 -55 -41 0 83 0
-78 -54 -41 0 83 0
-77 -54 -41 0 83 0
-76 -54 -41 0 83 0
-75 -54 -41 0 83 0
-74 -54 -41 0 83 0
-70 -54 -41 0 83 0
-69 -54 -41 0 83 0
-78 -53 -41 0 83 0
-77 -53 -41 0 83 0
-76 -53 -41 0 83 0
-75 -53 -41 0 83 0
-74 -53 -41 0 83 0
-71 -53 -41 0 83 0
-70 -53 -41 0 83 0
-69 -53 -41 0 83 0
-72 -49 -41 0 83 0
-71 -49 -41 0 83 0
-72 -48 -41 0 83 0
-71 -48 -41 0 83 0
-62 -69 -40 0 83 0
-61 -69 -40 0 83 0
-60 -69 -40 0 83 0
-65 -68 -40 0 83 0
-63 -68 -40 0 83 0
-62 -68 -40 0 83 0
-61 -68 -40 0 83 0
-60 -68 -40 0 83 0
-59 -68 -40 0 83 0
-58 -68 -40 0 83 0
-65 -67 -40 0 83 0
-64 -67 -40 0 83 0
-63 -67 -40 0 83 0
-62 -67 -40 0 83 0
-61 -67 -40 0 83 0
-60 -67 -40 0 83 0
-59 -67 -40 0 83 0
-67 -66 -40 0 83 0
-66 -66 -40 0 83 0
-65 -66 -40 0 83 0
-64 -66 -40 0 83 0
-63 -66 -40 0 83 0
-62 -66 -40 0 83 0
-61 -66 -40 0 83 0
-60 -66 -40 0 83 0
-59 -66 -40 0 83 0
-67 -65 -40 0 83 0
-66 -65 -40 0 83 0
-65 -65 -40 0 83 0
-64 -65 -40 0 83 0
-63 -65 -40 0 83 0
-62 -65 -40 0 83 0
-61 -65 -40 0 83 0
-60 -65 -40 0 83 0
-59 -65 -40 0 83 0
-67 -64 -40 0 83 0
-66 -64 -40 0 83 0
-65 -64 -40 0 83 0
-64 -64 -40 0 83 0
-63 -64 -40 0 83 0
-62 -64 -40 0 83 0
-61 -64 -40 0 83 0
-60 -64 -40 0 83 0
-59 -64 -40 0 83 0
-67 -63 -40 0 83 0
-66 -63 -40 0 83 0
-65 -63 -40 0 83 0
-64 -63 -40 0 83 0
-63 -63 -40 0 83 0
-62 -63 -40 0 83 0
-61 -63 -40 0 83 0
-68 -62 -40 0 83 0
-67 -62 -40 0 83 0
-66 -62 -40 0 83 0
-65 -62 -40 0 83 0
-64 -62 -40 0 83 0
-63 -62 -40 0 83 0
-61 -62 -40 0 83 0
-66 -61 -40 0 83 0
-65 -61 -40 0 83 0
-64 -61 -40 0 83 0
-65 -71 -39 0 83 0
-64 -71 -39 0 83 0
-63 -71 -39 0 83 0
-66 -70 -39 0 83 0
-65 -70 -39 0 83 0
-64 -70 -39 0 83 0
-63 -70 -39 0 83 0
-62 -70 -39 0 83 0
-61 -70 -39 0 83 0
-67 -69 -39 0 83 0
-66 -69 -39 0 83 0
-65 -69 -39 0 83 0
-64 -69 -39 0 83 0
-63 -69 -39 0 83 0
-62 -69 -39 0 83 0
-61 -69 -39 0 83 0
-60 -69 -39 0 83 0
-59 -69 -39 0 83 0
-58 -69 -39 0 83 0
-67 -68 -39 0 83 0
-66 -68 -39 0 83 0
-65 -68 -39 0 83 0
-64 -68 -39 0 83 0
-63 -68 -39 0 83 0
-62 -68 -39 0 83 0
-61 -68 -39 0 83 0
-60 -68 -39 0 83 0
-59 -68 -39 0 83 0
-58 -68 -39 0 83 0
-68 -67 -39 0 83 0
-67 -67 -39 0 83 0
-66 -67 -39 0 83 0
-65 -67 -39 0 83 0
-64 -67 -39 0 83 0
-63 -67 -39 0 83 0
-62 -67 -39 0 83 0
-61 -67 -39 0 83 0
-60 -67 -39 0 83 0
-59 -67 -39 0 83 0
-68 -66 -39 0 83 0
-67 -66 -39 0 83 0
-66 -66 -39 0 83 0
-65 -66 -39 0 83 0
-64 -66 -39 0 83 0
-63 -66 -39 0 83 0
-62 -66 -39 0 83 0
-61 -66 -39 0 83 0
-60 -66 -39 0 83 0
-59 -66 -39 0 83 0
-58 -66 -39 0 83 0
-68 -65 -39 0 83 0
-67 -65 -39 0 83 0
-66 -65 -39 0 83 0
-65 -65 -39 0 83 0
-64 -65 -39 0 83 0
-63 -65 -39 0 83 0
-62 -65 -39 0 83 0
-61 -65 -39 0 83 0
-60 -65 -39 0 83 0
-59 -65 -39 0 83 0
-58 -65 -39 0 83 0
-68 -64 -39 0 83 0
-67 -64 -39 0 83 0
-66 -64 -39 0 83 0
-65 -64 -39 0 83 0
-64 -64 -39 0 83 0
-63 -64 -39 0 83 0
-62 -64 -39 0 83 0
-61 -64 -39 0 83 0
-60 -64 -39 0 83 0
-59 -64 -39 0 83 0
-58 -64 -39 0 83 0
-67 -63 -39 0 83 0
-66 -63 -39 0 83 0
-65 -63 -39 0 83 0
-64 -63 -39 0 83 0
-63 -63 -39 0 83 0
-62 -63 -39 0 83 0
-61 -63 -39 0 83 0
-60 -63 -39 0 83 0
-59 -63 -39 0 83 0
-58 -63 -39 0 83 0
-68 -62 -39 0 83 0
-67 -62 -39 0 83 0
-66 -62 -39 0 83 0
-65 -62 -39 0 83 0
-64 -62 -39 0 83 0
-63 -62 -39 0 83 0
-62 -62 -39 0 83 0
-61 -62 -39 0 83 0
-60 -62 -39 0 83 0
-59 -62 -39 0 83 0
-68 -61 -39 0 83 0
-67 -61 -39 0 83 0
-66 -61 -39 0 83 0
-65 -61 -39 0 83 0
-64 -61 -39 0 83 0
-63 -61 -39 0 83 0
-62 -61 -39 0 83 0
-61 -61 -39 0 83 0
-60 -61 -39 0 83 0
-59 -61 -39 0 83 0
-65 -60 -39 0 83 0
-64 -60 -39 0 83 0
-63 -60 -39 0 83 0
-62 -60 -39 0 83 0
-61 -60 -39 0 83 0
-60 -60 -39 0 83 0
-63 -59 -39 0 83 0
-62 -59 -39 0 83 0
-61 -59 -39 0 83 0
-66 -72 -38 0 83 0
-65 -72 -38 0 83 0
-62 -72 -38 0 83 0
-61 -72 -38 0 83 0
-60 -72 -38 0 83 0
-66 -71 -38 0 83 0
-65 -71 -38 0 83 0
-64 -71 -38 0 83 0
-63 -71 -38 0 83 0
-62 -71 -38 0 83 0
-61 -71 -38 0 83 0
-60 -71 -38 0 83 0
-67 -70 -38 0 83 0
-66 -70 -38 0 83 0
-65 -70 -38 0 83 0
-64 -70 -38 0 83 0
-63 -70 -38 0 83 0
-62 -70 -38 0 83 0
-61 -70 -38 0 83 0
-60 -70 -38 0 83 0
-68 -69 -38 0 83 0
-67 -69 -38 0 83 0
-66 -69 -38 0 83 0
-65 -69 -38 0 83 0
-64 -69 -38 0 83 0
-63 -69 -38 0 83 0
-62 -69 -38 0 83 0
-61 -69 -38 0 83 0
-60 -69 -38 0 83 0
-59 -69 -38 0 83 0
-68 -68 -38 0 83 0
-67 -68 -38 0 83 0
-66 -68 -38 0 83 0
-65 -68 -38 0 83 0
-64 -68 -38 0 83 0
-63 -68 -38 0 83 0
-62 -68 -38 0 83 0
-61 -68 -38 0 83 0
-60 -68 -38 0 83 0
-59 -68 -38 0 83 0
-69 -67 -38 0 83 0
-68 -67 -38 0 83 0
-67 -67 -38 0 83 0
-66 -67 -38 0 83 0
-65 -67 -38 0 83 0
-64 -67 -38 0 83 0
-63 -67 -38 0 83 0
-62 -67 -38 0 83 0
-61 -67 -38 0 83 0
-60 -67 -38 0 83 0
-59 -67 -38 0 83 0
-58 -67 -38 0 83 0
-69 -66 -38 0 83 0
-68 -66 -38 0 83 0
-67 -66 -38 0 83 0
-66 -66 -38 0 83 0
-65 -66 -38 0 83 0
-64 -66 -38 0 83 0
-63 -66 -38 0 83 0
-62 -66 -38 0 83 0
-61 -66 -38 0 83 0
-60 -66 -38 0 83 0
-59 -66 -38 0 83 0
-58 -66 -38 0 83 0
-68 -65 -38 0 83 0
-67 -65 -38 0 83 0
-66 -65 -38 0 83 0
-65 -65 -38 0 83 0
-64 -65 -38 0 83 0
-63 -65 -38 0 83 0
-62 -65 -38 0 83 0
-61 -65 -38 0 83 0
-60 -65 -38 0 83 0
-59 -65 -38 0 83 0
-58 -65 -38 0 83 0
-68 -64 -38 0 83 0
-67 -64 -38 0 83 0
-66 -64 -38 0 83 0
-65 -64 -38 0 83 0
-64 -64 -38 0 83 0
-63 -64 -38 0 83 0
-62 -64 -38 0 83 0
-61 -64 -38 0 83 0
-60 -64 -38 0 83 0
-59 -64 -38 0 83 0
-58 -64 -38 0 83 0
-57 -64 -38 0 83 0
-68 -63 -38 0 83 0
-67 -63 -38 0 83 0
-66 -63 -38 0 83 0
-65 -63 -38 0 83 0
-64 -63 -38 0 83 0
-63 -63 -38 0 83 0
-62 -63 -38 0 83 0
-61 -63 -38 0 83 0
-60 -63 -38 0 83 0
-59 -63 -38 0 83 0
-58 -63 -38 0 83 0
-57 -63 -38 0 83 0
-67 -62 -38 0 83 0
-66 -62 -38 0 83 0
-65 -62 -38 0 83 0
-64 -62 -38 0 83 0
-63 -62 -38 0 83 0
-62 -62 -38 0 83 0
-61 -62 -38 0 83 0
-60 -62 -38 0 83 0
-59 -62 -38 0 83 0
-58 -62 -38 0 83 0
-67 -61 -38 0 83 0
-66 -61 -38 0 83 0
-65 -61 -38 0 83 0
-64 -61 -38 0 83 0
-63 -61 -38 0 83 0
-62 -61 -38 0 83 0
-61 -61 -38 0 83 0
-60 -61 -38 0 83 0
-59 -61 -38 0 83 0
-58 -61 -38 0 83 0
-66 -60 -38 0 83 0
-65 -60 -38 0 83 0
-64 -60 -38 0 83 0
-63 -60 -38 0 83 0
-62 -60 -38 0 83 0
-61 -60 -38 0 83 0
-60 -60 -38 0 83 0
-59 -60 -38 0 83 0
-66 -59 -38 0 83 0
-65 -59 -38 0 83 0
-64 -59 -38 0 83 0
-63 -59 -38 0 83 0
-62 -59 -38 0 83 0
-61 -59 -38 0 83 0
-60 -59 -38 0 83 0
-66 -58 -38 0 83 0
-65 -58 -38 0 83 0
-64 -58 -38 0 83 0
-61 -58 -38 0 83 0
-60 -58 -38 0 83 0
-62 -73 -37 0 83 0
-61 -73 -37 0 83 0
-66 -72 -37 0 83 0
-65 -72 -37 0 83 0
-64 -72 -37 0 83 0
-63 -72 -37 0 83 0
-62 -72 -37 0 83 0
-61 -72 -37 0 83 0
-60 -72 -37 0 83 0
-66 -71 -37 0 83 0
-65 -71 -37 0 83 0
-64 -71 -37 0 83 0
-63 -71 -37 0 83 0
-62 -71 -37 0 83 0
-61 -71 -37 0 83 0
-60 -71 -37 0 83 0
-67 -70 -37 0 83 0
-66 -70 -37 0 83 0
-65 -70 -37 0 83 0
-64 -70 -37 0 83 0
-63 -70 -37 0 83 0
-62 -70 -37 0 83 0
-61 -70 -37 0 83 0
-60 -70 -37 0 83 0
-59 -70 -37 0 83 0
-68 -69 -37 0 83 0
-67 -69 -37 0 83 0
-66 -69 -37 0 83 0
-65 -69 -37 0 83 0
-64 -69 -37 0 83 0
-63 -69 -37 0 83 0
-61 -69 -37 0 83 0
-60 -69 -37 0 83 0
-59 -69 -37 0 83 0
-70 -68 -37 0 83 0
-69 -68 -37 0 83 0
-68 -68 -37 0 83 0
-67 -68 -37 0 83 0
-66 -68 -37 0 83 0
-65 -68 -37 0 83 0
-64 -68 -37 0 83 0
-63 -68 -37 0 83 0
-62 -68 -37 0 83 0
-61 -68 -37 0 83 0
-60 -68 -37 0 83 0
-59 -68 -37 0 83 0
-58 -68 -37 0 83 0
-70 -67 -37 0 83 0
-69 -67 -37 0 83 0
-68 -67 -37 0 83 0
-67 -67 -37 0 83 0
-66 -67 -37 0 83 0
-65 -67 -37 0 83 0
-64 -67 -37 0 83 0
-63 -67 -37 0 83 0
-62 -67 -37 0 83 0
-61 -67 -37 0 83 0
-60 -67 -37 0 83 0
-59 -67 -37 0 83 0
-58 -67 -37 0 83 0
-70 -66 -37 0 83 0
-69 -66 -37 0 83 0
-68 -66 -37 0 83 0
-67 -66 -37 0 83 0
-66 -66 -37 0 83 0
-65 -66 -37 0 83 0
-64 -66 -37 0 83 0
-63 -66 -37 0 83 0
-62 -66 -37 0 83 0
-61 -66 -37 0 83 0
-60 -66 -37 0 83 0
-59 -66 -37 0 83 0
-58 -66 -37 0 83 0
-57 -66 -37 0 83 0
-56 -66 -37 0 83 0
-70 -65 -37 0 83 0
-69 -65 -37 0 83 0
-68 -65 -37 0 83 0
-67 -65 -37 0 83 0
-66 -65 -37 0 83 0
-65 -65 -37 0 83 0
-64 -65 -37 0 83 0
-63 -65 -37 0 83 0
-62 -65 -37 0 83 0
-61 -65 -37 0 83 0
-60 -65 -37 0 83 0
-59 -65 -37 0 83 0
-58 -65 -37 0 83 0
-57 -65 -37 0 83 0
-56 -65 -37 0 83 0
-70 -64 -37 0 83 0
-69 -64 -37 0 83 0
-68 -64 -37 0 83 0
-67 -64 -37 0 83 0
-66 -64 -37 0 83 0
-65 -64 -37 0 83 0
-64 -64 -37 0 83 0
-63 -64 -37 0 83 0
-62 -64 -37 0 83 0
-61 -64 -37 0 83 0
-60 -64 -37 0 83 0
-59 -64 -37 0 83 0
-58 -64 -37 0 83 0
-57 -64 -37 0 83 0
-56 -64 -37 0 83 0
-68 -63 -37 0 83 0
-67 -63 -37 0 83 0
-66 -63 -37 0 83 0
-65 -63 -37 0 83 0
-64 -63 -37 0 83 0
-63 -63 -37 0 83 0
-62 -63 -37 0 83 0
-61 -63 -37 0 83 0
-60 -63 -37 0 83 0
-59 -63 -37 0 83 0
-58 -63 -37 0 83 0
-57 -63 -37 0 83 0
-56 -63 -37 0 83 0
-68 -62 -37 0 83 0
-67 -62 -37 0 83 0
-66 -62 -37 0 83 0
-65 -62 -37 0 83 0
-64 -62 -37 0 83 0
-63 -62 -37 0 83 0
-62 -62 -37 0 83 0
-61 -62 -37 0 83 0
-60 -62 -37 0 83 0
-59 -62 -37 0 83 0
-58 -62 -37 0 83 0
-57 -62 -37 0 83 0
-56 -62 -37 0 83 0
-67 -61 -37 0 83 0
-66 -61 -37 0 83 0
-65 -61 -37 0 83 0
-63 -61 -37 0 83 0
-62 -61 -37 0 83 0
-61 -61 -37 0 83 0
-60 -61 -37 0 83 0
-59 -61 -37 0 83 0
-58 -61 -37 0 83 0
-67 -60 -37 0 83 0
-66 -60 -37 0 83 0
-65 -60 -37 0 83 0
-64 -60 -37 0 83 0
-63 -60 -37 0 83 0
-62 -60 -37 0 83 0
-61 -60 -37 0 83 0
-60 -60 -37 0 83 0
-59 -60 -37 0 83 0
-66 -59 -37 0 83 0
-65 -59 -37 0 83 0
-64 -59 -37 0 83 0
-63 -59 -37 0 83 0
-62 -59 -37 0 83 0
-61 -59 -37 0 83 0
-60 -59 -37 0 83 0
-66 -58 -37 0 83 0
-65 -58 -37 0 83 0
-64 -58 -37 0 83 0
-63 -58 -37 0 83 0
-62 -58 -37 0 83 0
-61 -58 -37 0 83 0
-60 -58 -37 0 83 0
-65 -57 -37 0 83 0
-64 -57 -37 0 83 0
-64 -73 -36 0 83 0
-63 -73 -36 0 83 0
-65 -72 -36 0 83 0
-64 -72 -36 0 83 0
-63 -72 -36 0 83 0
-62 -72 -36 0 83 0
-61 -72 -36 0 83 0
-60 -72 -36 0 83 0
-65 -71 -36 0 83 0
-64 -71 -36 0 83 0
-63 -71 -36 0 83 0
-62 -71 -36 0 83 0
-61 -71 -36 0 83 0
-60 -71 -36 0 83 0
-68 -70 -36 0 83 0
-67 -70 -36 0 83 0
-66 -70 -36 0 83 0
-65 -70 -36 0 83 0
-64 -70 -36 0 83 0
-62 -70 -36 0 83 0
-61 -70 -36 0 83 0
-60 -70 -36 0 83 0
-68 -69 -36 0 83 0
-67 -69 -36 0 83 0
-66 -69 -36 0 83 0
-64 -69 -36 0 83 0
-59 -69 -36 0 83 0
-70 -68 -36 0 83 0
-69 -68 -36 0 83 0
-68 -68 -36 0 83 0
-67 -68 -36 0 83 0
-66 -68 -36 0 83 0
-65 -68 -36 0 83 0
-64 -68 -36 0 83 0
-63 -68 -36 0 83 0
-62 -68 -36 0 83 0
-61 -68 -36 0 83 0
-60 -68 -36 0 83 0
-59 -68 -36 0 83 0
-72 -67 -36 0 83 0
-71 -67 -36 0 83 0
-70 -67 -36 0 83 0
-69 -67 -36 0 83 0
-68 -67 -36 0 83 0
-67 -67 -36 0 83 0
-66 -67 -36 0 83 0
-65 -67 -36 0 83 0
-64 -67 -36 0 83 0
-63 -67 -36 0 83 0
-62 -67 -36 0 83 0
-61 -67 -36 0 83 0
-60 -67 -36 0 83 0
-59 -67 -36 0 83 0
-58 -67 -36 0 83 0
-72 -66 -36 0 83 0
-71 -66 -36 0 83 0
-70 -66 -36 0 83 0
-69 -66 -36 0 83 0
-68 -66 -36 0 83 0
-67 -66 -36 0 83 0
-66 -66 -36 0 83 0
-65 -66 -36 0 83 0
-64 -66 -36 0 83 0
-63 -66 -36 0 83 0
-62 -66 -36 0 83 0
-61 -66 -36 0 83 0
-60 -66 -36 0 83 0
-59 -66 -36 0 83 0
-58 -66 -36 0 83 0
-57 -66 -36 0 83 0
-56 -66 -36 0 83 0
-71 -65 -36 0 83 0
-70 -65 -36 0 83 0
-69 -65 -36 0 83 0
-68 -65 -36 0 83 0
-67 -65 -36 0 83 0
-66 -65 -36 0 83 0
-65 -65 -36 0 83 0
-64 -65 -36 0 83 0
-63 -65 -36 0 83 0
-62 -65 -36 0 83 0
-61 -65 -36 0 83 0
-60 -65 -36 0 83 0
-59 -65 -36 0 83 0
-58 -65 -36 0 83 0
-57 -65 -36 0 83 0
-56 -65 -36 0 83 0
-55 -65 -36 0 83 0
-70 -64 -36 0 83 0
-69 -64 -36 0 83 0
-68 -64 -36 0 83 0
-67 -64 -36 0 83 0
-66 -64 -36 0 83 0
-65 -64 -36 0 83 0
-64 -64 -36 0 83 0
-63 -64 -36 0 83 0
-62 -64 -36 0 83 0
-61 -64 -36 0 83 0
-60 -64 -36 0 83 0
-59 -64 -36 0 83 0
-58 -64 -36 0 83 0
-57 -64 -36 0 83 0
-56 -64 -36 0 83 0
-55 -64 -36 0 83 0
-54 -64 -36 0 83 0
-68 -63 -36 0 83 0
-67 -63 -36 0 83 0
-66 -63 -36 0 83 0
-65 -63 -36 0 83 0
-64 -63 -36 0 83 0
-63 -63 -36 0 83 0
-62 -63 -36 0 83 0
-61 -63 -36 0 83 0
-60 -63 -36 0 83 0
-59 -63 -36 0 83 0
-58 -63 -36 0 83 0
-57 -63 -36 0 83 0
-56 -63 -36 0 83 0
-55 -63 -36 0 83 0
-54 -63 -36 0 83 0
-67 -62 -36 0 83 0
-66 -62 -36 0 83 0
-65 -62 -36 0 83 0
-64 -62 -36 0 83 0
-63 -62 -36 0 83 0
-62 -62 -36 0 83 0
-61 -62 -36 0 83 0
-60 -62 -36 0 83 0
-59 -62 -36 0 83 0
-58 -62 -36 0 83 0
-57 -62 -36 0 83 0
-56 -62 -36 0 83 0
-67 -61 -36 0 83 0
-62 -61 -36 0 83 0
-60 -61 -36 0 83 0
-59 -61 -36 0 83 0
-58 -61 -36 0 83 0
-66 -60 -36 0 83 0
-65 -60 -36 0 83 0
-64 -60 -36 0 83 0
-62 -60 -36 0 83 0
-61 -60 -36 0 83 0
-60 -60 -36 0 83 0
-59 -60 -36 0 83 0
-58 -60 -36 0 83 0
-66 -59 -36 0 83 0
-65 -59 -36 0 83 0
-64 -59 -36 0 83 0
-63 -59 -36 0 83 0
-62 -59 -36 0 83 0
-61 -59 -36 0 83 0
-66 -58 -36 0 83 0
-65 -58 -36 0 83 0
-64 -58 -36 0 83 0
-63 -58 -36 0 83 0
-62 -58 -36 0 83 0
-61 -58 -36 0 83 0
-63 -57 -36 0 83 0
-62 -57 -36 0 83 0
-65 -73 -35 0 83 0
-65 -72 -35 0 83 0
-64 -72 -35 0 83 0
-63 -72 -35 0 83 0
-62 -72 -35 0 83 0
-61 -72 -35 0 83 0
-60 -72 -35 0 83 0
-65 -71 -35 0 83 0
-64 -71 -35 0 83 0
-63 -71 -35 0 83 0
-62 -71 -35 0 83 0
-61 -71 -35 0 83 0
-60 -71 -35 0 83 0
-68 -70 -35 0 83 0
-67 -70 -35 0 83 0
-62 -70 -35 0 83 0
-61 -70 -35 0 83 0
-60 -70 -35 0 83 0
-59 -70 -35 0 83 0
-68 -69 -35 0 83 0
-67 -69 -35 0 83 0
-60 -69 -35 0 83 0
-59 -69 -35 0 83 0
-68 -68 -35 0 83 0
-67 -68 -35 0 83 0
-65 -68 -35 0 83 0
-64 -68 -35 0 83 0
-63 -68 -35 0 83 0
-62 -68 -35 0 83 0
-61 -68 -35 0 83 0
-60 -68 -35 0 83 0
-59 -68 -35 0 83 0
-72 -67 -35 0 83 0
-71 -67 -35 0 83 0
-69 -67 -35 0 83 0
-68 -67 -35 0 83 0
-67 -67 -35 0 83 0
-66 -67 -35 0 83 0
-65 -67 -35 0 83 0
-64 -67 -35 0 83 0
-63 -67 -35 0 83 0
-62 -67 -35 0 83 0
-61 -67 -35 0 83 0
-60 -67 -35 0 83 0
-59 -67 -35 0 83 0
-72 -66 -35 0 83 0
-71 -66 -35 0 83 0
-70 -66 -35 0 83 0
-69 -66 -35 0 83 0
-68 -66 -35 0 83 0
-67 -66 -35 0 83 0
-65 -66 -35 0 83 0
-64 -66 -35 0 83 0
-63 -66 -35 0 83 0
-62 -66 -35 0 83 0
-61 -66 -35 0 83 0
-58 -66 -35 0 83 0
-57 -66 -35 0 83 0
-56 -66 -35 0 83 0
-71 -65 -35 0 83 0
-70 -65 -35 0 83 0
-69 -65 -35 0 83 0
-68 -65 -35 0 83 0
-66 -65 -35 0 83 0
-65 -65 -35 0 83 0
-64 -65 -35 0 83 0
-63 -65 -35 0 83 0
-62 -65 -35 0 83 0
-61 -65 -35 0 83 0
-60 -65 -35 0 83 0
-58 -65 -35 0 83 0
-57 -65 -35 0 83 0
-56 -65 -35 0 83 0
-55 -65 -35 0 83 0
-70 -64 -35 0 83 0
-69 -64 -35 0 83 0
-68 -64 -35 0 83 0
-65 -64 -35 0 83 0
-64 -64 -35 0 83 0
-63 -64 -35 0 83 0
-62 -64 -35 0 83 0
-61 -64 -35 0 83 0
-59 -64 -35 0 83 0
-58 -64 -35 0 83 0
-57 -64 -35 0 83 0
-56 -64 -35 0 83 0
-55 -64 -35 0 83 0
-54 -64 -35 0 83 0
-67 -63 -35 0 83 0
-66 -63 -35 0 83 0
-65 -63 -35 0 83 0
-64 -63 -35 0 83 0
-63 -63 -35 0 83 0
-62 -63 -35 0 83 0
-61 -63 -35 0 83 0
-60 -63 -35 0 83 0
-59 -63 -35 0 83 0
-58 -63 -35 0 83 0
-57 -63 -35 0 83 0
-55 -63 -35 0 83 0
-54 -63 -35 0 83 0
-67 -62 -35 0 83 0
-66 -62 -35 0 83 0
-65 -62 -35 0 83 0
-64 -62 -35 0 83 0
-63 -62 -35 0 83 0
-62 -62 -35 0 83 0
-61 -62 -35 0 83 0
-59 -62 -35 0 83 0
-58 -62 -35 0 83 0
-67 -61 -35 0 83 0
-66 -61 -35 0 83 0
-59 -61 -35 0 83 0
-58 -61 -35 0 83 0
-67 -60 -35 0 83 0
-66 -60 -35 0 83 0
-65 -60 -35 0 83 0
-64 -60 -35 0 83 0
-59 -60 -35 0 83 0
-58 -60 -35 0 83 0
-66 -59 -35 0 83 0
-65 -59 -35 0 83 0
-64 -59 -35 0 83 0
-63 -59 -35 0 83 0
-62 -59 -35 0 83 0
-61 -59 -35 0 83 0
-66 -58 -35 0 83 0
-65 -58 -35 0 83 0
-64 -58 -35 0 83 0
-63 -58 -35 0 83 0
-62 -58 -35 0 83 0
-61 -58 -35 0 83 0
-61 -57 -35 0 83 0
-61 -73 -34 0 83 0
-61 -72 -34 0 83 0
-60 -72 -34 0 83 0
-59 -72 -34 0 83 0
-62 -71 -34 0 83 0
-61 -71 -34 0 83 0
-60 -71 -34 0 83 0
-62 -70 -34 0 83 0
-61 -70 -34 0 83 0
-61 -68 -34 0 83 0
-60 -68 -34 0 83 0
-59 -68 -34 0 83 0
-58 -68 -34 0 83 0
-57 -68 -34 0 83 0
-66 -67 -34 0 83 0
-65 -67 -34 0 83 0
-64 -67 -34 0 83 0
-63 -67 -34 0 83 0
-62 -67 -34 0 83 0
-61 -67 -34 0 83 0
-60 -67 -34 0 83 0
-59 -67 -34 0 83 0
-58 -67 -34 0 83 0
-57 -67 -34 0 83 0
-66 -66 -34 0 83 0
-65 -66 -34 0 83 0
-64 -66 -34 0 83 0
-63 -66 -34 0 83 0
-62 -66 -34 0 83 0
-61 -66 -34 0 83 0
-60 -66 -34 0 83 0
-59 -66 -34 0 83 0
-58 -66 -34 0 83 0
-57 -66 -34 0 83 0
-66 -65 -34 0 83 0
-65 -65 -34 0 83 0
-64 -65 -34 0 83 0
-63 -65 -34 0 83 0
-62 -65 -34 0 83 0
-61 -65 -34 0 83 0
-60 -65 -34 0 83 0
-69 -64 -34 0 83 0
-68 -64 -34 0 83 0
-67 -64 -34 0 83 0
-66 -64 -34 0 83 0
-65 -64 -34 0 83 0
-64 -64 -34 0 83 0
-63 -64 -34 0 83 0
-62 -64 -34 0 83 0
-61 -64 -34 0 83 0
-60 -64 -34 0 83 0
-69 -63 -34 0 83 0
-68 -63 -34 0 83 0
-67 -63 -34 0 83 0
-66 -63 -34 0 83 0
-65 -63 -34 0 83 0
-64 -63 -34 0 83 0
-63 -63 -34 0 83 0
-62 -63 -34 0 83 0
-61 -63 -34 0 83 0
-60 -63 -34 0 83 0
-69 -62 -34 0 83 0
-68 -62 -34 0 83 0
-67 -62 -34 0 83 0
-66 -62 -34 0 83 0
-65 -62 -34 0 83 0
-65 -60 -34 0 83 0
-64 -60 -34 0 83 0
-66 -59 -34 0 83 0
-65 -59 -34 0 83 0
-64 -59 -34 0 83 0
-67 -58 -34 0 83 0
-66 -58 -34 0 83 0
-65 -58 -34 0 83 0
-65 -57 -34 0 83 0
-66 -67 -33 0 83 0
-65 -67 -33 0 83 0
-64 -67 -33 0 83 0
-63 -67 -33 0 83 0
-61 -67 -33 0 83 0
-66 -66 -33 0 83 0
-65 -66 -33 0 83 0
-64 -66 -33 0 83 0
-63 -66 -33 0 83 0
-61 -66 -33 0 83 0
-66 -65 -33 0 83 0
-65 -65 -33 0 83 0
-61 -65 -33 0 83 0
-60 -65 -33 0 83 0
-65 -64 -33 0 83 0
-63 -64 -33 0 83 0
-62 -64 -33 0 83 0
-61 -64 -33 0 83 0
-60 -64 -33 0 83 0
-65 -63 -33 0 83 0
-63 -63 -33 0 83 0
-62 -63 -33 0 83 0
-61 -63 -33 0 83 0
-60 -63 -33 0 83 0
-61 -67 -32 0 83 0
-65 -66 -32 0 83 0
-61 -66 -32 0 83 0
-66 -65 -32 0 83 0
-65 -65 -32 0 83 0
-61 -65 -32 0 83 0
-60 -65 -32 0 83 0
-65 -64 -32 0 83 0
-61 -64 -32 0 83 0
-65 -63 -32 0 83 0
