ply
format ascii 1.0
comment : MagicaVoxel @ Ephtracy
element vertex 1600
property float x
property float z
property float y
property uchar red
property uchar green
property uchar blue
origin 20 0 20
scale 0.026 0.026 0.026
end_header
0 0 20 34 34 34
1 0 20 34 34 34
2 0 20 34 34 34
3 0 20 34 34 34
4 0 20 34 34 34
5 0 20 34 34 34
6 0 20 34 34 34
7 0 20 34 34 34
8 0 20 34 34 34
9 0 20 34 34 34
10 0 20 34 34 34
11 0 20 34 34 34
12 0 20 34 34 34
13 0 20 34 34 34
14 0 20 34 34 34
15 0 20 34 34 34
16 0 20 34 34 34
17 0 20 34 34 34
18 0 20 34 34 34
19 0 20 34 34 34
20 0 20 34 34 34
21 0 20 34 34 34
22 0 20 34 34 34
23 0 20 34 34 34
24 0 20 34 34 34
25 0 20 34 34 34
26 0 20 34 34 34
27 0 20 34 34 34
28 0 20 34 34 34
29 0 20 34 34 34
30 0 20 34 34 34
31 0 20 34 34 34
32 0 20 34 34 34
33 0 20 34 34 34
34 0 20 34 34 34
35 0 20 34 34 34
36 0 20 34 34 34
37 0 20 34 34 34
38 0 20 34 34 34
39 0 20 34 34 34
0 1 20 34 34 34
1 1 20 34 34 34
2 1 20 34 34 34
3 1 20 34 34 34
4 1 20 34 34 34
5 1 20 34 34 34
6 1 20 34 34 34
7 1 20 34 34 34
8 1 20 34 34 34
9 1 20 34 34 34
10 1 20 34 34 34
11 1 20 34 34 34
12 1 20 34 34 34
13 1 20 34 34 34
14 1 20 34 34 34
15 1 20 34 34 34
16 1 20 34 34 34
17 1 20 34 34 34
18 1 20 34 34 34
19 1 20 34 34 34
20 1 20 34 34 34
21 1 20 34 34 34
22 1 20 34 34 34
23 1 20 34 34 34
24 1 20 34 34 34
25 1 20 34 34 34
26 1 20 34 34 34
27 1 20 34 34 34
28 1 20 34 34 34
29 1 20 34 34 34
30 1 20 34 34 34
31 1 20 34 34 34
32 1 20 34 34 34
33 1 20 34 34 34
34 1 20 34 34 34
35 1 20 34 34 34
36 1 20 34 34 34
37 1 20 34 34 34
38 1 20 34 34 34
39 1 20 34 34 34
0 2 20 34 34 34
1 2 20 34 34 34
2 2 20 34 34 34
3 2 20 34 34 34
4 2 20 34 34 34
5 2 20 34 34 34
6 2 20 34 34 34
7 2 20 34 34 34
8 2 20 34 34 34
9 2 20 34 34 34
10 2 20 34 34 34
11 2 20 34 34 34
12 2 20 34 34 34
13 2 20 34 34 34
14 2 20 34 34 34
15 2 20 34 34 34
16 2 20 34 34 34
17 2 20 34 34 34
18 2 20 34 34 34
19 2 20 34 34 34
20 2 20 34 34 34
21 2 20 34 34 34
22 2 20 34 34 34
23 2 20 34 34 34
24 2 20 34 34 34
25 2 20 34 34 34
26 2 20 34 34 34
27 2 20 34 34 34
28 2 20 34 34 34
29 2 20 34 34 34
30 2 20 34 34 34
31 2 20 34 34 34
32 2 20 34 34 34
33 2 20 34 34 34
34 2 20 34 34 34
35 2 20 34 34 34
36 2 20 34 34 34
37 2 20 34 34 34
38 2 20 34 34 34
39 2 20 34 34 34
0 3 20 34 34 34
1 3 20 34 34 34
2 3 20 34 34 34
3 3 20 34 34 34
4 3 20 34 34 34
5 3 20 34 34 34
6 3 20 34 34 34
7 3 20 34 34 34
8 3 20 34 34 34
9 3 20 34 34 34
10 3 20 34 34 34
11 3 20 34 34 34
12 3 20 34 34 34
13 3 20 34 34 34
14 3 20 34 34 34
15 3 20 34 34 34
16 3 20 34 34 34
17 3 20 34 34 34
18 3 20 34 34 34
19 3 20 34 34 34
20 3 20 34 34 34
21 3 20 34 34 34
22 3 20 34 34 34
23 3 20 34 34 34
24 3 20 34 34 34
25 3 20 34 34 34
26 3 20 34 34 34
27 3 20 34 34 34
28 3 20 34 34 34
29 3 20 34 34 34
30 3 20 34 34 34
31 3 20 34 34 34
32 3 20 34 34 34
33 3 20 34 34 34
34 3 20 34 34 34
35 3 20 34 34 34
36 3 20 34 34 34
37 3 20 34 34 34
38 3 20 34 34 34
39 3 20 34 34 34
39 19 20 34 34 34
38 19 20 34 34 34
37 19 20 34 34 34
36 19 20 34 34 34
35 19 20 34 34 34
34 19 20 34 34 34
33 19 20 34 34 34
32 19 20 34 34 34
31 19 20 34 34 34
30 19 20 34 34 34
29 19 20 34 34 34
28 19 20 34 34 34
27 19 20 34 34 34
26 19 20 34 34 34
25 19 20 34 34 34
24 19 20 34 34 34
23 19 20 34 34 34
22 19 20 34 34 34
21 19 20 34 34 34
20 19 20 34 34 34
19 19 20 34 34 34
18 19 20 34 34 34
17 19 20 34 34 34
16 19 20 34 34 34
15 19 20 34 34 34
14 19 20 34 34 34
13 19 20 34 34 34
12 19 20 34 34 34
37 30 20 34 34 34
38 39 20 34 34 34
37 39 20 34 34 34
36 39 20 34 34 34
35 39 20 34 34 34
34 39 20 34 34 34
33 39 20 34 34 34
4 19 20 34 34 34
3 19 20 34 34 34
2 19 20 34 34 34
1 19 20 34 34 34
0 19 20 34 34 34
39 33 20 34 34 34
38 33 20 34 34 34
37 33 20 34 34 34
36 33 20 34 34 34
35 33 20 34 34 34
34 33 20 34 34 34
33 33 20 34 34 34
32 33 20 34 34 34
31 33 20 34 34 34
30 33 20 34 34 34
29 33 20 34 34 34
28 33 20 34 34 34
27 33 20 34 34 34
26 33 20 34 34 34
25 33 20 34 34 34
24 33 20 34 34 34
23 33 20 34 34 34
22 33 20 34 34 34
21 33 20 34 34 34
20 33 20 34 34 34
19 33 20 34 34 34
18 33 20 34 34 34
17 33 20 34 34 34
16 33 20 34 34 34
15 33 20 34 34 34
14 33 20 34 34 34
13 33 20 34 34 34
12 33 20 34 34 34
11 33 20 34 34 34
10 33 20 34 34 34
9 33 20 34 34 34
8 33 20 34 34 34
7 33 20 34 34 34
6 33 20 34 34 34
5 33 20 34 34 34
4 33 20 34 34 34
3 33 20 34 34 34
2 33 20 34 34 34
1 33 20 34 34 34
0 33 20 34 34 34
0 6 20 34 34 34
1 6 20 34 34 34
2 6 20 34 34 34
3 6 20 34 34 34
4 6 20 34 34 34
5 6 20 34 34 34
6 6 20 34 34 34
7 6 20 34 34 34
8 6 20 34 34 34
9 6 20 34 34 34
10 6 20 34 34 34
11 6 20 34 34 34
12 6 20 34 34 34
13 6 20 34 34 34
14 6 20 34 34 34
15 6 20 34 34 34
16 6 20 34 34 34
17 6 20 34 34 34
18 6 20 34 34 34
19 6 20 34 34 34
20 6 20 34 34 34
21 6 20 34 34 34
22 6 20 34 34 34
23 6 20 34 34 34
24 6 20 34 34 34
25 6 20 34 34 34
26 6 20 34 34 34
27 6 20 34 34 34
28 6 20 34 34 34
29 6 20 34 34 34
30 6 20 34 34 34
31 6 20 34 34 34
32 6 20 34 34 34
33 6 20 34 34 34
34 6 20 34 34 34
35 6 20 34 34 34
36 6 20 34 34 34
37 6 20 34 34 34
38 6 20 34 34 34
39 6 20 34 34 34
0 7 20 34 34 34
1 7 20 34 34 34
2 7 20 34 34 34
3 7 20 34 34 34
4 7 20 34 34 34
5 7 20 34 34 34
6 7 20 34 34 34
7 7 20 34 34 34
8 7 20 34 34 34
9 7 20 34 34 34
10 7 20 34 34 34
11 7 20 34 34 34
12 7 20 34 34 34
13 7 20 34 34 34
14 7 20 34 34 34
15 7 20 34 34 34
16 7 20 34 34 34
17 7 20 34 34 34
18 7 20 34 34 34
19 7 20 34 34 34
20 7 20 34 34 34
21 7 20 34 34 34
22 7 20 34 34 34
23 7 20 34 34 34
24 7 20 34 34 34
25 7 20 34 34 34
26 7 20 34 34 34
27 7 20 34 34 34
28 7 20 34 34 34
29 7 20 34 34 34
30 7 20 34 34 34
31 7 20 34 34 34
32 7 20 34 34 34
33 7 20 34 34 34
34 7 20 34 34 34
35 7 20 34 34 34
36 7 20 34 34 34
37 7 20 34 34 34
38 7 20 34 34 34
39 7 20 34 34 34
0 8 20 34 34 34
1 8 20 34 34 34
2 8 20 34 34 34
3 8 20 34 34 34
4 8 20 34 34 34
5 8 20 34 34 34
6 8 20 34 34 34
7 8 20 34 34 34
8 8 20 34 34 34
9 8 20 34 34 34
10 8 20 34 34 34
11 8 20 34 34 34
12 8 20 34 34 34
13 8 20 34 34 34
14 8 20 34 34 34
15 8 20 34 34 34
16 8 20 34 34 34
17 8 20 34 34 34
18 8 20 34 34 34
19 8 20 34 34 34
20 8 20 34 34 34
21 8 20 34 34 34
22 8 20 34 34 34
23 8 20 34 34 34
24 8 20 34 34 34
25 8 20 34 34 34
26 8 20 34 34 34
27 8 20 34 34 34
28 8 20 34 34 34
29 8 20 34 34 34
30 8 20 34 34 34
31 8 20 34 34 34
32 8 20 34 34 34
33 8 20 34 34 34
34 8 20 34 34 34
35 8 20 34 34 34
36 8 20 34 34 34
37 8 20 34 34 34
38 8 20 34 34 34
39 8 20 34 34 34
0 9 20 34 34 34
1 9 20 34 34 34
2 9 20 34 34 34
3 9 20 34 34 34
4 9 20 34 34 34
5 9 20 34 34 34
6 9 20 34 34 34
7 9 20 34 34 34
8 9 20 34 34 34
9 9 20 34 34 34
10 9 20 34 34 34
11 9 20 34 34 34
12 9 20 34 34 34
13 9 20 34 34 34
14 9 20 34 34 34
15 9 20 34 34 34
16 9 20 34 34 34
17 9 20 34 34 34
18 9 20 34 34 34
19 9 20 34 34 34
20 9 20 34 34 34
21 9 20 34 34 34
22 9 20 34 34 34
23 9 20 34 34 34
24 9 20 34 34 34
25 9 20 34 34 34
26 9 20 34 34 34
27 9 20 34 34 34
28 9 20 34 34 34
29 9 20 34 34 34
30 9 20 34 34 34
31 9 20 34 34 34
32 9 20 34 34 34
33 9 20 34 34 34
34 9 20 34 34 34
35 9 20 34 34 34
36 9 20 34 34 34
37 9 20 34 34 34
38 9 20 34 34 34
39 9 20 34 34 34
0 10 20 34 34 34
1 10 20 34 34 34
2 10 20 34 34 34
3 10 20 34 34 34
4 10 20 34 34 34
5 10 20 34 34 34
6 10 20 34 34 34
7 10 20 34 34 34
8 10 20 34 34 34
9 10 20 34 34 34
10 10 20 34 34 34
11 10 20 34 34 34
12 10 20 34 34 34
13 10 20 34 34 34
14 10 20 34 34 34
15 10 20 34 34 34
16 10 20 34 34 34
17 10 20 34 34 34
18 10 20 34 34 34
19 10 20 34 34 34
20 10 20 34 34 34
21 10 20 34 34 34
22 10 20 34 34 34
23 10 20 34 34 34
24 10 20 34 34 34
25 10 20 34 34 34
26 10 20 34 34 34
27 10 20 34 34 34
28 10 20 34 34 34
29 10 20 34 34 34
30 10 20 34 34 34
31 10 20 34 34 34
32 10 20 34 34 34
33 10 20 34 34 34
34 10 20 34 34 34
35 10 20 34 34 34
36 10 20 34 34 34
37 10 20 34 34 34
38 10 20 34 34 34
39 10 20 34 34 34
0 11 20 34 34 34
1 11 20 34 34 34
2 11 20 34 34 34
3 11 20 34 34 34
4 11 20 34 34 34
5 11 20 34 34 34
6 11 20 34 34 34
7 11 20 34 34 34
8 11 20 34 34 34
9 11 20 34 34 34
10 11 20 34 34 34
11 11 20 34 34 34
12 11 20 34 34 34
13 11 20 34 34 34
14 11 20 34 34 34
15 11 20 34 34 34
16 11 20 34 34 34
17 11 20 34 34 34
18 11 20 34 34 34
19 11 20 34 34 34
20 11 20 34 34 34
21 11 20 34 34 34
22 11 20 34 34 34
23 11 20 34 34 34
24 11 20 34 34 34
25 11 20 34 34 34
26 11 20 34 34 34
27 11 20 34 34 34
28 11 20 34 34 34
29 11 20 34 34 34
30 11 20 34 34 34
31 11 20 34 34 34
32 11 20 34 34 34
33 11 20 34 34 34
34 11 20 34 34 34
35 11 20 34 34 34
36 11 20 34 34 34
37 11 20 34 34 34
38 11 20 34 34 34
39 11 20 34 34 34
0 12 20 34 34 34
1 12 20 34 34 34
2 12 20 34 34 34
3 12 20 34 34 34
4 12 20 34 34 34
5 12 20 34 34 34
6 12 20 34 34 34
7 12 20 34 34 34
8 12 20 34 34 34
9 12 20 34 34 34
10 12 20 34 34 34
11 12 20 34 34 34
12 12 20 34 34 34
13 12 20 34 34 34
14 12 20 34 34 34
15 12 20 34 34 34
16 12 20 34 34 34
17 12 20 34 34 34
18 12 20 34 34 34
19 12 20 34 34 34
20 12 20 34 34 34
21 12 20 34 34 34
22 12 20 34 34 34
23 12 20 34 34 34
24 12 20 34 34 34
25 12 20 34 34 34
26 12 20 34 34 34
27 12 20 34 34 34
28 12 20 34 34 34
29 12 20 34 34 34
30 12 20 34 34 34
31 12 20 34 34 34
32 12 20 34 34 34
33 12 20 34 34 34
34 12 20 34 34 34
35 12 20 34 34 34
36 12 20 34 34 34
37 12 20 34 34 34
38 12 20 34 34 34
39 12 20 34 34 34
0 13 20 34 34 34
1 13 20 34 34 34
2 13 20 34 34 34
3 13 20 34 34 34
4 13 20 34 34 34
5 13 20 34 34 34
6 13 20 34 34 34
7 13 20 34 34 34
8 13 20 34 34 34
9 13 20 34 34 34
10 13 20 34 34 34
11 13 20 34 34 34
12 13 20 34 34 34
13 13 20 34 34 34
14 13 20 34 34 34
15 13 20 34 34 34
16 13 20 34 34 34
17 13 20 34 34 34
18 13 20 34 34 34
19 13 20 34 34 34
20 13 20 34 34 34
21 13 20 34 34 34
22 13 20 34 34 34
23 13 20 34 34 34
24 13 20 34 34 34
25 13 20 34 34 34
26 13 20 34 34 34
27 13 20 34 34 34
28 13 20 34 34 34
29 13 20 34 34 34
30 13 20 34 34 34
31 13 20 34 34 34
32 13 20 34 34 34
33 13 20 34 34 34
34 13 20 34 34 34
35 13 20 34 34 34
36 13 20 34 34 34
37 13 20 34 34 34
38 13 20 34 34 34
39 13 20 34 34 34
0 14 20 34 34 34
1 14 20 34 34 34
2 14 20 34 34 34
3 14 20 34 34 34
4 14 20 34 34 34
5 14 20 34 34 34
6 14 20 34 34 34
7 14 20 34 34 34
8 14 20 34 34 34
9 14 20 34 34 34
10 14 20 34 34 34
11 14 20 34 34 34
12 14 20 34 34 34
13 14 20 34 34 34
14 14 20 34 34 34
15 14 20 34 34 34
16 14 20 34 34 34
17 14 20 34 34 34
18 14 20 34 34 34
19 14 20 34 34 34
20 14 20 34 34 34
21 14 20 34 34 34
22 14 20 34 34 34
23 14 20 34 34 34
24 14 20 34 34 34
25 14 20 34 34 34
26 14 20 34 34 34
27 14 20 34 34 34
28 14 20 34 34 34
29 14 20 34 34 34
30 14 20 34 34 34
31 14 20 34 34 34
32 14 20 34 34 34
33 14 20 34 34 34
34 14 20 34 34 34
35 14 20 34 34 34
36 14 20 34 34 34
37 14 20 34 34 34
38 14 20 34 34 34
39 14 20 34 34 34
0 15 20 34 34 34
1 15 20 34 34 34
2 15 20 34 34 34
3 15 20 34 34 34
4 15 20 34 34 34
5 15 20 34 34 34
6 15 20 34 34 34
7 15 20 34 34 34
8 15 20 34 34 34
9 15 20 34 34 34
10 15 20 34 34 34
11 15 20 34 34 34
12 15 20 34 34 34
13 15 20 34 34 34
14 15 20 34 34 34
15 15 20 34 34 34
16 15 20 34 34 34
17 15 20 34 34 34
18 15 20 34 34 34
19 15 20 34 34 34
20 15 20 34 34 34
21 15 20 34 34 34
22 15 20 34 34 34
23 15 20 34 34 34
24 15 20 34 34 34
25 15 20 34 34 34
26 15 20 34 34 34
27 15 20 34 34 34
28 15 20 34 34 34
29 15 20 34 34 34
30 15 20 34 34 34
31 15 20 34 34 34
32 15 20 34 34 34
33 15 20 34 34 34
34 15 20 34 34 34
35 15 20 34 34 34
36 15 20 34 34 34
37 15 20 34 34 34
38 15 20 34 34 34
39 15 20 34 34 34
0 16 20 34 34 34
1 16 20 34 34 34
2 16 20 34 34 34
3 16 20 34 34 34
4 16 20 34 34 34
5 16 20 34 34 34
6 16 20 34 34 34
7 16 20 34 34 34
8 16 20 34 34 34
9 16 20 34 34 34
10 16 20 34 34 34
11 16 20 34 34 34
12 16 20 34 34 34
13 16 20 34 34 34
14 16 20 34 34 34
15 16 20 34 34 34
16 16 20 34 34 34
17 16 20 34 34 34
18 16 20 34 34 34
19 16 20 34 34 34
20 16 20 34 34 34
21 16 20 34 34 34
22 16 20 34 34 34
23 16 20 34 34 34
24 16 20 34 34 34
25 16 20 34 34 34
26 16 20 34 34 34
27 16 20 34 34 34
39 34 20 34 34 34
29 16 20 34 34 34
30 16 20 34 34 34
31 16 20 34 34 34
32 16 20 34 34 34
33 16 20 34 34 34
34 16 20 34 34 34
35 16 20 34 34 34
36 16 20 34 34 34
37 16 20 34 34 34
38 16 20 34 34 34
39 16 20 34 34 34
0 17 20 34 34 34
1 17 20 34 34 34
2 17 20 34 34 34
3 17 20 34 34 34
4 17 20 34 34 34
5 17 20 34 34 34
6 17 20 34 34 34
7 17 20 34 34 34
8 17 20 34 34 34
9 17 20 34 34 34
10 17 20 34 34 34
11 17 20 34 34 34
12 17 20 34 34 34
13 17 20 34 34 34
14 17 20 34 34 34
15 17 20 34 34 34
16 17 20 34 34 34
17 17 20 34 34 34
18 17 20 34 34 34
19 17 20 34 34 34
20 17 20 34 34 34
21 17 20 34 34 34
22 17 20 34 34 34
23 17 20 34 34 34
24 17 20 34 34 34
25 17 20 34 34 34
26 17 20 34 34 34
27 17 20 34 34 34
28 17 20 34 34 34
29 17 20 34 34 34
30 17 20 34 34 34
31 17 20 34 34 34
32 17 20 34 34 34
33 17 20 34 34 34
34 17 20 34 34 34
35 17 20 34 34 34
36 17 20 34 34 34
37 17 20 34 34 34
38 17 20 34 34 34
39 17 20 34 34 34
0 18 20 34 34 34
1 18 20 34 34 34
2 18 20 34 34 34
3 18 20 34 34 34
4 18 20 34 34 34
32 39 20 34 34 34
31 39 20 34 34 34
30 39 20 34 34 34
29 39 20 34 34 34
28 39 20 34 34 34
27 39 20 34 34 34
26 39 20 34 34 34
12 18 20 34 34 34
13 18 20 34 34 34
14 18 20 34 34 34
15 18 20 34 34 34
16 18 20 34 34 34
17 18 20 34 34 34
18 18 20 34 34 34
19 18 20 34 34 34
20 18 20 34 34 34
21 18 20 34 34 34
22 18 20 34 34 34
23 18 20 34 34 34
24 18 20 34 34 34
25 18 20 34 34 34
26 18 20 34 34 34
27 18 20 34 34 34
28 18 20 34 34 34
29 18 20 34 34 34
30 18 20 34 34 34
31 18 20 34 34 34
32 18 20 34 34 34
33 18 20 34 34 34
34 18 20 34 34 34
35 18 20 34 34 34
36 18 20 34 34 34
37 18 20 34 34 34
38 18 20 34 34 34
39 18 20 34 34 34
39 20 20 34 34 34
38 20 20 34 34 34
37 20 20 34 34 34
36 20 20 34 34 34
35 20 20 34 34 34
34 20 20 34 34 34
33 20 20 34 34 34
32 20 20 34 34 34
31 20 20 34 34 34
30 20 20 34 34 34
29 20 20 34 34 34
28 20 20 34 34 34
27 20 20 34 34 34
26 20 20 34 34 34
25 20 20 34 34 34
24 20 20 34 34 34
0 20 20 34 34 34
23 20 20 34 34 34
1 20 20 34 34 34
22 20 20 34 34 34
2 20 20 34 34 34
21 20 20 34 34 34
3 20 20 34 34 34
20 20 20 34 34 34
4 20 20 34 34 34
19 20 20 34 34 34
25 39 20 34 34 34
18 20 20 34 34 34
24 39 20 34 34 34
17 20 20 34 34 34
23 39 20 34 34 34
16 20 20 34 34 34
22 39 20 34 34 34
15 20 20 34 34 34
21 39 20 34 34 34
14 20 20 34 34 34
20 39 20 34 34 34
13 20 20 34 34 34
19 39 20 34 34 34
12 20 20 34 34 34
28 16 20 34 34 34
38 34 20 34 34 34
37 34 20 34 34 34
36 34 20 34 34 34
35 34 20 34 34 34
34 34 20 34 34 34
33 34 20 34 34 34
32 34 20 34 34 34
31 34 20 34 34 34
30 34 20 34 34 34
29 34 20 34 34 34
28 34 20 34 34 34
27 34 20 34 34 34
26 34 20 34 34 34
25 34 20 34 34 34
24 34 20 34 34 34
23 34 20 34 34 34
22 34 20 34 34 34
21 34 20 34 34 34
20 34 20 34 34 34
19 34 20 34 34 34
18 34 20 34 34 34
17 34 20 34 34 34
16 34 20 34 34 34
15 34 20 34 34 34
14 34 20 34 34 34
13 34 20 34 34 34
12 34 20 34 34 34
11 34 20 34 34 34
10 34 20 34 34 34
9 34 20 34 34 34
8 34 20 34 34 34
7 34 20 34 34 34
6 34 20 34 34 34
5 34 20 34 34 34
4 34 20 34 34 34
3 34 20 34 34 34
2 34 20 34 34 34
1 34 20 34 34 34
0 34 20 34 34 34
0 21 20 34 34 34
1 21 20 34 34 34
2 21 20 34 34 34
3 21 20 34 34 34
4 21 20 34 34 34
18 39 20 34 34 34
17 39 20 34 34 34
16 39 20 34 34 34
15 39 20 34 34 34
14 39 20 34 34 34
13 39 20 34 34 34
12 39 20 34 34 34
12 21 20 34 34 34
13 21 20 34 34 34
14 21 20 34 34 34
15 21 20 34 34 34
16 21 20 34 34 34
17 21 20 34 34 34
18 21 20 34 34 34
19 21 20 34 34 34
20 21 20 34 34 34
21 21 20 34 34 34
22 21 20 34 34 34
23 21 20 34 34 34
24 21 20 34 34 34
25 21 20 34 34 34
26 21 20 34 34 34
27 21 20 34 34 34
28 21 20 34 34 34
29 21 20 34 34 34
30 21 20 34 34 34
31 21 20 34 34 34
32 21 20 34 34 34
33 21 20 34 34 34
34 21 20 34 34 34
35 21 20 34 34 34
36 21 20 34 34 34
37 21 20 34 34 34
38 21 20 34 34 34
39 21 20 34 34 34
0 22 20 34 34 34
1 22 20 34 34 34
2 22 20 34 34 34
3 22 20 34 34 34
4 22 20 34 34 34
11 39 20 34 34 34
10 39 20 34 34 34
9 39 20 34 34 34
8 39 20 34 34 34
7 39 20 34 34 34
6 39 20 34 34 34
5 39 20 34 34 34
12 22 20 34 34 34
13 22 20 34 34 34
14 22 20 34 34 34
15 22 20 34 34 34
16 22 20 34 34 34
17 22 20 34 34 34
18 22 20 34 34 34
19 22 20 34 34 34
20 22 20 34 34 34
21 22 20 34 34 34
22 22 20 34 34 34
23 22 20 34 34 34
24 22 20 34 34 34
25 22 20 34 34 34
26 22 20 34 34 34
27 22 20 34 34 34
28 22 20 34 34 34
29 22 20 34 34 34
30 22 20 34 34 34
31 22 20 34 34 34
32 22 20 34 34 34
33 22 20 34 34 34
34 22 20 34 34 34
35 22 20 34 34 34
36 22 20 34 34 34
37 22 20 34 34 34
38 22 20 34 34 34
39 22 20 34 34 34
0 23 20 34 34 34
1 23 20 34 34 34
2 23 20 34 34 34
3 23 20 34 34 34
4 23 20 34 34 34
4 39 20 34 34 34
3 39 20 34 34 34
2 39 20 34 34 34
1 39 20 34 34 34
0 39 20 34 34 34
39 38 20 34 34 34
38 38 20 34 34 34
12 23 20 34 34 34
13 23 20 34 34 34
14 23 20 34 34 34
15 23 20 34 34 34
16 23 20 34 34 34
17 23 20 34 34 34
18 23 20 34 34 34
19 23 20 34 34 34
20 23 20 34 34 34
21 23 20 34 34 34
22 23 20 34 34 34
23 23 20 34 34 34
24 23 20 34 34 34
25 23 20 34 34 34
26 23 20 34 34 34
27 23 20 34 34 34
28 23 20 34 34 34
29 23 20 34 34 34
30 23 20 34 34 34
31 23 20 34 34 34
32 23 20 34 34 34
33 23 20 34 34 34
34 23 20 34 34 34
35 23 20 34 34 34
36 23 20 34 34 34
37 23 20 34 34 34
38 23 20 34 34 34
39 23 20 34 34 34
0 24 20 34 34 34
1 24 20 34 34 34
2 24 20 34 34 34
3 24 20 34 34 34
4 24 20 34 34 34
37 38 20 34 34 34
36 38 20 34 34 34
35 38 20 34 34 34
34 38 20 34 34 34
33 38 20 34 34 34
32 38 20 34 34 34
31 38 20 34 34 34
12 24 20 34 34 34
13 24 20 34 34 34
14 24 20 34 34 34
15 24 20 34 34 34
16 24 20 34 34 34
17 24 20 34 34 34
18 24 20 34 34 34
19 24 20 34 34 34
20 24 20 34 34 34
21 24 20 34 34 34
22 24 20 34 34 34
23 24 20 34 34 34
24 24 20 34 34 34
25 24 20 34 34 34
26 24 20 34 34 34
27 24 20 34 34 34
28 24 20 34 34 34
29 24 20 34 34 34
30 24 20 34 34 34
31 24 20 34 34 34
32 24 20 34 34 34
33 24 20 34 34 34
34 24 20 34 34 34
35 24 20 34 34 34
36 24 20 34 34 34
37 24 20 34 34 34
38 24 20 34 34 34
39 24 20 34 34 34
0 25 20 34 34 34
1 25 20 34 34 34
2 25 20 34 34 34
3 25 20 34 34 34
4 25 20 34 34 34
5 25 20 34 34 34
6 25 20 34 34 34
7 25 20 34 34 34
8 25 20 34 34 34
9 25 20 34 34 34
10 25 20 34 34 34
11 25 20 34 34 34
12 25 20 34 34 34
13 25 20 34 34 34
14 25 20 34 34 34
15 25 20 34 34 34
16 25 20 34 34 34
17 25 20 34 34 34
18 25 20 34 34 34
19 25 20 34 34 34
20 25 20 34 34 34
21 25 20 34 34 34
22 25 20 34 34 34
23 25 20 34 34 34
24 25 20 34 34 34
25 25 20 34 34 34
26 25 20 34 34 34
27 25 20 34 34 34
28 25 20 34 34 34
29 25 20 34 34 34
30 25 20 34 34 34
31 25 20 34 34 34
32 25 20 34 34 34
33 25 20 34 34 34
34 25 20 34 34 34
35 25 20 34 34 34
36 25 20 34 34 34
37 25 20 34 34 34
38 25 20 34 34 34
39 25 20 34 34 34
0 26 20 34 34 34
1 26 20 34 34 34
2 26 20 34 34 34
3 26 20 34 34 34
4 26 20 34 34 34
5 26 20 34 34 34
6 26 20 34 34 34
7 26 20 34 34 34
8 26 20 34 34 34
9 26 20 34 34 34
10 26 20 34 34 34
11 26 20 34 34 34
12 26 20 34 34 34
13 26 20 34 34 34
14 26 20 34 34 34
15 26 20 34 34 34
16 26 20 34 34 34
17 26 20 34 34 34
18 26 20 34 34 34
19 26 20 34 34 34
20 26 20 34 34 34
21 26 20 34 34 34
22 26 20 34 34 34
23 26 20 34 34 34
24 26 20 34 34 34
25 26 20 34 34 34
26 26 20 34 34 34
27 26 20 34 34 34
28 26 20 34 34 34
29 26 20 34 34 34
30 26 20 34 34 34
31 26 20 34 34 34
32 26 20 34 34 34
33 26 20 34 34 34
34 26 20 34 34 34
35 26 20 34 34 34
36 26 20 34 34 34
37 26 20 34 34 34
38 26 20 34 34 34
39 26 20 34 34 34
0 27 20 34 34 34
1 27 20 34 34 34
2 27 20 34 34 34
3 27 20 34 34 34
4 27 20 34 34 34
5 27 20 34 34 34
6 27 20 34 34 34
7 27 20 34 34 34
8 27 20 34 34 34
9 27 20 34 34 34
10 27 20 34 34 34
11 27 20 34 34 34
12 27 20 34 34 34
13 27 20 34 34 34
14 27 20 34 34 34
15 27 20 34 34 34
16 27 20 34 34 34
17 27 20 34 34 34
18 27 20 34 34 34
19 27 20 34 34 34
20 27 20 34 34 34
21 27 20 34 34 34
22 27 20 34 34 34
23 27 20 34 34 34
24 27 20 34 34 34
25 27 20 34 34 34
26 27 20 34 34 34
27 27 20 34 34 34
28 27 20 34 34 34
29 27 20 34 34 34
30 27 20 34 34 34
31 27 20 34 34 34
32 27 20 34 34 34
33 27 20 34 34 34
34 27 20 34 34 34
35 27 20 34 34 34
36 27 20 34 34 34
37 27 20 34 34 34
38 27 20 34 34 34
39 27 20 34 34 34
0 28 20 34 34 34
1 28 20 34 34 34
2 28 20 34 34 34
3 28 20 34 34 34
4 28 20 34 34 34
5 28 20 34 34 34
6 28 20 34 34 34
7 28 20 34 34 34
8 28 20 34 34 34
9 28 20 34 34 34
10 28 20 34 34 34
11 28 20 34 34 34
12 28 20 34 34 34
13 28 20 34 34 34
14 28 20 34 34 34
15 28 20 34 34 34
16 28 20 34 34 34
17 28 20 34 34 34
18 28 20 34 34 34
19 28 20 34 34 34
20 28 20 34 34 34
21 28 20 34 34 34
22 28 20 34 34 34
23 28 20 34 34 34
24 28 20 34 34 34
25 28 20 34 34 34
26 28 20 34 34 34
27 28 20 34 34 34
28 28 20 34 34 34
29 28 20 34 34 34
30 28 20 34 34 34
31 28 20 34 34 34
32 28 20 34 34 34
33 28 20 34 34 34
34 28 20 34 34 34
35 28 20 34 34 34
36 28 20 34 34 34
37 28 20 34 34 34
38 28 20 34 34 34
39 28 20 34 34 34
0 29 20 34 34 34
1 29 20 34 34 34
2 29 20 34 34 34
3 29 20 34 34 34
4 29 20 34 34 34
5 29 20 34 34 34
6 29 20 34 34 34
7 29 20 34 34 34
8 29 20 34 34 34
9 29 20 34 34 34
10 29 20 34 34 34
11 29 20 34 34 34
12 29 20 34 34 34
13 29 20 34 34 34
14 29 20 34 34 34
15 29 20 34 34 34
16 29 20 34 34 34
17 29 20 34 34 34
18 29 20 34 34 34
19 29 20 34 34 34
20 29 20 34 34 34
21 29 20 34 34 34
22 29 20 34 34 34
23 29 20 34 34 34
24 29 20 34 34 34
25 29 20 34 34 34
26 29 20 34 34 34
27 29 20 34 34 34
28 29 20 34 34 34
29 29 20 34 34 34
30 29 20 34 34 34
31 29 20 34 34 34
32 29 20 34 34 34
33 29 20 34 34 34
34 29 20 34 34 34
35 29 20 34 34 34
36 29 20 34 34 34
37 29 20 34 34 34
38 29 20 34 34 34
39 29 20 34 34 34
0 30 20 34 34 34
1 30 20 34 34 34
2 30 20 34 34 34
3 30 20 34 34 34
4 30 20 34 34 34
5 30 20 34 34 34
6 30 20 34 34 34
7 30 20 34 34 34
8 30 20 34 34 34
9 30 20 34 34 34
10 30 20 34 34 34
11 30 20 34 34 34
12 30 20 34 34 34
13 30 20 34 34 34
14 30 20 34 34 34
15 30 20 34 34 34
16 30 20 34 34 34
17 30 20 34 34 34
18 30 20 34 34 34
19 30 20 34 34 34
20 30 20 34 34 34
21 30 20 34 34 34
22 30 20 34 34 34
23 30 20 34 34 34
24 30 20 34 34 34
25 30 20 34 34 34
26 30 20 34 34 34
27 30 20 34 34 34
28 30 20 34 34 34
29 30 20 34 34 34
30 30 20 34 34 34
31 30 20 34 34 34
32 30 20 34 34 34
33 30 20 34 34 34
34 30 20 34 34 34
35 30 20 34 34 34
36 30 20 34 34 34
39 39 20 34 34 34
38 30 20 34 34 34
39 30 20 34 34 34
0 31 20 34 34 34
1 31 20 34 34 34
2 31 20 34 34 34
3 31 20 34 34 34
4 31 20 34 34 34
5 31 20 34 34 34
6 31 20 34 34 34
7 31 20 34 34 34
8 31 20 34 34 34
9 31 20 34 34 34
10 31 20 34 34 34
11 31 20 34 34 34
12 31 20 34 34 34
13 31 20 34 34 34
14 31 20 34 34 34
15 31 20 34 34 34
16 31 20 34 34 34
17 31 20 34 34 34
18 31 20 34 34 34
19 31 20 34 34 34
20 31 20 34 34 34
21 31 20 34 34 34
22 31 20 34 34 34
23 31 20 34 34 34
24 31 20 34 34 34
25 31 20 34 34 34
26 31 20 34 34 34
27 31 20 34 34 34
28 31 20 34 34 34
29 31 20 34 34 34
30 31 20 34 34 34
31 31 20 34 34 34
32 31 20 34 34 34
33 31 20 34 34 34
34 31 20 34 34 34
35 31 20 34 34 34
36 31 20 34 34 34
37 31 20 34 34 34
38 31 20 34 34 34
39 31 20 34 34 34
0 32 20 34 34 34
1 32 20 34 34 34
2 32 20 34 34 34
3 32 20 34 34 34
4 32 20 34 34 34
5 32 20 34 34 34
6 32 20 34 34 34
7 32 20 34 34 34
8 32 20 34 34 34
9 32 20 34 34 34
10 32 20 34 34 34
11 32 20 34 34 34
12 32 20 34 34 34
13 32 20 34 34 34
14 32 20 34 34 34
15 32 20 34 34 34
16 32 20 34 34 34
17 32 20 34 34 34
18 32 20 34 34 34
19 32 20 34 34 34
20 32 20 34 34 34
21 32 20 34 34 34
22 32 20 34 34 34
23 32 20 34 34 34
24 32 20 34 34 34
25 32 20 34 34 34
26 32 20 34 34 34
27 32 20 34 34 34
28 32 20 34 34 34
29 32 20 34 34 34
30 32 20 34 34 34
31 32 20 34 34 34
32 32 20 34 34 34
33 32 20 34 34 34
34 32 20 34 34 34
35 32 20 34 34 34
36 32 20 34 34 34
37 32 20 34 34 34
38 32 20 34 34 34
39 32 20 34 34 34
39 5 20 34 34 34
38 5 20 34 34 34
37 5 20 34 34 34
36 5 20 34 34 34
35 5 20 34 34 34
34 5 20 34 34 34
33 5 20 34 34 34
32 5 20 34 34 34
31 5 20 34 34 34
30 5 20 34 34 34
29 5 20 34 34 34
28 5 20 34 34 34
27 5 20 34 34 34
26 5 20 34 34 34
25 5 20 34 34 34
24 5 20 34 34 34
23 5 20 34 34 34
22 5 20 34 34 34
21 5 20 34 34 34
20 5 20 34 34 34
19 5 20 34 34 34
18 5 20 34 34 34
17 5 20 34 34 34
16 5 20 34 34 34
15 5 20 34 34 34
14 5 20 34 34 34
13 5 20 34 34 34
12 5 20 34 34 34
11 5 20 34 34 34
10 5 20 34 34 34
9 5 20 34 34 34
8 5 20 34 34 34
7 5 20 34 34 34
6 5 20 34 34 34
5 5 20 34 34 34
4 5 20 34 34 34
3 5 20 34 34 34
2 5 20 34 34 34
1 5 20 34 34 34
0 5 20 34 34 34
39 4 20 34 34 34
38 4 20 34 34 34
37 4 20 34 34 34
36 4 20 34 34 34
35 4 20 34 34 34
34 4 20 34 34 34
33 4 20 34 34 34
32 4 20 34 34 34
31 4 20 34 34 34
30 4 20 34 34 34
29 4 20 34 34 34
28 4 20 34 34 34
27 4 20 34 34 34
26 4 20 34 34 34
25 4 20 34 34 34
24 4 20 34 34 34
23 4 20 34 34 34
22 4 20 34 34 34
21 4 20 34 34 34
20 4 20 34 34 34
19 4 20 34 34 34
18 4 20 34 34 34
17 4 20 34 34 34
16 4 20 34 34 34
15 4 20 34 34 34
14 4 20 34 34 34
13 4 20 34 34 34
12 4 20 34 34 34
11 4 20 34 34 34
10 4 20 34 34 34
9 4 20 34 34 34
8 4 20 34 34 34
7 4 20 34 34 34
6 4 20 34 34 34
5 4 20 34 34 34
4 4 20 34 34 34
3 4 20 34 34 34
2 4 20 34 34 34
1 4 20 34 34 34
0 4 20 34 34 34
0 35 20 34 34 34
1 35 20 34 34 34
2 35 20 34 34 34
3 35 20 34 34 34
4 35 20 34 34 34
5 35 20 34 34 34
6 35 20 34 34 34
7 35 20 34 34 34
8 35 20 34 34 34
9 35 20 34 34 34
10 35 20 34 34 34
11 35 20 34 34 34
12 35 20 34 34 34
13 35 20 34 34 34
14 35 20 34 34 34
15 35 20 34 34 34
16 35 20 34 34 34
17 35 20 34 34 34
18 35 20 34 34 34
19 35 20 34 34 34
20 35 20 34 34 34
21 35 20 34 34 34
22 35 20 34 34 34
23 35 20 34 34 34
24 35 20 34 34 34
25 35 20 34 34 34
26 35 20 34 34 34
27 35 20 34 34 34
28 35 20 34 34 34
29 35 20 34 34 34
30 35 20 34 34 34
31 35 20 34 34 34
32 35 20 34 34 34
33 35 20 34 34 34
34 35 20 34 34 34
35 35 20 34 34 34
36 35 20 34 34 34
37 35 20 34 34 34
38 35 20 34 34 34
39 35 20 34 34 34
0 36 20 34 34 34
1 36 20 34 34 34
2 36 20 34 34 34
3 36 20 34 34 34
4 36 20 34 34 34
5 36 20 34 34 34
6 36 20 34 34 34
7 36 20 34 34 34
8 36 20 34 34 34
9 36 20 34 34 34
10 36 20 34 34 34
11 36 20 34 34 34
12 36 20 34 34 34
13 36 20 34 34 34
14 36 20 34 34 34
15 36 20 34 34 34
16 36 20 34 34 34
17 36 20 34 34 34
18 36 20 34 34 34
19 36 20 34 34 34
20 36 20 34 34 34
21 36 20 34 34 34
22 36 20 34 34 34
23 36 20 34 34 34
24 36 20 34 34 34
25 36 20 34 34 34
26 36 20 34 34 34
27 36 20 34 34 34
28 36 20 34 34 34
29 36 20 34 34 34
30 36 20 34 34 34
31 36 20 34 34 34
32 36 20 34 34 34
33 36 20 34 34 34
34 36 20 34 34 34
35 36 20 34 34 34
36 36 20 34 34 34
37 36 20 34 34 34
38 36 20 34 34 34
39 36 20 34 34 34
0 37 20 34 34 34
1 37 20 34 34 34
2 37 20 34 34 34
3 37 20 34 34 34
4 37 20 34 34 34
5 37 20 34 34 34
6 37 20 34 34 34
7 37 20 34 34 34
8 37 20 34 34 34
9 37 20 34 34 34
10 37 20 34 34 34
11 37 20 34 34 34
12 37 20 34 34 34
13 37 20 34 34 34
14 37 20 34 34 34
15 37 20 34 34 34
16 37 20 34 34 34
17 37 20 34 34 34
18 37 20 34 34 34
19 37 20 34 34 34
20 37 20 34 34 34
21 37 20 34 34 34
22 37 20 34 34 34
23 37 20 34 34 34
24 37 20 34 34 34
25 37 20 34 34 34
26 37 20 34 34 34
27 37 20 34 34 34
28 37 20 34 34 34
29 37 20 34 34 34
30 37 20 34 34 34
31 37 20 34 34 34
32 37 20 34 34 34
33 37 20 34 34 34
34 37 20 34 34 34
35 37 20 34 34 34
36 37 20 34 34 34
37 37 20 34 34 34
38 37 20 34 34 34
39 37 20 34 34 34
0 38 20 34 34 34
1 38 20 34 34 34
2 38 20 34 34 34
3 38 20 34 34 34
4 38 20 34 34 34
5 38 20 34 34 34
6 38 20 34 34 34
7 38 20 34 34 34
8 38 20 34 34 34
9 38 20 34 34 34
10 38 20 34 34 34
11 38 20 34 34 34
12 38 20 34 34 34
13 38 20 34 34 34
14 38 20 34 34 34
15 38 20 34 34 34
16 38 20 34 34 34
17 38 20 34 34 34
18 38 20 34 34 34
19 38 20 34 34 34
20 38 20 34 34 34
21 38 20 34 34 34
22 38 20 34 34 34
23 38 20 34 34 34
24 38 20 34 34 34
25 38 20 34 34 34
26 38 20 34 34 34
27 38 20 34 34 34
28 38 20 34 34 34
29 38 20 34 34 34
30 38 20 34 34 34
5 18 20 34 34 34
6 18 20 34 34 34
7 18 20 34 34 34
8 18 20 34 34 34
9 18 20 34 34 34
10 18 20 34 34 34
11 18 20 34 34 34
5 19 20 34 34 34
6 19 20 34 34 34
7 19 20 34 34 34
8 19 20 34 34 34
9 19 20 34 34 34
10 19 20 34 34 34
11 19 20 34 34 34
5 20 20 34 34 34
6 20 20 34 34 34
7 20 20 34 34 34
8 20 20 34 34 34
9 20 20 34 34 34
10 20 20 34 34 34
11 20 20 34 34 34
5 21 20 34 34 34
6 21 20 34 34 34
7 21 20 34 34 34
8 21 20 34 34 34
9 21 20 34 34 34
10 21 20 34 34 34
11 21 20 34 34 34
5 22 20 34 34 34
6 22 20 34 34 34
7 22 20 34 34 34
8 22 20 34 34 34
9 22 20 34 34 34
10 22 20 34 34 34
11 22 20 34 34 34
5 23 20 34 34 34
6 23 20 34 34 34
7 23 20 34 34 34
8 23 20 34 34 34
9 23 20 34 34 34
10 23 20 34 34 34
11 23 20 34 34 34
5 24 20 34 34 34
6 24 20 34 34 34
7 24 20 34 34 34
8 24 20 34 34 34
9 24 20 34 34 34
10 24 20 34 34 34
11 24 20 34 34 34
