ply
format ascii 1.0
comment : MagicaVoxel @ Ephtracy
element vertex 5075
property float x
property float z
property float y
property uchar red
property uchar green
property uchar blue
origin 23 8 32
scale 0.035 0.035 0.035
explode
end_header
19 43 4 56 76 30
27 43 4 56 76 30
20 43 4 56 76 30
26 43 4 56 76 30
18 43 4 56 76 30
28 43 4 56 76 30
17 43 4 56 76 30
29 43 4 56 76 30
19 22 10 56 76 30
27 22 10 56 76 30
16 43 4 88 88 88
30 43 4 88 88 88
20 23 10 126 25 0
26 23 10 126 25 0
19 23 10 126 25 0
27 23 10 126 25 0
20 22 10 56 76 30
26 22 10 56 76 30
18 22 6 126 25 0
28 22 6 126 25 0
18 22 9 126 25 0
28 22 9 126 25 0
6 44 4 56 76 30
40 44 4 56 76 30
13 41 5 88 88 88
33 41 5 88 88 88
7 44 4 126 25 0
39 44 4 126 25 0
20 20 10 56 76 30
26 20 10 56 76 30
8 44 4 126 25 0
38 44 4 126 25 0
19 20 10 56 76 30
27 20 10 56 76 30
9 44 4 56 76 30
37 44 4 56 76 30
10 44 4 56 76 30
36 44 4 56 76 30
12 40 5 88 88 88
34 40 5 88 88 88
11 44 4 56 76 30
35 44 4 56 76 30
11 43 4 56 76 30
35 43 4 56 76 30
16 44 4 88 88 88
30 44 4 88 88 88
10 43 4 56 76 30
36 43 4 56 76 30
17 44 4 56 76 30
29 44 4 56 76 30
20 19 10 56 76 30
26 19 10 56 76 30
18 44 4 56 76 30
28 44 4 56 76 30
19 19 10 56 76 30
27 19 10 56 76 30
19 44 4 56 76 30
27 44 4 56 76 30
9 43 4 126 25 0
37 43 4 126 25 0
20 44 4 56 76 30
26 44 4 56 76 30
8 43 4 126 25 0
38 43 4 126 25 0
7 43 4 56 76 30
39 43 4 56 76 30
20 18 10 56 76 30
26 18 10 56 76 30
6 43 4 56 76 30
40 43 4 56 76 30
19 18 10 56 76 30
27 18 10 56 76 30
6 45 4 56 76 30
40 45 4 56 76 30
7 45 4 126 25 0
39 45 4 126 25 0
8 45 4 126 25 0
38 45 4 126 25 0
20 42 4 56 76 30
26 42 4 56 76 30
2 47 3 126 25 0
44 47 3 126 25 0
19 24 10 126 25 0
27 24 10 126 25 0
16 58 11 126 25 0
30 58 11 126 25 0
20 17 10 56 76 30
26 17 10 56 76 30
16 45 4 88 88 88
30 45 4 88 88 88
19 42 4 56 76 30
27 42 4 56 76 30
17 45 4 56 76 30
29 45 4 56 76 30
20 24 10 126 25 0
26 24 10 126 25 0
18 45 4 56 76 30
28 45 4 56 76 30
18 42 4 56 76 30
28 42 4 56 76 30
19 45 4 56 76 30
27 45 4 56 76 30
17 42 4 56 76 30
29 42 4 56 76 30
20 45 4 56 76 30
26 45 4 56 76 30
16 42 4 88 88 88
30 42 4 88 88 88
19 25 10 126 25 0
27 25 10 126 25 0
11 42 4 56 76 30
35 42 4 56 76 30
20 25 10 126 25 0
26 25 10 126 25 0
16 46 4 88 88 88
30 46 4 88 88 88
10 42 4 56 76 30
36 42 4 56 76 30
9 42 4 126 25 0
37 42 4 126 25 0
8 42 4 126 25 0
38 42 4 126 25 0
20 47 1 56 76 30
26 47 1 56 76 30
16 44 8 56 76 30
30 44 8 56 76 30
16 47 4 88 88 88
30 47 4 88 88 88
7 42 4 56 76 30
39 42 4 56 76 30
6 42 4 56 76 30
40 42 4 56 76 30
18 56 10 56 76 30
28 56 10 56 76 30
19 26 10 126 25 0
27 26 10 126 25 0
19 55 10 56 76 30
27 55 10 56 76 30
20 42 11 56 76 30
26 42 11 56 76 30
18 55 10 56 76 30
28 55 10 56 76 30
20 26 10 126 25 0
26 26 10 126 25 0
18 54 10 56 76 30
28 54 10 56 76 30
20 46 9 56 76 30
26 46 9 56 76 30
17 54 10 56 76 30
29 54 10 56 76 30
20 41 4 56 76 30
26 41 4 56 76 30
16 48 4 88 88 88
30 48 4 88 88 88
19 27 10 56 76 30
27 27 10 56 76 30
19 17 6 56 76 30
27 17 6 56 76 30
20 45 9 56 76 30
26 45 9 56 76 30
16 42 2 56 76 30
30 42 2 56 76 30
19 45 9 56 76 30
27 45 9 56 76 30
19 39 2 56 76 30
27 39 2 56 76 30
20 43 12 88 88 88
26 43 12 88 88 88
19 41 4 56 76 30
27 41 4 56 76 30
20 27 10 126 25 0
26 27 10 126 25 0
18 39 2 56 76 30
28 39 2 56 76 30
18 41 4 56 76 30
28 41 4 56 76 30
17 41 4 56 76 30
29 41 4 56 76 30
20 44 9 56 76 30
26 44 9 56 76 30
16 49 4 88 88 88
30 49 4 88 88 88
19 44 9 56 76 30
27 44 9 56 76 30
17 39 2 56 76 30
29 39 2 56 76 30
18 44 9 56 76 30
28 44 9 56 76 30
20 44 2 56 76 30
26 44 2 56 76 30
16 41 4 88 88 88
30 41 4 88 88 88
19 38 2 56 76 30
27 38 2 56 76 30
11 41 4 56 76 30
35 41 4 56 76 30
10 41 4 126 25 0
36 41 4 126 25 0
20 43 9 56 76 30
26 43 9 56 76 30
18 38 2 56 76 30
28 38 2 56 76 30
19 43 9 56 76 30
27 43 9 56 76 30
19 28 10 56 76 30
27 28 10 56 76 30
18 43 9 56 76 30
28 43 9 56 76 30
17 38 2 56 76 30
29 38 2 56 76 30
9 41 4 126 25 0
37 41 4 126 25 0
20 43 2 56 76 30
26 43 2 56 76 30
20 28 10 56 76 30
26 28 10 56 76 30
19 37 2 56 76 30
27 37 2 56 76 30
20 42 9 56 76 30
26 42 9 56 76 30
8 41 4 56 76 30
38 41 4 56 76 30
19 42 9 56 76 30
27 42 9 56 76 30
18 37 2 56 76 30
28 37 2 56 76 30
18 42 9 56 76 30
28 42 9 56 76 30
7 41 4 56 76 30
39 41 4 56 76 30
6 41 4 56 76 30
40 41 4 56 76 30
19 29 10 56 76 30
27 29 10 56 76 30
20 29 10 56 76 30
26 29 10 56 76 30
20 40 4 56 76 30
26 40 4 56 76 30
20 41 9 56 76 30
26 41 9 56 76 30
19 40 4 56 76 30
27 40 4 56 76 30
19 41 9 56 76 30
27 41 9 56 76 30
18 40 4 56 76 30
28 40 4 56 76 30
18 41 9 56 76 30
28 41 9 56 76 30
20 1 5 126 25 0
26 1 5 126 25 0
17 40 4 56 76 30
29 40 4 56 76 30
19 30 10 56 76 30
27 30 10 56 76 30
16 40 4 88 88 88
30 40 4 88 88 88
20 30 10 56 76 30
26 30 10 56 76 30
20 40 9 56 76 30
26 40 9 56 76 30
20 2 5 126 25 0
26 2 5 126 25 0
19 40 9 56 76 30
27 40 9 56 76 30
11 40 4 56 76 30
35 40 4 56 76 30
18 40 9 56 76 30
28 40 9 56 76 30
10 40 4 126 25 0
36 40 4 126 25 0
9 40 4 126 25 0
37 40 4 126 25 0
20 3 5 126 25 0
26 3 5 126 25 0
19 31 10 56 76 30
27 31 10 56 76 30
12 41 4 56 76 30
34 41 4 56 76 30
20 39 9 56 76 30
26 39 9 56 76 30
20 31 10 56 76 30
26 31 10 56 76 30
19 39 9 56 76 30
27 39 9 56 76 30
20 4 5 126 25 0
26 4 5 126 25 0
18 39 9 56 76 30
28 39 9 56 76 30
13 40 4 56 76 30
33 40 4 56 76 30
13 41 4 56 76 30
33 41 4 56 76 30
20 32 10 56 76 30
26 32 10 56 76 30
20 39 4 56 76 30
26 39 4 56 76 30
20 5 5 126 25 0
26 5 5 126 25 0
20 38 9 56 76 30
26 38 9 56 76 30
20 33 10 56 76 30
26 33 10 56 76 30
19 38 9 56 76 30
27 38 9 56 76 30
19 39 4 56 76 30
27 39 4 56 76 30
18 38 9 56 76 30
28 38 9 56 76 30
20 6 5 126 25 0
26 6 5 126 25 0
18 39 4 56 76 30
28 39 4 56 76 30
17 39 4 56 76 30
29 39 4 56 76 30
20 34 10 56 76 30
26 34 10 56 76 30
16 39 4 88 88 88
30 39 4 88 88 88
20 37 9 56 76 30
26 37 9 56 76 30
20 7 5 126 25 0
26 7 5 126 25 0
20 35 10 56 76 30
26 35 10 56 76 30
20 38 4 56 76 30
26 38 4 56 76 30
19 38 4 56 76 30
27 38 4 56 76 30
18 38 4 56 76 30
28 38 4 56 76 30
20 36 9 56 76 30
26 36 9 56 76 30
20 8 5 126 25 0
26 8 5 126 25 0
20 36 10 56 76 30
26 36 10 56 76 30
17 38 4 56 76 30
29 38 4 56 76 30
16 38 4 88 88 88
30 38 4 88 88 88
20 37 10 56 76 30
26 37 10 56 76 30
20 35 9 56 76 30
26 35 9 56 76 30
20 9 5 126 25 0
26 9 5 126 25 0
20 37 4 56 76 30
26 37 4 56 76 30
19 37 4 56 76 30
27 37 4 56 76 30
18 38 10 56 76 30
28 38 10 56 76 30
18 37 4 56 76 30
28 37 4 56 76 30
20 34 9 56 76 30
26 34 9 56 76 30
20 10 5 126 25 0
26 10 5 126 25 0
19 38 10 56 76 30
27 38 10 56 76 30
17 37 4 56 76 30
29 37 4 56 76 30
20 38 10 56 76 30
26 38 10 56 76 30
16 37 4 88 88 88
30 37 4 88 88 88
20 33 9 56 76 30
26 33 9 56 76 30
16 39 9 56 76 30
30 39 9 56 76 30
18 39 10 56 76 30
28 39 10 56 76 30
20 36 4 56 76 30
26 36 4 56 76 30
19 39 10 56 76 30
27 39 10 56 76 30
19 36 4 56 76 30
27 36 4 56 76 30
20 32 9 56 76 30
26 32 9 56 76 30
20 12 5 56 76 30
26 12 5 56 76 30
20 39 10 56 76 30
26 39 10 56 76 30
18 36 4 114 255 0
28 36 4 114 255 0
17 36 4 114 255 0
29 36 4 114 255 0
16 36 4 114 255 0
30 36 4 114 255 0
20 31 9 56 76 30
26 31 9 56 76 30
20 13 5 56 76 30
26 13 5 56 76 30
19 31 9 56 76 30
27 31 9 56 76 30
18 40 10 56 76 30
28 40 10 56 76 30
18 31 9 56 76 30
28 31 9 56 76 30
19 32 9 56 76 30
27 32 9 56 76 30
19 40 10 56 76 30
27 40 10 56 76 30
20 14 5 56 76 30
26 14 5 56 76 30
19 33 10 56 76 30
27 33 10 56 76 30
20 40 10 56 76 30
26 40 10 56 76 30
20 30 9 56 76 30
26 30 9 56 76 30
20 35 4 56 76 30
26 35 4 56 76 30
19 30 9 56 76 30
27 30 9 56 76 30
18 41 10 56 76 30
28 41 10 56 76 30
18 30 9 56 76 30
28 30 9 56 76 30
19 35 4 56 76 30
27 35 4 56 76 30
19 41 10 56 76 30
27 41 10 56 76 30
20 16 5 56 76 30
26 16 5 56 76 30
18 35 4 114 255 0
28 35 4 114 255 0
20 41 10 56 76 30
26 41 10 56 76 30
20 29 9 56 76 30
26 29 9 56 76 30
17 35 4 114 255 0
29 35 4 114 255 0
19 29 9 56 76 30
27 29 9 56 76 30
20 17 5 126 25 0
26 17 5 126 25 0
18 29 9 56 76 30
28 29 9 56 76 30
15 49 3 56 76 30
31 49 3 56 76 30
18 42 10 56 76 30
28 42 10 56 76 30
19 42 10 56 76 30
27 42 10 56 76 30
20 34 4 56 76 30
26 34 4 56 76 30
20 28 9 56 76 30
26 28 9 56 76 30
20 18 5 126 25 0
26 18 5 126 25 0
19 28 9 56 76 30
27 28 9 56 76 30
20 42 10 56 76 30
26 42 10 56 76 30
18 28 9 56 76 30
28 28 9 56 76 30
19 34 4 88 88 88
27 34 4 88 88 88
18 34 4 114 255 0
28 34 4 114 255 0
19 16 6 56 76 30
27 16 6 56 76 30
17 34 4 114 255 0
29 34 4 114 255 0
19 19 5 126 25 0
27 19 5 126 25 0
20 27 9 56 76 30
26 27 9 56 76 30
20 19 5 126 25 0
26 19 5 126 25 0
19 27 9 56 76 30
27 27 9 56 76 30
18 43 10 56 76 30
28 43 10 56 76 30
18 27 9 56 76 30
28 27 9 56 76 30
14 46 3 56 76 30
32 46 3 56 76 30
19 43 10 56 76 30
27 43 10 56 76 30
19 16 7 56 76 30
27 16 7 56 76 30
20 43 10 56 76 30
26 43 10 56 76 30
19 20 5 126 25 0
27 20 5 126 25 0
20 26 9 56 76 30
26 26 9 56 76 30
20 20 5 126 25 0
26 20 5 126 25 0
19 26 9 56 76 30
27 26 9 56 76 30
20 33 4 56 76 30
26 33 4 56 76 30
18 26 9 56 76 30
28 26 9 56 76 30
19 33 4 88 88 88
27 33 4 88 88 88
18 44 10 88 88 88
28 44 10 88 88 88
19 18 7 126 25 0
27 18 7 126 25 0
15 44 4 88 88 88
31 44 4 88 88 88
18 22 7 126 25 0
28 22 7 126 25 0
18 22 8 126 25 0
28 22 8 126 25 0
20 25 9 56 76 30
26 25 9 56 76 30
20 21 5 45 45 45
26 21 5 45 45 45
19 25 9 56 76 30
27 25 9 56 76 30
19 44 10 56 76 30
27 44 10 56 76 30
18 25 9 126 25 0
28 25 9 126 25 0
16 35 6 114 255 0
30 35 6 114 255 0
20 44 10 56 76 30
26 44 10 56 76 30
18 18 7 56 76 30
28 18 7 56 76 30
16 50 3 56 76 30
30 50 3 56 76 30
19 22 5 56 76 30
27 22 5 56 76 30
20 24 9 56 76 30
26 24 9 56 76 30
20 22 5 56 76 30
26 22 5 56 76 30
19 24 9 56 76 30
27 24 9 56 76 30
20 42 12 0 119 255
26 42 12 0 119 255
18 24 9 126 25 0
28 24 9 126 25 0
20 32 4 56 76 30
26 32 4 56 76 30
19 45 10 56 76 30
27 45 10 56 76 30
19 17 7 56 76 30
27 17 7 56 76 30
19 32 4 56 76 30
27 32 4 56 76 30
19 23 5 56 76 30
27 23 5 56 76 30
20 23 9 56 76 30
26 23 9 56 76 30
20 23 5 56 76 30
26 23 5 56 76 30
19 23 9 56 76 30
27 23 9 56 76 30
20 45 10 56 76 30
26 45 10 56 76 30
18 32 4 56 76 30
28 32 4 56 76 30
20 46 10 56 76 30
26 46 10 56 76 30
20 31 4 56 76 30
26 31 4 56 76 30
18 24 5 56 76 30
28 24 5 56 76 30
19 31 4 56 76 30
27 31 4 56 76 30
19 24 5 56 76 30
27 24 5 56 76 30
20 22 9 56 76 30
26 22 9 56 76 30
20 24 5 56 76 30
26 24 5 56 76 30
19 22 9 56 76 30
27 22 9 56 76 30
20 41 12 0 119 255
26 41 12 0 119 255
18 31 4 56 76 30
28 31 4 56 76 30
20 30 4 56 76 30
26 30 4 56 76 30
18 25 5 56 76 30
28 25 5 56 76 30
19 30 4 56 76 30
27 30 4 56 76 30
19 25 5 56 76 30
27 25 5 56 76 30
20 21 9 45 45 45
26 21 9 45 45 45
20 25 5 56 76 30
26 25 5 56 76 30
19 21 9 45 45 45
27 21 9 45 45 45
18 30 4 56 76 30
28 30 4 56 76 30
17 44 9 88 88 88
29 44 9 88 88 88
18 23 9 126 25 0
28 23 9 126 25 0
20 29 4 56 76 30
26 29 4 56 76 30
20 30 11 56 76 30
26 30 11 56 76 30
17 57 11 56 76 30
29 57 11 56 76 30
20 28 4 56 76 30
26 28 4 56 76 30
19 26 5 45 45 45
27 26 5 45 45 45
20 20 9 56 76 30
26 20 9 56 76 30
20 26 5 56 76 30
26 26 5 56 76 30
19 20 9 56 76 30
27 20 9 56 76 30
15 36 3 56 76 30
31 36 3 56 76 30
18 20 9 56 76 30
28 20 9 56 76 30
15 37 3 56 76 30
31 37 3 56 76 30
15 38 3 56 76 30
31 38 3 56 76 30
18 27 5 56 76 30
28 27 5 56 76 30
20 27 4 56 76 30
26 27 4 56 76 30
19 27 5 56 76 30
27 27 5 56 76 30
20 19 9 56 76 30
26 19 9 56 76 30
20 27 5 56 76 30
26 27 5 56 76 30
19 19 9 56 76 30
27 19 9 56 76 30
15 39 3 56 76 30
31 39 3 56 76 30
18 19 9 56 76 30
28 19 9 56 76 30
15 40 3 56 76 30
31 40 3 56 76 30
15 41 3 56 76 30
31 41 3 56 76 30
18 28 5 56 76 30
28 28 5 56 76 30
20 26 4 56 76 30
26 26 4 56 76 30
19 28 5 56 76 30
27 28 5 56 76 30
20 18 9 56 76 30
26 18 9 56 76 30
20 28 5 56 76 30
26 28 5 56 76 30
19 18 9 56 76 30
27 18 9 56 76 30
15 42 3 56 76 30
31 42 3 56 76 30
18 18 9 56 76 30
28 18 9 56 76 30
14 42 3 56 76 30
32 42 3 56 76 30
14 43 3 56 76 30
32 43 3 56 76 30
23 57 14 56 76 30
20 25 4 56 76 30
26 25 4 56 76 30
19 29 5 45 45 45
27 29 5 45 45 45
20 17 9 56 76 30
26 17 9 56 76 30
20 29 5 56 76 30
26 29 5 56 76 30
15 43 3 56 76 30
31 43 3 56 76 30
14 44 3 56 76 30
32 44 3 56 76 30
18 51 8 56 76 30
28 51 8 56 76 30
20 24 4 56 76 30
26 24 4 56 76 30
20 16 9 126 25 0
26 16 9 126 25 0
18 30 5 56 76 30
28 30 5 56 76 30
18 52 8 56 76 30
28 52 8 56 76 30
19 30 5 56 76 30
27 30 5 56 76 30
19 51 8 56 76 30
27 51 8 56 76 30
20 30 5 56 76 30
26 30 5 56 76 30
15 42 8 56 76 30
31 42 8 56 76 30
19 50 8 56 76 30
27 50 8 56 76 30
15 40 8 56 76 30
31 40 8 56 76 30
20 23 4 56 76 30
26 23 4 56 76 30
18 31 5 56 76 30
28 31 5 56 76 30
17 39 8 56 76 30
29 39 8 56 76 30
19 31 5 56 76 30
27 31 5 56 76 30
17 37 8 56 76 30
29 37 8 56 76 30
20 31 5 56 76 30
26 31 5 56 76 30
17 36 8 56 76 30
29 36 8 56 76 30
18 53 8 56 76 30
28 53 8 56 76 30
19 52 8 56 76 30
27 52 8 56 76 30
20 11 5 45 45 45
26 11 5 45 45 45
15 39 8 56 76 30
31 39 8 56 76 30
20 51 8 56 76 30
26 51 8 56 76 30
20 22 4 56 76 30
26 22 4 56 76 30
18 32 5 56 76 30
28 32 5 56 76 30
15 44 3 56 76 30
31 44 3 56 76 30
19 32 5 56 76 30
27 32 5 56 76 30
14 45 3 56 76 30
32 45 3 56 76 30
20 32 5 56 76 30
26 32 5 56 76 30
16 36 6 114 255 0
30 36 6 114 255 0
20 50 8 56 76 30
26 50 8 56 76 30
16 35 4 114 255 0
30 35 4 114 255 0
18 54 8 56 76 30
28 54 8 56 76 30
16 40 8 56 76 30
30 40 8 56 76 30
17 33 5 88 88 88
29 33 5 88 88 88
15 38 8 56 76 30
31 38 8 56 76 30
18 33 5 88 88 88
28 33 5 88 88 88
19 53 8 56 76 30
27 53 8 56 76 30
19 33 5 88 88 88
27 33 5 88 88 88
17 34 6 114 255 0
29 34 6 114 255 0
20 33 5 56 76 30
26 33 5 56 76 30
17 35 6 114 255 0
29 35 6 114 255 0
20 52 8 56 76 30
26 52 8 56 76 30
16 35 5 88 88 88
30 35 5 88 88 88
15 44 9 88 88 88
31 44 9 88 88 88
15 40 4 88 88 88
31 40 4 88 88 88
18 55 8 56 76 30
28 55 8 56 76 30
19 54 8 56 76 30
27 54 8 56 76 30
17 34 5 88 88 88
29 34 5 88 88 88
16 34 5 88 88 88
30 34 5 88 88 88
18 34 5 56 76 30
28 34 5 56 76 30
15 40 5 88 88 88
31 40 5 88 88 88
19 34 5 56 76 30
27 34 5 56 76 30
16 34 7 88 88 88
30 34 7 88 88 88
20 34 5 56 76 30
26 34 5 56 76 30
15 35 5 88 88 88
31 35 5 88 88 88
20 53 8 56 76 30
26 53 8 56 76 30
20 45 2 56 76 30
26 45 2 56 76 30
17 40 2 56 76 30
29 40 2 56 76 30
15 40 6 88 88 88
31 40 6 88 88 88
15 46 3 56 76 30
31 46 3 56 76 30
15 35 7 88 88 88
31 35 7 88 88 88
17 35 5 88 88 88
29 35 5 88 88 88
15 42 5 88 88 88
31 42 5 88 88 88
18 35 5 56 76 30
28 35 5 56 76 30
15 36 5 88 88 88
31 36 5 88 88 88
19 35 5 56 76 30
27 35 5 56 76 30
19 55 8 56 76 30
27 55 8 56 76 30
20 35 5 56 76 30
26 35 5 56 76 30
15 42 6 88 88 88
31 42 6 88 88 88
20 54 8 56 76 30
26 54 8 56 76 30
14 36 4 56 76 30
32 36 4 56 76 30
18 40 2 56 76 30
28 40 2 56 76 30
13 36 6 56 76 30
33 36 6 56 76 30
20 47 8 56 76 30
26 47 8 56 76 30
13 36 5 56 76 30
33 36 5 56 76 30
19 34 10 56 76 30
27 34 10 56 76 30
19 40 2 56 76 30
27 40 2 56 76 30
16 36 5 56 76 30
30 36 5 56 76 30
14 36 3 56 76 30
32 36 3 56 76 30
17 36 5 56 76 30
29 36 5 56 76 30
14 37 3 56 76 30
32 37 3 56 76 30
18 36 5 56 76 30
28 36 5 56 76 30
14 38 3 56 76 30
32 38 3 56 76 30
19 36 5 56 76 30
27 36 5 56 76 30
14 39 3 56 76 30
32 39 3 56 76 30
20 36 5 56 76 30
26 36 5 56 76 30
14 40 3 56 76 30
32 40 3 56 76 30
20 46 2 88 88 88
26 46 2 88 88 88
14 41 3 56 76 30
32 41 3 56 76 30
20 55 8 56 76 30
26 55 8 56 76 30
13 43 3 56 76 30
33 43 3 56 76 30
19 17 8 56 76 30
27 17 8 56 76 30
19 10 7 126 25 0
27 10 7 126 25 0
13 44 3 56 76 30
33 44 3 56 76 30
16 37 5 88 88 88
30 37 5 88 88 88
13 45 3 56 76 30
33 45 3 56 76 30
17 37 5 56 76 30
29 37 5 56 76 30
13 46 3 56 76 30
33 46 3 56 76 30
18 37 5 56 76 30
28 37 5 56 76 30
13 47 3 56 76 30
33 47 3 56 76 30
19 37 5 56 76 30
27 37 5 56 76 30
13 48 3 56 76 30
33 48 3 56 76 30
20 37 5 56 76 30
26 37 5 56 76 30
13 42 3 56 76 30
33 42 3 56 76 30
17 41 2 56 76 30
29 41 2 56 76 30
19 47 8 56 76 30
27 47 8 56 76 30
18 41 2 56 76 30
28 41 2 56 76 30
16 44 9 88 88 88
30 44 9 88 88 88
16 38 5 88 88 88
30 38 5 88 88 88
19 41 2 56 76 30
27 41 2 56 76 30
17 38 5 56 76 30
29 38 5 56 76 30
19 46 8 56 76 30
27 46 8 56 76 30
18 38 5 56 76 30
28 38 5 56 76 30
17 49 3 56 76 30
29 49 3 56 76 30
19 38 5 56 76 30
27 38 5 56 76 30
18 47 8 56 76 30
28 47 8 56 76 30
20 38 5 56 76 30
26 38 5 56 76 30
16 49 3 56 76 30
30 49 3 56 76 30
18 46 8 56 76 30
28 46 8 56 76 30
18 42 2 56 76 30
28 42 2 56 76 30
17 47 8 56 76 30
29 47 8 56 76 30
19 34 2 56 76 30
27 34 2 56 76 30
20 14 8 126 25 0
26 14 8 126 25 0
16 39 5 88 88 88
30 39 5 88 88 88
18 45 8 56 76 30
28 45 8 56 76 30
17 39 5 56 76 30
29 39 5 56 76 30
19 42 2 56 76 30
27 42 2 56 76 30
18 39 5 56 76 30
28 39 5 56 76 30
20 46 8 56 76 30
26 46 8 56 76 30
19 39 5 56 76 30
27 39 5 56 76 30
17 46 8 56 76 30
29 46 8 56 76 30
20 39 5 56 76 30
26 39 5 56 76 30
19 45 2 56 76 30
27 45 2 56 76 30
17 48 8 56 76 30
29 48 8 56 76 30
17 48 3 56 76 30
29 48 3 56 76 30
16 47 8 56 76 30
30 47 8 56 76 30
16 48 3 56 76 30
30 48 3 56 76 30
16 40 5 88 88 88
30 40 5 88 88 88
17 45 8 56 76 30
29 45 8 56 76 30
17 40 5 56 76 30
29 40 5 56 76 30
19 24 4 56 76 30
27 24 4 56 76 30
18 40 5 56 76 30
28 40 5 56 76 30
20 15 8 126 25 0
26 15 8 126 25 0
19 40 5 56 76 30
27 40 5 56 76 30
19 56 10 56 76 30
27 56 10 56 76 30
20 40 5 56 76 30
26 40 5 56 76 30
17 56 11 56 76 30
29 56 11 56 76 30
17 55 11 56 76 30
29 55 11 56 76 30
20 45 8 56 76 30
26 45 8 56 76 30
19 16 5 56 76 30
27 16 5 56 76 30
19 45 8 56 76 30
27 45 8 56 76 30
2 42 3 56 76 30
44 42 3 56 76 30
20 11 8 126 25 0
26 11 8 126 25 0
20 12 8 126 25 0
26 12 8 126 25 0
16 41 5 88 88 88
30 41 5 88 88 88
20 13 8 126 25 0
26 13 8 126 25 0
17 41 5 56 76 30
29 41 5 56 76 30
19 14 5 56 76 30
27 14 5 56 76 30
18 41 5 56 76 30
28 41 5 56 76 30
20 46 3 88 88 88
26 46 3 88 88 88
19 41 5 56 76 30
27 41 5 56 76 30
19 18 6 126 25 0
27 18 6 126 25 0
20 41 5 56 76 30
26 41 5 56 76 30
20 44 8 56 76 30
26 44 8 56 76 30
20 46 4 88 88 88
26 46 4 88 88 88
19 44 8 56 76 30
27 44 8 56 76 30
17 47 3 56 76 30
29 47 3 56 76 30
18 44 8 56 76 30
28 44 8 56 76 30
16 42 5 88 88 88
30 42 5 88 88 88
19 12 5 126 25 0
27 12 5 126 25 0
17 42 5 56 76 30
29 42 5 56 76 30
19 13 5 56 76 30
27 13 5 56 76 30
18 42 5 56 76 30
28 42 5 56 76 30
17 35 9 56 76 30
29 35 9 56 76 30
19 42 5 56 76 30
27 42 5 56 76 30
19 25 4 56 76 30
27 25 4 56 76 30
20 42 5 56 76 30
26 42 5 56 76 30
20 46 5 88 88 88
26 46 5 88 88 88
16 47 3 56 76 30
30 47 3 56 76 30
20 46 6 88 88 88
26 46 6 88 88 88
20 46 7 88 88 88
26 46 7 88 88 88
20 43 8 56 76 30
26 43 8 56 76 30
19 17 9 56 76 30
27 17 9 56 76 30
19 43 8 56 76 30
27 43 8 56 76 30
18 43 8 56 76 30
28 43 8 56 76 30
16 43 5 88 88 88
30 43 5 88 88 88
19 12 6 126 25 0
27 12 6 126 25 0
17 43 5 56 76 30
29 43 5 56 76 30
19 13 6 126 25 0
27 13 6 126 25 0
18 43 5 56 76 30
28 43 5 56 76 30
19 11 7 126 25 0
27 11 7 126 25 0
19 43 5 56 76 30
27 43 5 56 76 30
19 14 6 56 76 30
27 14 6 56 76 30
20 43 5 56 76 30
26 43 5 56 76 30
19 46 5 56 76 30
27 46 5 56 76 30
19 46 3 56 76 30
27 46 3 56 76 30
17 46 3 56 76 30
29 46 3 56 76 30
19 46 4 56 76 30
27 46 4 56 76 30
20 42 8 56 76 30
26 42 8 56 76 30
16 44 5 88 88 88
30 44 5 88 88 88
19 42 8 56 76 30
27 42 8 56 76 30
17 44 5 56 76 30
29 44 5 56 76 30
18 42 8 56 76 30
28 42 8 56 76 30
18 44 5 56 76 30
28 44 5 56 76 30
19 12 7 126 25 0
27 12 7 126 25 0
19 44 5 56 76 30
27 44 5 56 76 30
19 13 7 126 25 0
27 13 7 126 25 0
20 44 5 56 76 30
26 44 5 56 76 30
16 46 3 56 76 30
30 46 3 56 76 30
19 46 6 56 76 30
27 46 6 56 76 30
19 26 4 56 76 30
27 26 4 56 76 30
19 46 7 56 76 30
27 46 7 56 76 30
16 40 9 56 76 30
30 40 9 56 76 30
18 46 3 56 76 30
28 46 3 56 76 30
20 45 3 56 76 30
26 45 3 56 76 30
18 46 4 56 76 30
28 46 4 56 76 30
16 45 5 88 88 88
30 45 5 88 88 88
20 41 8 56 76 30
26 41 8 56 76 30
17 45 5 56 76 30
29 45 5 56 76 30
19 41 8 56 76 30
27 41 8 56 76 30
18 45 5 56 76 30
28 45 5 56 76 30
18 41 8 56 76 30
28 41 8 56 76 30
19 45 5 56 76 30
27 45 5 56 76 30
20 15 9 126 25 0
26 15 9 126 25 0
20 45 5 56 76 30
26 45 5 56 76 30
19 15 8 126 25 0
27 15 8 126 25 0
19 45 3 56 76 30
27 45 3 56 76 30
19 16 8 56 76 30
27 16 8 56 76 30
18 46 5 56 76 30
28 46 5 56 76 30
20 16 10 126 25 0
26 16 10 126 25 0
16 46 5 88 88 88
30 46 5 88 88 88
19 14 7 126 25 0
27 14 7 126 25 0
18 45 3 56 76 30
28 45 3 56 76 30
18 46 6 56 76 30
28 46 6 56 76 30
17 43 8 56 76 30
29 43 8 56 76 30
17 45 3 56 76 30
29 45 3 56 76 30
18 46 7 56 76 30
28 46 7 56 76 30
20 40 8 56 76 30
26 40 8 56 76 30
15 48 8 56 76 30
31 48 8 56 76 30
19 40 8 56 76 30
27 40 8 56 76 30
16 45 3 56 76 30
30 45 3 56 76 30
18 40 8 56 76 30
28 40 8 56 76 30
19 16 9 56 76 30
27 16 9 56 76 30
16 47 5 88 88 88
30 47 5 88 88 88
17 46 4 56 76 30
29 46 4 56 76 30
17 46 5 56 76 30
29 46 5 56 76 30
20 14 9 126 25 0
26 14 9 126 25 0
18 53 10 56 76 30
28 53 10 56 76 30
19 14 8 126 25 0
27 14 8 126 25 0
17 53 10 56 76 30
29 53 10 56 76 30
20 38 12 0 119 255
26 38 12 0 119 255
18 52 10 56 76 30
28 52 10 56 76 30
17 46 6 56 76 30
29 46 6 56 76 30
19 54 9 56 76 30
27 54 9 56 76 30
3 42 3 56 76 30
43 42 3 56 76 30
19 53 9 56 76 30
27 53 9 56 76 30
20 39 8 56 76 30
26 39 8 56 76 30
16 48 5 88 88 88
30 48 5 88 88 88
19 39 8 56 76 30
27 39 8 56 76 30
19 17 5 126 25 0
27 17 5 126 25 0
18 39 8 56 76 30
28 39 8 56 76 30
15 42 2 56 76 30
31 42 2 56 76 30
20 44 3 56 76 30
26 44 3 56 76 30
17 37 2 56 76 30
29 37 2 56 76 30
20 10 8 126 25 0
26 10 8 126 25 0
19 43 2 56 76 30
27 43 2 56 76 30
20 9 8 126 25 0
26 9 8 126 25 0
19 36 2 56 76 30
27 36 2 56 76 30
19 7 5 126 25 0
27 7 5 126 25 0
20 47 3 88 88 88
26 47 3 88 88 88
20 39 12 0 119 255
26 39 12 0 119 255
16 49 5 88 88 88
30 49 5 88 88 88
19 44 3 56 76 30
27 44 3 56 76 30
18 36 2 56 76 30
28 36 2 56 76 30
20 47 4 88 88 88
26 47 4 88 88 88
18 44 3 56 76 30
28 44 3 56 76 30
20 38 8 56 76 30
26 38 8 56 76 30
17 36 2 56 76 30
29 36 2 56 76 30
19 38 8 56 76 30
27 38 8 56 76 30
18 46 2 56 76 30
28 46 2 56 76 30
18 38 8 56 76 30
28 38 8 56 76 30
19 35 2 56 76 30
27 35 2 56 76 30
19 8 5 126 25 0
27 8 5 126 25 0
20 47 5 88 88 88
26 47 5 88 88 88
19 9 5 126 25 0
27 9 5 126 25 0
18 35 2 56 76 30
28 35 2 56 76 30
19 10 5 126 25 0
27 10 5 126 25 0
17 44 3 56 76 30
29 44 3 56 76 30
19 7 6 126 25 0
27 7 6 126 25 0
14 35 8 56 76 30
32 35 8 56 76 30
20 40 12 88 88 88
26 40 12 88 88 88
14 37 8 56 76 30
32 37 8 56 76 30
20 47 6 88 88 88
26 47 6 88 88 88
17 35 2 56 76 30
29 35 2 56 76 30
16 44 3 56 76 30
30 44 3 56 76 30
18 44 2 56 76 30
28 44 2 56 76 30
20 37 8 56 76 30
26 37 8 56 76 30
17 48 2 56 76 30
29 48 2 56 76 30
19 37 8 56 76 30
27 37 8 56 76 30
20 47 7 88 88 88
26 47 7 88 88 88
18 37 8 56 76 30
28 37 8 56 76 30
15 34 8 56 76 30
31 34 8 56 76 30
19 8 6 126 25 0
27 8 6 126 25 0
15 36 8 56 76 30
31 36 8 56 76 30
19 9 6 126 25 0
27 9 6 126 25 0
16 33 8 56 76 30
30 33 8 56 76 30
19 10 6 126 25 0
27 10 6 126 25 0
16 35 8 56 76 30
30 35 8 56 76 30
19 7 7 126 25 0
27 7 7 126 25 0
17 32 8 56 76 30
29 32 8 56 76 30
4 42 3 126 25 0
42 42 3 126 25 0
17 34 8 56 76 30
29 34 8 56 76 30
19 47 3 88 88 88
27 47 3 88 88 88
5 42 3 126 25 0
41 42 3 126 25 0
19 47 4 88 88 88
27 47 4 88 88 88
2 43 3 56 76 30
44 43 3 56 76 30
20 36 8 56 76 30
26 36 8 56 76 30
20 1 6 126 25 0
26 1 6 126 25 0
19 36 8 56 76 30
27 36 8 56 76 30
19 47 6 88 88 88
27 47 6 88 88 88
18 36 8 56 76 30
28 36 8 56 76 30
3 43 3 56 76 30
43 43 3 56 76 30
19 8 7 126 25 0
27 8 7 126 25 0
20 2 6 126 25 0
26 2 6 126 25 0
19 9 7 126 25 0
27 9 7 126 25 0
19 47 7 88 88 88
27 47 7 88 88 88
17 50 7 56 76 30
29 50 7 56 76 30
4 43 3 126 25 0
42 43 3 126 25 0
17 51 7 56 76 30
29 51 7 56 76 30
20 3 6 126 25 0
26 3 6 126 25 0
18 47 3 88 88 88
28 47 3 88 88 88
5 43 3 126 25 0
41 43 3 126 25 0
18 47 4 88 88 88
28 47 4 88 88 88
18 47 5 88 88 88
28 47 5 88 88 88
18 47 6 88 88 88
28 47 6 88 88 88
20 4 6 126 25 0
26 4 6 126 25 0
20 35 8 56 76 30
26 35 8 56 76 30
18 47 7 88 88 88
28 47 7 88 88 88
19 35 8 56 76 30
27 35 8 56 76 30
20 43 3 56 76 30
26 43 3 56 76 30
18 35 8 56 76 30
28 35 8 56 76 30
20 5 6 126 25 0
26 5 6 126 25 0
17 52 7 56 76 30
29 52 7 56 76 30
17 47 4 88 88 88
29 47 4 88 88 88
17 53 7 56 76 30
29 53 7 56 76 30
19 43 3 56 76 30
27 43 3 56 76 30
17 54 7 56 76 30
29 54 7 56 76 30
20 6 6 126 25 0
26 6 6 126 25 0
17 55 7 56 76 30
29 55 7 56 76 30
17 47 5 88 88 88
29 47 5 88 88 88
18 43 3 56 76 30
28 43 3 56 76 30
17 47 6 88 88 88
29 47 6 88 88 88
17 43 3 56 76 30
29 43 3 56 76 30
20 7 6 126 25 0
26 7 6 126 25 0
20 34 8 56 76 30
26 34 8 56 76 30
20 48 5 88 88 88
26 48 5 88 88 88
19 34 8 56 76 30
27 34 8 56 76 30
16 43 3 56 76 30
30 43 3 56 76 30
18 34 8 56 76 30
28 34 8 56 76 30
20 8 6 126 25 0
26 8 6 126 25 0
20 49 5 88 88 88
26 49 5 88 88 88
20 50 5 88 88 88
26 50 5 88 88 88
16 43 2 56 76 30
30 43 2 56 76 30
1 44 3 56 76 30
45 44 3 56 76 30
20 51 5 45 45 45
26 51 5 45 45 45
20 9 6 126 25 0
26 9 6 126 25 0
17 43 2 56 76 30
29 43 2 56 76 30
2 44 3 56 76 30
44 44 3 56 76 30
19 47 2 56 76 30
27 47 2 56 76 30
20 52 5 88 88 88
26 52 5 88 88 88
15 44 2 56 76 30
31 44 2 56 76 30
20 10 6 126 25 0
26 10 6 126 25 0
3 44 3 126 25 0
43 44 3 126 25 0
20 53 5 45 45 45
26 53 5 45 45 45
4 44 3 126 25 0
42 44 3 126 25 0
20 54 5 88 88 88
26 54 5 88 88 88
20 33 8 56 76 30
26 33 8 56 76 30
20 11 6 45 45 45
26 11 6 45 45 45
19 33 8 56 76 30
27 33 8 56 76 30
5 44 3 56 76 30
41 44 3 56 76 30
18 33 8 56 76 30
28 33 8 56 76 30
20 55 5 45 45 45
26 55 5 45 45 45
20 56 5 88 88 88
26 56 5 88 88 88
20 12 6 56 76 30
26 12 6 56 76 30
16 44 2 56 76 30
30 44 2 56 76 30
18 57 7 88 88 88
28 57 7 88 88 88
20 42 3 114 255 0
26 42 3 114 255 0
19 42 3 56 76 30
27 42 3 56 76 30
17 44 2 56 76 30
29 44 2 56 76 30
20 13 6 56 76 30
26 13 6 56 76 30
18 42 3 56 76 30
28 42 3 56 76 30
17 42 3 56 76 30
29 42 3 56 76 30
16 42 3 56 76 30
30 42 3 56 76 30
1 45 3 56 76 30
45 45 3 56 76 30
20 32 8 56 76 30
26 32 8 56 76 30
20 14 6 56 76 30
26 14 6 56 76 30
19 32 8 56 76 30
27 32 8 56 76 30
2 45 3 56 76 30
44 45 3 56 76 30
18 32 8 56 76 30
28 32 8 56 76 30
20 48 4 88 88 88
26 48 4 88 88 88
18 45 2 56 76 30
28 45 2 56 76 30
20 15 6 45 45 45
26 15 6 45 45 45
15 45 2 56 76 30
31 45 2 56 76 30
3 45 3 126 25 0
43 45 3 126 25 0
20 49 4 88 88 88
26 49 4 88 88 88
4 45 3 126 25 0
42 45 3 126 25 0
20 50 4 88 88 88
26 50 4 88 88 88
20 16 6 56 76 30
26 16 6 56 76 30
20 31 8 56 76 30
26 31 8 56 76 30
5 45 3 56 76 30
41 45 3 56 76 30
19 31 8 56 76 30
27 31 8 56 76 30
20 51 4 45 45 45
26 51 4 45 45 45
18 31 8 56 76 30
28 31 8 56 76 30
20 17 6 56 76 30
26 17 6 56 76 30
20 43 11 56 76 30
26 43 11 56 76 30
20 52 4 88 88 88
26 52 4 88 88 88
20 53 4 45 45 45
26 53 4 45 45 45
20 54 4 88 88 88
26 54 4 88 88 88
20 30 8 56 76 30
26 30 8 56 76 30
16 55 11 126 25 0
30 55 11 126 25 0
19 30 8 56 76 30
27 30 8 56 76 30
20 18 6 56 76 30
26 18 6 56 76 30
18 30 8 56 76 30
28 30 8 56 76 30
20 41 3 56 76 30
26 41 3 56 76 30
20 55 4 45 45 45
26 55 4 45 45 45
19 41 3 56 76 30
27 41 3 56 76 30
17 52 5 88 88 88
29 52 5 88 88 88
18 19 6 126 25 0
28 19 6 126 25 0
20 29 8 56 76 30
26 29 8 56 76 30
19 19 6 56 76 30
27 19 6 56 76 30
19 29 8 56 76 30
27 29 8 56 76 30
20 19 6 56 76 30
26 19 6 56 76 30
18 29 8 56 76 30
28 29 8 56 76 30
18 41 3 56 76 30
28 41 3 56 76 30
20 56 4 88 88 88
26 56 4 88 88 88
17 41 3 56 76 30
29 41 3 56 76 30
19 55 5 45 45 45
27 55 5 45 45 45
18 20 6 126 25 0
28 20 6 126 25 0
20 28 8 56 76 30
26 28 8 56 76 30
19 20 6 56 76 30
27 20 6 56 76 30
19 28 8 56 76 30
27 28 8 56 76 30
20 20 6 56 76 30
26 20 6 56 76 30
18 28 8 56 76 30
28 28 8 56 76 30
16 41 3 56 76 30
30 41 3 56 76 30
17 57 5 88 88 88
29 57 5 88 88 88
20 48 6 88 88 88
26 48 6 88 88 88
1 46 3 56 76 30
45 46 3 56 76 30
18 23 8 126 25 0
28 23 8 126 25 0
20 27 8 56 76 30
26 27 8 56 76 30
19 21 6 45 45 45
27 21 6 45 45 45
19 27 8 56 76 30
27 27 8 56 76 30
20 21 6 56 76 30
26 21 6 56 76 30
18 27 8 56 76 30
28 27 8 56 76 30
20 49 6 88 88 88
26 49 6 88 88 88
2 46 3 126 25 0
44 46 3 126 25 0
20 50 6 88 88 88
26 50 6 88 88 88
3 46 3 126 25 0
43 46 3 126 25 0
13 40 5 88 88 88
33 40 5 88 88 88
20 26 8 56 76 30
26 26 8 56 76 30
19 22 6 56 76 30
27 22 6 56 76 30
19 26 8 56 76 30
27 26 8 56 76 30
20 22 6 56 76 30
26 22 6 56 76 30
18 26 8 56 76 30
28 26 8 56 76 30
20 51 6 45 45 45
26 51 6 45 45 45
4 46 3 56 76 30
42 46 3 56 76 30
20 52 6 88 88 88
26 52 6 88 88 88
5 46 3 56 76 30
41 46 3 56 76 30
20 46 1 56 76 30
26 46 1 56 76 30
20 25 8 56 76 30
26 25 8 56 76 30
19 23 6 56 76 30
27 23 6 56 76 30
19 25 8 56 76 30
27 25 8 56 76 30
20 23 6 56 76 30
26 23 6 56 76 30
18 25 8 56 76 30
28 25 8 56 76 30
20 53 6 45 45 45
26 53 6 45 45 45
20 54 6 88 88 88
26 54 6 88 88 88
20 55 6 45 45 45
26 55 6 45 45 45
20 40 3 56 76 30
26 40 3 56 76 30
18 24 6 56 76 30
28 24 6 56 76 30
20 24 8 56 76 30
26 24 8 56 76 30
19 24 6 56 76 30
27 24 6 56 76 30
19 24 8 56 76 30
27 24 8 56 76 30
20 24 6 56 76 30
26 24 6 56 76 30
18 24 8 126 25 0
28 24 8 126 25 0
20 56 6 88 88 88
26 56 6 88 88 88
19 40 3 56 76 30
27 40 3 56 76 30
19 54 5 88 88 88
27 54 5 88 88 88
18 40 3 56 76 30
28 40 3 56 76 30
18 25 6 56 76 30
28 25 6 56 76 30
20 23 8 56 76 30
26 23 8 56 76 30
19 25 6 56 76 30
27 25 6 56 76 30
19 23 8 56 76 30
27 23 8 56 76 30
20 25 6 56 76 30
26 25 6 56 76 30
17 40 3 56 76 30
29 40 3 56 76 30
16 40 3 56 76 30
30 40 3 56 76 30
23 57 10 56 76 30
19 58 6 88 88 88
27 58 6 88 88 88
20 22 8 56 76 30
26 22 8 56 76 30
19 26 6 45 45 45
27 26 6 45 45 45
19 22 8 56 76 30
27 22 8 56 76 30
20 26 6 56 76 30
26 26 6 56 76 30
1 47 3 56 76 30
45 47 3 56 76 30
18 58 4 88 88 88
28 58 4 88 88 88
23 57 15 56 76 30
12 40 4 56 76 30
34 40 4 56 76 30
18 27 6 56 76 30
28 27 6 56 76 30
20 21 8 45 45 45
26 21 8 45 45 45
19 27 6 56 76 30
27 27 6 56 76 30
19 21 8 45 45 45
27 21 8 45 45 45
20 27 6 56 76 30
26 27 6 56 76 30
14 40 5 88 88 88
32 40 5 88 88 88
18 23 7 126 25 0
28 23 7 126 25 0
18 58 6 88 88 88
28 58 6 88 88 88
20 58 4 88 88 88
26 58 4 88 88 88
20 39 3 56 76 30
26 39 3 56 76 30
20 58 6 88 88 88
26 58 6 88 88 88
18 28 6 56 76 30
28 28 6 56 76 30
20 20 8 56 76 30
26 20 8 56 76 30
19 28 6 56 76 30
27 28 6 56 76 30
19 20 8 56 76 30
27 20 8 56 76 30
20 28 6 56 76 30
26 28 6 56 76 30
18 20 8 126 25 0
28 20 8 126 25 0
19 39 3 56 76 30
27 39 3 56 76 30
19 53 5 45 45 45
27 53 5 45 45 45
18 39 3 56 76 30
28 39 3 56 76 30
17 39 3 56 76 30
29 39 3 56 76 30
20 19 8 56 76 30
26 19 8 56 76 30
19 29 6 45 45 45
27 29 6 45 45 45
19 19 8 56 76 30
27 19 8 56 76 30
20 29 6 56 76 30
26 29 6 56 76 30
18 19 8 56 76 30
28 19 8 56 76 30
16 39 3 56 76 30
30 39 3 56 76 30
18 57 4 88 88 88
28 57 4 88 88 88
20 38 3 56 76 30
26 38 3 56 76 30
19 57 6 88 88 88
27 57 6 88 88 88
18 30 6 56 76 30
28 30 6 56 76 30
20 18 8 56 76 30
26 18 8 56 76 30
19 30 6 56 76 30
27 30 6 56 76 30
19 18 8 56 76 30
27 18 8 56 76 30
20 30 6 56 76 30
26 30 6 56 76 30
18 18 8 56 76 30
28 18 8 56 76 30
19 38 3 56 76 30
27 38 3 56 76 30
18 38 3 56 76 30
28 38 3 56 76 30
18 57 6 88 88 88
28 57 6 88 88 88
17 38 3 56 76 30
29 38 3 56 76 30
18 31 6 56 76 30
28 31 6 56 76 30
20 17 8 56 76 30
26 17 8 56 76 30
19 31 6 56 76 30
27 31 6 56 76 30
20 57 4 88 88 88
26 57 4 88 88 88
20 31 6 56 76 30
26 31 6 56 76 30
16 38 3 56 76 30
30 38 3 56 76 30
20 57 6 88 88 88
26 57 6 88 88 88
20 16 8 126 25 0
26 16 8 126 25 0
20 37 3 56 76 30
26 37 3 56 76 30
19 52 5 88 88 88
27 52 5 88 88 88
19 37 3 56 76 30
27 37 3 56 76 30
18 37 3 56 76 30
28 37 3 56 76 30
18 32 6 56 76 30
28 32 6 56 76 30
19 48 4 88 88 88
27 48 4 88 88 88
19 32 6 56 76 30
27 32 6 56 76 30
17 37 3 56 76 30
29 37 3 56 76 30
20 32 6 56 76 30
26 32 6 56 76 30
19 49 4 88 88 88
27 49 4 88 88 88
16 37 3 56 76 30
30 37 3 56 76 30
20 2 4 126 25 0
26 2 4 126 25 0
19 50 4 88 88 88
27 50 4 88 88 88
19 51 4 45 45 45
27 51 4 45 45 45
15 50 3 56 76 30
31 50 3 56 76 30
19 52 4 88 88 88
27 52 4 88 88 88
15 38 6 88 88 88
31 38 6 88 88 88
20 3 4 126 25 0
26 3 4 126 25 0
15 42 4 88 88 88
31 42 4 88 88 88
20 36 3 56 76 30
26 36 3 56 76 30
19 33 6 88 88 88
27 33 6 88 88 88
19 53 4 45 45 45
27 53 4 45 45 45
20 33 6 56 76 30
26 33 6 56 76 30
19 36 3 56 76 30
27 36 3 56 76 30
19 54 4 88 88 88
27 54 4 88 88 88
18 36 3 56 76 30
28 36 3 56 76 30
19 55 4 45 45 45
27 55 4 45 45 45
17 36 3 56 76 30
29 36 3 56 76 30
15 48 3 56 76 30
31 48 3 56 76 30
14 48 3 56 76 30
32 48 3 56 76 30
19 56 4 88 88 88
27 56 4 88 88 88
15 38 5 88 88 88
31 38 5 88 88 88
16 36 3 56 76 30
30 36 3 56 76 30
18 34 6 114 255 0
28 34 6 114 255 0
19 51 5 45 45 45
27 51 5 45 45 45
19 34 6 56 76 30
27 34 6 56 76 30
17 56 5 88 88 88
29 56 5 88 88 88
20 34 6 56 76 30
26 34 6 56 76 30
20 48 3 88 88 88
26 48 3 88 88 88
20 49 3 88 88 88
26 49 3 88 88 88
20 2 3 126 25 0
26 2 3 126 25 0
20 50 3 88 88 88
26 50 3 88 88 88
20 35 3 56 76 30
26 35 3 56 76 30
14 49 3 56 76 30
32 49 3 56 76 30
20 54 3 88 88 88
26 54 3 88 88 88
15 47 3 56 76 30
31 47 3 56 76 30
19 35 3 56 76 30
27 35 3 56 76 30
20 52 3 88 88 88
26 52 3 88 88 88
15 38 4 88 88 88
31 38 4 88 88 88
18 35 3 56 76 30
28 35 3 56 76 30
18 35 6 56 76 30
28 35 6 56 76 30
20 56 3 88 88 88
26 56 3 88 88 88
19 35 6 56 76 30
27 35 6 56 76 30
17 35 3 56 76 30
29 35 3 56 76 30
20 35 6 56 76 30
26 35 6 56 76 30
19 50 5 88 88 88
27 50 5 88 88 88
16 35 3 56 76 30
30 35 3 56 76 30
20 57 3 88 88 88
26 57 3 88 88 88
15 35 3 56 76 30
31 35 3 56 76 30
19 48 6 88 88 88
27 48 6 88 88 88
15 45 3 56 76 30
31 45 3 56 76 30
14 35 3 56 76 30
32 35 3 56 76 30
17 36 6 114 255 0
29 36 6 114 255 0
19 49 6 88 88 88
27 49 6 88 88 88
18 36 6 56 76 30
28 36 6 56 76 30
19 50 6 88 88 88
27 50 6 88 88 88
19 36 6 56 76 30
27 36 6 56 76 30
19 51 6 45 45 45
27 51 6 45 45 45
20 36 6 56 76 30
26 36 6 56 76 30
20 34 3 56 76 30
26 34 3 56 76 30
19 52 6 88 88 88
27 52 6 88 88 88
19 34 3 56 76 30
27 34 3 56 76 30
19 53 6 45 45 45
27 53 6 45 45 45
18 34 3 56 76 30
28 34 3 56 76 30
16 37 6 88 88 88
30 37 6 88 88 88
19 54 6 88 88 88
27 54 6 88 88 88
17 37 6 56 76 30
29 37 6 56 76 30
17 34 3 56 76 30
29 34 3 56 76 30
18 37 6 56 76 30
28 37 6 56 76 30
19 55 6 45 45 45
27 55 6 45 45 45
19 37 6 56 76 30
27 37 6 56 76 30
16 34 3 56 76 30
30 34 3 56 76 30
20 37 6 56 76 30
26 37 6 56 76 30
19 56 6 88 88 88
27 56 6 88 88 88
15 34 3 56 76 30
31 34 3 56 76 30
19 49 5 88 88 88
27 49 5 88 88 88
20 48 7 88 88 88
26 48 7 88 88 88
20 49 7 88 88 88
26 49 7 88 88 88
20 50 7 88 88 88
26 50 7 88 88 88
20 33 3 56 76 30
26 33 3 56 76 30
20 51 7 45 45 45
26 51 7 45 45 45
19 33 3 56 76 30
27 33 3 56 76 30
16 38 6 88 88 88
30 38 6 88 88 88
15 41 8 56 76 30
31 41 8 56 76 30
17 38 6 56 76 30
29 38 6 56 76 30
14 41 8 56 76 30
32 41 8 56 76 30
18 38 6 56 76 30
28 38 6 56 76 30
19 38 6 56 76 30
27 38 6 56 76 30
17 38 8 56 76 30
29 38 8 56 76 30
20 38 6 56 76 30
26 38 6 56 76 30
16 38 8 56 76 30
30 38 8 56 76 30
20 52 7 88 88 88
26 52 7 88 88 88
16 37 8 56 76 30
30 37 8 56 76 30
18 33 3 56 76 30
28 33 3 56 76 30
16 39 6 88 88 88
30 39 6 88 88 88
14 40 8 56 76 30
32 40 8 56 76 30
17 39 6 56 76 30
29 39 6 56 76 30
19 40 11 88 88 88
27 40 11 88 88 88
18 39 6 56 76 30
28 39 6 56 76 30
20 53 7 45 45 45
26 53 7 45 45 45
19 39 6 56 76 30
27 39 6 56 76 30
17 33 3 56 76 30
29 33 3 56 76 30
20 39 6 56 76 30
26 39 6 56 76 30
18 35 9 56 76 30
28 35 9 56 76 30
20 54 7 88 88 88
26 54 7 88 88 88
19 39 11 88 88 88
27 39 11 88 88 88
16 33 3 56 76 30
30 33 3 56 76 30
16 39 8 56 76 30
30 39 8 56 76 30
20 55 7 45 45 45
26 55 7 45 45 45
14 39 8 56 76 30
32 39 8 56 76 30
20 56 7 88 88 88
26 56 7 88 88 88
19 48 5 88 88 88
27 48 5 88 88 88
16 40 6 88 88 88
30 40 6 88 88 88
20 32 3 56 76 30
26 32 3 56 76 30
17 40 6 56 76 30
29 40 6 56 76 30
18 34 9 56 76 30
28 34 9 56 76 30
18 40 6 56 76 30
28 40 6 56 76 30
19 38 11 88 88 88
27 38 11 88 88 88
19 40 6 56 76 30
27 40 6 56 76 30
20 57 7 88 88 88
26 57 7 88 88 88
20 40 6 56 76 30
26 40 6 56 76 30
19 32 3 56 76 30
27 32 3 56 76 30
18 48 4 88 88 88
28 48 4 88 88 88
18 33 9 56 76 30
28 33 9 56 76 30
18 32 3 56 76 30
28 32 3 56 76 30
19 37 9 56 76 30
27 37 9 56 76 30
16 41 6 88 88 88
30 41 6 88 88 88
18 49 4 88 88 88
28 49 4 88 88 88
17 41 6 56 76 30
29 41 6 56 76 30
17 32 3 56 76 30
29 32 3 56 76 30
18 41 6 56 76 30
28 41 6 56 76 30
18 32 9 56 76 30
28 32 9 56 76 30
19 41 6 56 76 30
27 41 6 56 76 30
19 36 9 56 76 30
27 36 9 56 76 30
20 41 6 56 76 30
26 41 6 56 76 30
18 50 4 88 88 88
28 50 4 88 88 88
18 51 4 45 45 45
28 51 4 45 45 45
18 52 4 88 88 88
28 52 4 88 88 88
20 31 3 56 76 30
26 31 3 56 76 30
19 37 10 56 76 30
27 37 10 56 76 30
18 53 4 45 45 45
28 53 4 45 45 45
19 35 9 56 76 30
27 35 9 56 76 30
19 15 7 56 76 30
27 15 7 56 76 30
19 31 3 56 76 30
27 31 3 56 76 30
16 42 6 88 88 88
30 42 6 88 88 88
18 54 4 88 88 88
28 54 4 88 88 88
17 42 6 56 76 30
29 42 6 56 76 30
19 36 10 56 76 30
27 36 10 56 76 30
18 42 6 56 76 30
28 42 6 56 76 30
19 34 9 56 76 30
27 34 9 56 76 30
19 42 6 56 76 30
27 42 6 56 76 30
18 55 4 45 45 45
28 55 4 45 45 45
20 42 6 56 76 30
26 42 6 56 76 30
17 49 5 88 88 88
29 49 5 88 88 88
18 56 4 88 88 88
28 56 4 88 88 88
12 41 7 56 76 30
34 41 7 56 76 30
20 30 3 56 76 30
26 30 3 56 76 30
19 27 4 56 76 30
27 27 4 56 76 30
16 43 6 88 88 88
30 43 6 88 88 88
19 28 4 56 76 30
27 28 4 56 76 30
17 43 6 56 76 30
29 43 6 56 76 30
17 42 2 56 76 30
29 42 2 56 76 30
18 43 6 56 76 30
28 43 6 56 76 30
19 47 5 88 88 88
27 47 5 88 88 88
19 43 6 56 76 30
27 43 6 56 76 30
16 45 2 56 76 30
30 45 2 56 76 30
20 43 6 56 76 30
26 43 6 56 76 30
17 49 7 56 76 30
29 49 7 56 76 30
19 30 3 56 76 30
27 30 3 56 76 30
16 49 7 56 76 30
30 49 7 56 76 30
19 52 3 88 88 88
27 52 3 88 88 88
15 49 7 56 76 30
31 49 7 56 76 30
19 29 4 56 76 30
27 29 4 56 76 30
19 32 10 56 76 30
27 32 10 56 76 30
15 43 2 56 76 30
31 43 2 56 76 30
16 44 6 88 88 88
30 44 6 88 88 88
19 48 3 88 88 88
27 48 3 88 88 88
17 44 6 56 76 30
29 44 6 56 76 30
17 45 2 56 76 30
29 45 2 56 76 30
18 44 6 56 76 30
28 44 6 56 76 30
17 48 7 56 76 30
29 48 7 56 76 30
19 44 6 56 76 30
27 44 6 56 76 30
16 48 7 56 76 30
30 48 7 56 76 30
20 44 6 56 76 30
26 44 6 56 76 30
15 48 7 56 76 30
31 48 7 56 76 30
19 49 3 88 88 88
27 49 3 88 88 88
14 48 7 56 76 30
32 48 7 56 76 30
19 50 3 88 88 88
27 50 3 88 88 88
15 45 8 56 76 30
31 45 8 56 76 30
16 45 6 88 88 88
30 45 6 88 88 88
17 42 8 56 76 30
29 42 8 56 76 30
17 45 6 56 76 30
29 45 6 56 76 30
16 43 8 56 76 30
30 43 8 56 76 30
18 45 6 56 76 30
28 45 6 56 76 30
15 44 8 56 76 30
31 44 8 56 76 30
19 45 6 56 76 30
27 45 6 56 76 30
17 41 8 56 76 30
29 41 8 56 76 30
20 45 6 56 76 30
26 45 6 56 76 30
17 47 7 56 76 30
29 47 7 56 76 30
20 29 3 56 76 30
26 29 3 56 76 30
16 47 7 56 76 30
30 47 7 56 76 30
19 54 3 88 88 88
27 54 3 88 88 88
15 47 7 56 76 30
31 47 7 56 76 30
14 47 7 56 76 30
32 47 7 56 76 30
19 56 3 88 88 88
27 56 3 88 88 88
13 47 7 56 76 30
33 47 7 56 76 30
16 46 6 88 88 88
30 46 6 88 88 88
19 35 10 56 76 30
27 35 10 56 76 30
16 48 8 56 76 30
30 48 8 56 76 30
19 57 3 88 88 88
27 57 3 88 88 88
15 46 8 56 76 30
31 46 8 56 76 30
15 47 8 56 76 30
31 47 8 56 76 30
16 45 8 56 76 30
30 45 8 56 76 30
16 46 8 56 76 30
30 46 8 56 76 30
17 44 8 56 76 30
29 44 8 56 76 30
17 46 7 56 76 30
29 46 7 56 76 30
16 47 6 88 88 88
30 47 6 88 88 88
16 46 7 56 76 30
30 46 7 56 76 30
19 52 9 56 76 30
27 52 9 56 76 30
15 46 7 56 76 30
31 46 7 56 76 30
16 41 8 114 255 0
4 49 1 255 50 0
14 46 7 56 76 30
32 46 7 56 76 30
17 40 8 56 76 30
29 40 8 56 76 30
13 46 7 56 76 30
33 46 7 56 76 30
15 43 8 56 76 30
31 43 8 56 76 30
20 28 3 56 76 30
26 28 3 56 76 30
16 42 8 56 76 30
30 42 8 56 76 30
18 48 6 88 88 88
28 48 6 88 88 88
16 48 6 88 88 88
30 48 6 88 88 88
20 45 7 56 76 30
26 45 7 56 76 30
18 18 6 126 25 0
28 18 6 126 25 0
19 45 7 56 76 30
27 45 7 56 76 30
19 18 5 126 25 0
27 18 5 126 25 0
18 45 7 56 76 30
28 45 7 56 76 30
16 48 2 56 76 30
30 48 2 56 76 30
17 45 7 56 76 30
29 45 7 56 76 30
18 49 6 88 88 88
28 49 6 88 88 88
16 45 7 56 76 30
30 45 7 56 76 30
15 48 2 56 76 30
31 48 2 56 76 30
15 45 7 56 76 30
31 45 7 56 76 30
19 46 2 56 76 30
27 46 2 56 76 30
14 45 7 56 76 30
32 45 7 56 76 30
16 49 6 88 88 88
30 49 6 88 88 88
13 45 7 56 76 30
33 45 7 56 76 30
17 47 2 56 76 30
29 47 2 56 76 30
19 33 9 56 76 30
27 33 9 56 76 30
18 50 6 88 88 88
28 50 6 88 88 88
20 27 3 56 76 30
26 27 3 56 76 30
16 47 2 56 76 30
30 47 2 56 76 30
18 51 6 45 45 45
28 51 6 45 45 45
18 52 6 88 88 88
28 52 6 88 88 88
20 44 7 56 76 30
26 44 7 56 76 30
15 47 2 56 76 30
31 47 2 56 76 30
19 44 7 56 76 30
27 44 7 56 76 30
19 44 2 56 76 30
27 44 2 56 76 30
18 44 7 56 76 30
28 44 7 56 76 30
17 46 2 56 76 30
29 46 2 56 76 30
17 44 7 56 76 30
29 44 7 56 76 30
18 53 6 45 45 45
28 53 6 45 45 45
16 44 7 56 76 30
30 44 7 56 76 30
14 36 8 56 76 30
32 36 8 56 76 30
15 44 7 56 76 30
31 44 7 56 76 30
14 38 8 56 76 30
32 38 8 56 76 30
14 44 7 56 76 30
32 44 7 56 76 30
16 46 2 56 76 30
30 46 2 56 76 30
13 44 7 56 76 30
33 44 7 56 76 30
20 26 3 56 76 30
26 26 3 56 76 30
18 54 6 88 88 88
28 54 6 88 88 88
18 43 2 56 76 30
28 43 2 56 76 30
18 55 6 45 45 45
28 55 6 45 45 45
18 47 2 56 76 30
28 47 2 56 76 30
20 43 7 56 76 30
26 43 7 56 76 30
15 35 8 56 76 30
31 35 8 56 76 30
19 43 7 56 76 30
27 43 7 56 76 30
15 37 8 56 76 30
31 37 8 56 76 30
18 43 7 56 76 30
28 43 7 56 76 30
16 34 8 56 76 30
30 34 8 56 76 30
17 43 7 56 76 30
29 43 7 56 76 30
16 36 8 56 76 30
30 36 8 56 76 30
16 43 7 56 76 30
30 43 7 56 76 30
17 33 8 56 76 30
29 33 8 56 76 30
15 43 7 56 76 30
31 43 7 56 76 30
17 35 8 56 76 30
29 35 8 56 76 30
14 43 7 56 76 30
4 47 1 255 50 0
18 56 6 88 88 88
28 56 6 88 88 88
13 43 7 56 76 30
33 43 7 56 76 30
20 25 3 56 76 30
26 25 3 56 76 30
19 48 7 88 88 88
27 48 7 88 88 88
19 49 7 88 88 88
27 49 7 88 88 88
19 50 7 88 88 88
27 50 7 88 88 88
20 24 3 56 76 30
26 24 3 56 76 30
19 51 7 45 45 45
27 51 7 45 45 45
20 1 7 126 25 0
26 1 7 126 25 0
20 42 7 56 76 30
26 42 7 56 76 30
19 52 7 88 88 88
27 52 7 88 88 88
19 42 7 56 76 30
27 42 7 56 76 30
19 53 7 45 45 45
27 53 7 45 45 45
18 42 7 56 76 30
28 42 7 56 76 30
20 2 7 126 25 0
26 2 7 126 25 0
17 42 7 56 76 30
29 42 7 56 76 30
19 54 7 88 88 88
27 54 7 88 88 88
16 42 7 56 76 30
30 42 7 56 76 30
19 55 7 45 45 45
27 55 7 45 45 45
15 42 7 56 76 30
31 42 7 56 76 30
20 3 7 126 25 0
26 3 7 126 25 0
14 42 7 114 255 0
42 47 1 255 50 0
19 56 7 88 88 88
27 56 7 88 88 88
13 42 7 56 76 30
33 42 7 56 76 30
19 57 7 88 88 88
27 57 7 88 88 88
17 48 4 88 88 88
29 48 4 88 88 88
20 4 7 126 25 0
26 4 7 126 25 0
17 49 4 88 88 88
29 49 4 88 88 88
17 50 4 88 88 88
29 50 4 88 88 88
20 41 7 56 76 30
26 41 7 56 76 30
17 52 4 88 88 88
29 52 4 88 88 88
19 41 7 56 76 30
27 41 7 56 76 30
20 5 7 126 25 0
26 5 7 126 25 0
18 41 7 56 76 30
28 41 7 56 76 30
17 54 4 88 88 88
29 54 4 88 88 88
17 41 7 56 76 30
29 41 7 56 76 30
17 56 4 88 88 88
29 56 4 88 88 88
16 41 7 56 76 30
30 41 7 56 76 30
20 6 7 126 25 0
26 6 7 126 25 0
15 41 7 56 76 30
31 41 7 56 76 30
17 57 4 88 88 88
29 57 4 88 88 88
14 41 7 56 76 30
32 41 7 56 76 30
18 48 3 88 88 88
28 48 3 88 88 88
13 41 7 56 76 30
33 41 7 56 76 30
20 7 7 126 25 0
26 7 7 126 25 0
18 49 3 88 88 88
28 49 3 88 88 88
18 50 3 88 88 88
28 50 3 88 88 88
18 54 3 88 88 88
28 54 3 88 88 88
20 31 11 56 76 30
26 31 11 56 76 30
18 56 3 88 88 88
28 56 3 88 88 88
20 8 7 126 25 0
26 8 7 126 25 0
20 40 7 56 76 30
26 40 7 56 76 30
18 57 3 88 88 88
28 57 3 88 88 88
19 40 7 56 76 30
27 40 7 56 76 30
18 48 5 88 88 88
28 48 5 88 88 88
18 40 7 56 76 30
28 40 7 56 76 30
20 9 7 126 25 0
26 9 7 126 25 0
17 40 7 56 76 30
29 40 7 56 76 30
20 44 11 56 76 30
26 44 11 56 76 30
16 40 7 56 76 30
30 40 7 56 76 30
18 49 5 88 88 88
28 49 5 88 88 88
15 40 7 56 76 30
31 40 7 56 76 30
20 10 7 126 25 0
26 10 7 126 25 0
14 40 7 56 76 30
32 40 7 56 76 30
18 50 5 88 88 88
28 50 5 88 88 88
13 40 7 56 76 30
33 40 7 56 76 30
18 51 5 45 45 45
28 51 5 45 45 45
12 40 7 56 76 30
34 40 7 56 76 30
20 11 7 126 25 0
26 11 7 126 25 0
20 32 11 56 76 30
26 32 11 56 76 30
18 52 5 88 88 88
28 52 5 88 88 88
18 53 5 45 45 45
28 53 5 45 45 45
18 54 5 88 88 88
28 54 5 88 88 88
20 39 7 56 76 30
26 39 7 56 76 30
20 12 7 126 25 0
26 12 7 126 25 0
19 39 7 56 76 30
27 39 7 56 76 30
20 45 11 88 88 88
26 45 11 88 88 88
18 39 7 56 76 30
28 39 7 56 76 30
18 55 5 45 45 45
28 55 5 45 45 45
17 39 7 56 76 30
29 39 7 56 76 30
20 13 7 126 25 0
26 13 7 126 25 0
16 39 7 56 76 30
30 39 7 56 76 30
17 48 5 88 88 88
29 48 5 88 88 88
15 39 7 56 76 30
31 39 7 56 76 30
18 56 5 88 88 88
28 56 5 88 88 88
14 39 7 56 76 30
32 39 7 56 76 30
20 14 7 126 25 0
26 14 7 126 25 0
13 39 7 56 76 30
33 39 7 56 76 30
20 33 11 56 76 30
26 33 11 56 76 30
12 39 7 56 76 30
34 39 7 56 76 30
17 54 5 88 88 88
29 54 5 88 88 88
17 48 6 88 88 88
29 48 6 88 88 88
20 15 7 126 25 0
26 15 7 126 25 0
17 49 6 88 88 88
29 49 6 88 88 88
17 50 6 88 88 88
29 50 6 88 88 88
20 38 7 56 76 30
26 38 7 56 76 30
17 52 6 88 88 88
29 52 6 88 88 88
19 38 7 56 76 30
27 38 7 56 76 30
20 16 7 126 25 0
26 16 7 126 25 0
18 38 7 56 76 30
28 38 7 56 76 30
17 54 6 88 88 88
29 54 6 88 88 88
17 38 7 56 76 30
29 38 7 56 76 30
20 34 11 56 76 30
26 34 11 56 76 30
16 38 7 56 76 30
30 38 7 56 76 30
20 17 7 56 76 30
26 17 7 56 76 30
15 38 7 56 76 30
31 38 7 56 76 30
18 52 3 88 88 88
28 52 3 88 88 88
14 38 7 56 76 30
32 38 7 56 76 30
17 56 6 88 88 88
29 56 6 88 88 88
13 38 7 56 76 30
33 38 7 56 76 30
16 54 11 126 25 0
30 54 11 126 25 0
12 38 7 56 76 30
34 38 7 56 76 30
20 18 7 56 76 30
26 18 7 56 76 30
17 57 6 88 88 88
29 57 6 88 88 88
18 48 7 88 88 88
28 48 7 88 88 88
18 49 7 88 88 88
28 49 7 88 88 88
18 50 7 88 88 88
28 50 7 88 88 88
20 37 7 56 76 30
26 37 7 56 76 30
18 19 7 126 25 0
28 19 7 126 25 0
19 37 7 56 76 30
27 37 7 56 76 30
19 19 7 56 76 30
27 19 7 56 76 30
18 37 7 56 76 30
28 37 7 56 76 30
20 19 7 56 76 30
26 19 7 56 76 30
17 37 7 56 76 30
29 37 7 56 76 30
20 35 11 56 76 30
26 35 11 56 76 30
16 37 7 56 76 30
30 37 7 56 76 30
18 51 7 45 45 45
28 51 7 45 45 45
15 37 7 56 76 30
31 37 7 56 76 30
18 20 7 126 25 0
28 20 7 126 25 0
14 37 7 56 76 30
32 37 7 56 76 30
19 20 7 56 76 30
27 20 7 56 76 30
13 37 7 56 76 30
33 37 7 56 76 30
20 20 7 56 76 30
26 20 7 56 76 30
12 37 7 56 76 30
34 37 7 56 76 30
18 52 7 88 88 88
28 52 7 88 88 88
18 53 7 45 45 45
28 53 7 45 45 45
20 44 12 0 119 255
26 44 12 0 119 255
18 54 7 88 88 88
28 54 7 88 88 88
18 23 6 56 76 30
28 23 6 56 76 30
20 36 7 56 76 30
26 36 7 56 76 30
19 21 7 45 45 45
27 21 7 45 45 45
19 36 7 56 76 30
27 36 7 56 76 30
20 21 7 45 45 45
26 21 7 45 45 45
18 36 7 56 76 30
28 36 7 56 76 30
18 55 7 45 45 45
28 55 7 45 45 45
17 36 7 56 76 30
29 36 7 56 76 30
18 56 7 88 88 88
28 56 7 88 88 88
16 36 7 56 76 30
30 36 7 56 76 30
14 41 5 88 88 88
32 41 5 88 88 88
15 36 7 56 76 30
31 36 7 56 76 30
19 22 7 56 76 30
27 22 7 56 76 30
13 36 7 56 76 30
33 36 7 56 76 30
20 22 7 56 76 30
26 22 7 56 76 30
12 36 7 56 76 30
34 36 7 56 76 30
20 36 11 56 76 30
26 36 11 56 76 30
20 57 5 88 88 88
26 57 5 88 88 88
20 58 5 88 88 88
26 58 5 88 88 88
18 57 5 88 88 88
28 57 5 88 88 88
17 44 10 88 88 88
29 44 10 88 88 88
20 35 7 56 76 30
26 35 7 56 76 30
19 23 7 56 76 30
27 23 7 56 76 30
19 35 7 56 76 30
27 35 7 56 76 30
20 23 7 56 76 30
26 23 7 56 76 30
18 35 7 56 76 30
28 35 7 56 76 30
19 44 11 88 88 88
27 44 11 88 88 88
17 35 7 88 88 88
29 35 7 88 88 88
18 58 5 88 88 88
28 58 5 88 88 88
16 35 7 88 88 88
30 35 7 88 88 88
18 24 7 56 76 30
28 24 7 56 76 30
19 57 4 88 88 88
27 57 4 88 88 88
19 24 7 56 76 30
27 24 7 56 76 30
19 58 4 88 88 88
27 58 4 88 88 88
20 24 7 56 76 30
26 24 7 56 76 30
20 34 7 56 76 30
26 34 7 56 76 30
20 37 11 88 88 88
26 37 11 88 88 88
19 34 7 56 76 30
27 34 7 56 76 30
17 50 5 88 88 88
29 50 5 88 88 88
18 34 7 56 76 30
28 34 7 56 76 30
18 25 7 56 76 30
28 25 7 56 76 30
17 34 7 88 88 88
29 34 7 88 88 88
19 25 7 56 76 30
27 25 7 56 76 30
14 47 3 56 76 30
32 47 3 56 76 30
20 25 7 56 76 30
26 25 7 56 76 30
17 50 3 56 76 30
29 50 3 56 76 30
16 50 5 88 88 88
30 50 5 88 88 88
16 56 11 126 25 0
30 56 11 126 25 0
15 48 5 88 88 88
31 48 5 88 88 88
15 49 5 88 88 88
31 49 5 88 88 88
18 26 7 56 76 30
28 26 7 56 76 30
15 50 5 88 88 88
31 50 5 88 88 88
19 26 7 56 76 30
27 26 7 56 76 30
20 33 7 56 76 30
26 33 7 56 76 30
20 26 7 56 76 30
26 26 7 56 76 30
19 33 7 56 76 30
27 33 7 56 76 30
19 43 11 88 88 88
27 43 11 88 88 88
18 33 7 56 76 30
28 33 7 56 76 30
15 47 4 88 88 88
31 47 4 88 88 88
17 33 7 88 88 88
29 33 7 88 88 88
18 27 7 56 76 30
28 27 7 56 76 30
20 38 11 56 76 30
26 38 11 56 76 30
19 27 7 56 76 30
27 27 7 56 76 30
15 47 5 88 88 88
31 47 5 88 88 88
20 27 7 56 76 30
26 27 7 56 76 30
20 32 7 56 76 30
26 32 7 56 76 30
15 47 6 88 88 88
31 47 6 88 88 88
19 32 7 56 76 30
27 32 7 56 76 30
15 45 4 88 88 88
31 45 4 88 88 88
18 32 7 56 76 30
28 32 7 56 76 30
18 28 7 56 76 30
28 28 7 56 76 30
15 45 5 88 88 88
31 45 5 88 88 88
19 28 7 56 76 30
27 28 7 56 76 30
15 45 6 88 88 88
31 45 6 88 88 88
20 28 7 56 76 30
26 28 7 56 76 30
15 43 6 88 88 88
31 43 6 88 88 88
20 39 11 56 76 30
26 39 11 56 76 30
20 31 7 56 76 30
26 31 7 56 76 30
15 44 6 88 88 88
31 44 6 88 88 88
19 31 7 56 76 30
27 31 7 56 76 30
18 29 7 56 76 30
28 29 7 56 76 30
18 31 7 56 76 30
28 31 7 56 76 30
19 29 7 56 76 30
27 29 7 56 76 30
19 42 11 88 88 88
27 42 11 88 88 88
20 29 7 56 76 30
26 29 7 56 76 30
15 43 4 88 88 88
31 43 4 88 88 88
14 36 7 56 76 30
32 36 7 56 76 30
20 30 7 56 76 30
26 30 7 56 76 30
17 39 9 56 76 30
29 39 9 56 76 30
19 30 7 56 76 30
27 30 7 56 76 30
18 30 7 56 76 30
28 30 7 56 76 30
0 48 4 126 25 0
46 48 4 126 25 0
0 47 4 126 25 0
46 47 4 126 25 0
0 46 4 126 25 0
46 46 4 126 25 0
0 44 4 126 25 0
46 44 4 126 25 0
0 45 4 126 25 0
46 45 4 126 25 0
17 40 9 56 76 30
29 40 9 56 76 30
17 41 9 56 76 30
29 41 9 56 76 30
20 40 11 56 76 30
26 40 11 56 76 30
17 42 9 56 76 30
29 42 9 56 76 30
18 37 9 56 76 30
28 37 9 56 76 30
17 43 9 56 76 30
29 43 9 56 76 30
17 36 9 56 76 30
29 36 9 56 76 30
19 41 11 88 88 88
27 41 11 88 88 88
16 36 9 56 76 30
30 36 9 56 76 30
17 37 9 56 76 30
29 37 9 56 76 30
16 37 9 56 76 30
30 37 9 56 76 30
20 41 11 56 76 30
26 41 11 56 76 30
17 38 9 56 76 30
29 38 9 56 76 30
16 38 9 56 76 30
30 38 9 56 76 30
20 15 5 45 45 45
26 15 5 45 45 45
15 41 4 88 88 88
31 41 4 88 88 88
14 41 4 88 88 88
32 41 4 88 88 88
9 41 3 88 88 88
37 41 3 88 88 88
9 43 3 88 88 88
37 43 3 88 88 88
5 44 1 88 88 88
41 44 1 88 88 88
9 42 2 114 255 0
37 42 2 114 255 0
9 43 1 88 88 88
37 43 1 88 88 88
4 43 2 88 88 88
42 43 2 88 88 88
4 45 2 88 88 88
42 45 2 88 88 88
5 45 1 88 88 88
41 45 1 88 88 88
4 44 1 114 255 0
42 44 1 114 255 0
5 43 1 88 88 88
41 43 1 88 88 88
3 43 1 88 88 88
43 43 1 88 88 88
3 44 1 88 88 88
43 44 1 88 88 88
3 45 1 88 88 88
43 45 1 88 88 88
4 43 0 88 88 88
42 43 0 88 88 88
4 44 0 88 88 88
42 44 0 88 88 88
4 45 0 88 88 88
42 45 0 88 88 88
10 41 2 88 88 88
36 41 2 88 88 88
10 42 2 88 88 88
36 42 2 88 88 88
10 43 2 88 88 88
36 43 2 88 88 88
8 41 2 88 88 88
38 41 2 88 88 88
8 42 2 88 88 88
38 42 2 88 88 88
8 43 2 88 88 88
38 43 2 88 88 88
9 41 1 88 88 88
37 41 1 88 88 88
9 42 1 88 88 88
37 42 1 88 88 88
18 36 9 56 76 30
28 36 9 56 76 30
21 43 4 56 76 30
25 43 4 56 76 30
22 23 10 56 76 30
24 23 10 56 76 30
21 23 10 56 76 30
25 23 10 56 76 30
22 43 4 56 76 30
24 43 4 56 76 30
22 41 11 56 76 30
24 41 11 56 76 30
21 22 10 56 76 30
25 22 10 56 76 30
22 19 10 56 76 30
24 19 10 56 76 30
22 22 10 56 76 30
24 22 10 56 76 30
21 19 10 56 76 30
25 19 10 56 76 30
22 46 1 56 76 30
24 46 1 56 76 30
22 18 10 56 76 30
24 18 10 56 76 30
21 18 10 56 76 30
25 18 10 56 76 30
21 45 1 56 76 30
25 45 1 56 76 30
22 45 1 56 76 30
24 45 1 56 76 30
21 44 4 56 76 30
25 44 4 56 76 30
22 42 4 56 76 30
24 42 4 56 76 30
21 42 4 56 76 30
25 42 4 56 76 30
22 44 4 56 76 30
24 44 4 56 76 30
22 17 10 56 76 30
24 17 10 56 76 30
21 17 10 56 76 30
25 17 10 56 76 30
22 16 10 126 25 0
24 16 10 126 25 0
21 16 10 126 25 0
25 16 10 126 25 0
21 24 10 126 25 0
25 24 10 126 25 0
23 56 10 56 76 30
22 24 10 56 76 30
24 24 10 56 76 30
23 56 11 56 76 30
22 1 2 56 76 30
24 1 2 56 76 30
22 15 10 126 25 0
24 15 10 126 25 0
21 45 4 56 76 30
25 45 4 56 76 30
22 14 10 126 25 0
24 14 10 126 25 0
22 45 4 56 76 30
24 45 4 56 76 30
21 25 10 126 25 0
25 25 10 126 25 0
21 46 7 88 88 88
25 46 7 88 88 88
22 25 10 56 76 30
24 25 10 56 76 30
22 47 1 56 76 30
24 47 1 56 76 30
21 47 1 56 76 30
25 47 1 56 76 30
21 46 3 88 88 88
25 46 3 88 88 88
22 47 9 56 76 30
24 47 9 56 76 30
21 47 9 56 76 30
25 47 9 56 76 30
22 46 9 56 76 30
24 46 9 56 76 30
22 41 4 56 76 30
24 41 4 56 76 30
21 26 10 126 25 0
25 26 10 126 25 0
21 41 4 56 76 30
25 41 4 56 76 30
22 26 10 56 76 30
24 26 10 56 76 30
21 46 9 56 76 30
25 46 9 56 76 30
22 45 9 56 76 30
24 45 9 56 76 30
21 45 9 56 76 30
25 45 9 56 76 30
22 44 2 56 76 30
24 44 2 56 76 30
22 44 9 56 76 30
24 44 9 56 76 30
21 27 10 126 25 0
25 27 10 126 25 0
21 44 9 56 76 30
25 44 9 56 76 30
22 27 10 56 76 30
24 27 10 56 76 30
21 44 2 56 76 30
25 44 2 56 76 30
22 43 9 56 76 30
24 43 9 56 76 30
21 43 9 56 76 30
25 43 9 56 76 30
22 43 2 56 76 30
24 43 2 56 76 30
21 43 2 56 76 30
25 43 2 56 76 30
22 42 9 56 76 30
24 42 9 56 76 30
21 42 9 56 76 30
25 42 9 56 76 30
21 28 10 126 25 0
25 28 10 126 25 0
22 42 2 56 76 30
24 42 2 56 76 30
22 28 10 56 76 30
24 28 10 56 76 30
21 42 2 56 76 30
25 42 2 56 76 30
22 41 9 56 76 30
24 41 9 56 76 30
22 40 4 56 76 30
24 40 4 56 76 30
22 11 9 126 25 0
24 11 9 126 25 0
21 40 4 56 76 30
25 40 4 56 76 30
21 29 10 56 76 30
25 29 10 56 76 30
21 41 9 56 76 30
25 41 9 56 76 30
22 29 10 56 76 30
24 29 10 56 76 30
22 13 9 126 25 0
24 13 9 126 25 0
21 0 5 126 25 0
25 0 5 126 25 0
22 0 5 126 25 0
24 0 5 126 25 0
22 40 9 56 76 30
24 40 9 56 76 30
21 1 5 126 25 0
25 1 5 126 25 0
21 40 9 56 76 30
25 40 9 56 76 30
22 1 5 126 25 0
24 1 5 126 25 0
21 30 10 56 76 30
25 30 10 56 76 30
21 2 5 126 25 0
25 2 5 126 25 0
22 30 10 56 76 30
24 30 10 56 76 30
22 2 5 126 25 0
24 2 5 126 25 0
22 39 9 56 76 30
24 39 9 56 76 30
21 39 9 56 76 30
25 39 9 56 76 30
21 3 5 126 25 0
25 3 5 126 25 0
22 3 5 126 25 0
24 3 5 126 25 0
21 31 10 56 76 30
25 31 10 56 76 30
21 4 5 126 25 0
25 4 5 126 25 0
22 31 10 56 76 30
24 31 10 56 76 30
21 42 11 56 76 30
25 42 11 56 76 30
22 38 9 56 76 30
24 38 9 56 76 30
22 39 4 56 76 30
24 39 4 56 76 30
21 32 10 56 76 30
25 32 10 56 76 30
21 39 4 56 76 30
25 39 4 56 76 30
22 32 10 56 76 30
24 32 10 56 76 30
22 4 5 126 25 0
24 4 5 126 25 0
21 38 9 56 76 30
25 38 9 56 76 30
21 5 5 126 25 0
25 5 5 126 25 0
21 33 10 56 76 30
25 33 10 56 76 30
22 5 5 126 25 0
24 5 5 126 25 0
22 33 10 56 76 30
24 33 10 56 76 30
22 37 9 56 76 30
24 37 9 56 76 30
21 6 5 126 25 0
25 6 5 126 25 0
21 37 9 56 76 30
25 37 9 56 76 30
21 34 10 56 76 30
25 34 10 56 76 30
22 38 4 56 76 30
24 38 4 56 76 30
22 34 10 56 76 30
24 34 10 56 76 30
21 38 4 56 76 30
25 38 4 56 76 30
22 6 5 126 25 0
24 6 5 126 25 0
22 36 9 56 76 30
24 36 9 56 76 30
21 35 10 56 76 30
25 35 10 56 76 30
21 7 5 126 25 0
25 7 5 126 25 0
22 35 10 56 76 30
24 35 10 56 76 30
21 36 9 56 76 30
25 36 9 56 76 30
22 7 5 126 25 0
24 7 5 126 25 0
22 35 9 56 76 30
24 35 9 56 76 30
21 36 10 56 76 30
25 36 10 56 76 30
21 8 5 126 25 0
25 8 5 126 25 0
22 36 10 56 76 30
24 36 10 56 76 30
22 37 4 56 76 30
24 37 4 56 76 30
21 35 9 56 76 30
25 35 9 56 76 30
21 37 4 56 76 30
25 37 4 56 76 30
21 37 10 56 76 30
25 37 10 56 76 30
22 8 5 126 25 0
24 8 5 126 25 0
22 37 10 56 76 30
24 37 10 56 76 30
22 34 9 56 76 30
24 34 9 56 76 30
21 9 5 126 25 0
25 9 5 126 25 0
21 34 9 56 76 30
25 34 9 56 76 30
22 9 5 126 25 0
24 9 5 126 25 0
22 33 9 56 76 30
24 33 9 56 76 30
21 10 5 126 25 0
25 10 5 126 25 0
21 33 9 56 76 30
25 33 9 56 76 30
21 38 10 56 76 30
25 38 10 56 76 30
22 36 4 56 76 30
24 36 4 56 76 30
22 38 10 56 76 30
24 38 10 56 76 30
21 36 4 56 76 30
25 36 4 56 76 30
22 10 5 126 25 0
24 10 5 126 25 0
22 32 9 56 76 30
24 32 9 56 76 30
21 11 5 56 76 30
25 11 5 56 76 30
21 32 9 56 76 30
25 32 9 56 76 30
22 11 5 56 76 30
24 11 5 56 76 30
22 31 9 56 76 30
24 31 9 56 76 30
21 39 10 56 76 30
25 39 10 56 76 30
21 12 5 56 76 30
25 12 5 56 76 30
22 39 10 56 76 30
24 39 10 56 76 30
21 31 9 56 76 30
25 31 9 56 76 30
22 12 5 56 76 30
24 12 5 56 76 30
21 13 5 56 76 30
25 13 5 56 76 30
22 13 5 56 76 30
24 13 5 56 76 30
22 30 9 56 76 30
24 30 9 56 76 30
21 30 9 56 76 30
25 30 9 56 76 30
22 35 4 56 76 30
24 35 4 56 76 30
21 40 10 56 76 30
25 40 10 56 76 30
21 35 4 56 76 30
25 35 4 56 76 30
22 40 10 56 76 30
24 40 10 56 76 30
21 14 5 56 76 30
25 14 5 56 76 30
22 14 5 56 76 30
24 14 5 56 76 30
21 15 5 56 76 30
25 15 5 56 76 30
22 15 5 56 76 30
24 15 5 56 76 30
22 29 9 56 76 30
24 29 9 56 76 30
21 29 9 56 76 30
25 29 9 56 76 30
21 16 5 56 76 30
25 16 5 56 76 30
21 41 10 56 76 30
25 41 10 56 76 30
22 16 5 56 76 30
24 16 5 56 76 30
22 41 10 56 76 30
24 41 10 56 76 30
22 34 4 56 76 30
24 34 4 56 76 30
21 17 5 56 76 30
25 17 5 56 76 30
21 34 4 56 76 30
25 34 4 56 76 30
22 28 9 56 76 30
24 28 9 56 76 30
22 17 5 56 76 30
24 17 5 56 76 30
21 28 9 56 76 30
25 28 9 56 76 30
21 18 5 56 76 30
25 18 5 56 76 30
21 42 10 56 76 30
25 42 10 56 76 30
22 18 5 56 76 30
24 18 5 56 76 30
22 42 10 56 76 30
24 42 10 56 76 30
22 27 9 56 76 30
24 27 9 56 76 30
21 27 9 56 76 30
25 27 9 56 76 30
21 19 5 56 76 30
25 19 5 56 76 30
22 19 5 56 76 30
24 19 5 56 76 30
22 33 4 56 76 30
24 33 4 56 76 30
22 26 9 56 76 30
24 26 9 56 76 30
21 33 4 56 76 30
25 33 4 56 76 30
21 43 10 56 76 30
25 43 10 56 76 30
21 26 9 56 76 30
25 26 9 56 76 30
22 43 10 56 76 30
24 43 10 56 76 30
21 20 5 56 76 30
25 20 5 56 76 30
22 20 5 56 76 30
24 20 5 56 76 30
22 25 9 56 76 30
24 25 9 56 76 30
21 25 9 56 76 30
25 25 9 56 76 30
21 21 5 56 76 30
25 21 5 56 76 30
22 21 5 56 76 30
24 21 5 56 76 30
22 24 9 56 76 30
24 24 9 56 76 30
21 44 10 56 76 30
25 44 10 56 76 30
22 32 4 56 76 30
24 32 4 56 76 30
22 44 10 56 76 30
24 44 10 56 76 30
21 32 4 56 76 30
25 32 4 56 76 30
21 24 9 56 76 30
25 24 9 56 76 30
21 22 5 56 76 30
25 22 5 56 76 30
22 22 5 56 76 30
24 22 5 56 76 30
22 23 9 56 76 30
24 23 9 56 76 30
21 23 9 56 76 30
25 23 9 56 76 30
21 23 5 56 76 30
25 23 5 56 76 30
21 45 10 56 76 30
25 45 10 56 76 30
22 32 2 56 76 30
24 32 2 56 76 30
22 45 10 56 76 30
24 45 10 56 76 30
22 31 4 56 76 30
24 31 4 56 76 30
21 46 1 56 76 30
25 46 1 56 76 30
21 31 4 56 76 30
25 31 4 56 76 30
21 46 10 56 76 30
25 46 10 56 76 30
22 23 5 56 76 30
24 23 5 56 76 30
22 46 10 56 76 30
24 46 10 56 76 30
22 22 9 56 76 30
24 22 9 56 76 30
21 22 9 56 76 30
25 22 9 56 76 30
21 24 5 56 76 30
25 24 5 56 76 30
21 47 10 56 76 30
25 47 10 56 76 30
22 30 4 56 76 30
24 30 4 56 76 30
22 47 10 56 76 30
24 47 10 56 76 30
21 30 4 56 76 30
25 30 4 56 76 30
22 24 5 56 76 30
24 24 5 56 76 30
22 21 9 56 76 30
24 21 9 56 76 30
21 21 9 56 76 30
25 21 9 56 76 30
22 29 4 56 76 30
24 29 4 56 76 30
21 29 4 56 76 30
25 29 4 56 76 30
21 25 5 56 76 30
25 25 5 56 76 30
22 28 4 56 76 30
24 28 4 56 76 30
21 28 4 56 76 30
25 28 4 56 76 30
22 25 5 56 76 30
24 25 5 56 76 30
22 20 9 45 45 45
24 20 9 45 45 45
21 20 9 45 45 45
25 20 9 45 45 45
22 27 4 56 76 30
24 27 4 56 76 30
21 26 5 56 76 30
25 26 5 56 76 30
21 27 4 56 76 30
25 27 4 56 76 30
22 26 5 56 76 30
24 26 5 56 76 30
22 19 9 56 76 30
24 19 9 56 76 30
21 19 9 56 76 30
25 19 9 56 76 30
22 26 4 56 76 30
24 26 4 56 76 30
21 27 5 56 76 30
25 27 5 56 76 30
21 26 4 56 76 30
25 26 4 56 76 30
22 27 5 56 76 30
24 27 5 56 76 30
22 18 9 56 76 30
24 18 9 56 76 30
21 18 9 56 76 30
25 18 9 56 76 30
22 25 4 56 76 30
24 25 4 56 76 30
21 28 5 56 76 30
25 28 5 56 76 30
21 25 4 56 76 30
25 25 4 56 76 30
22 28 5 56 76 30
24 28 5 56 76 30
22 17 9 56 76 30
24 17 9 56 76 30
21 17 9 56 76 30
25 17 9 56 76 30
22 24 4 56 76 30
24 24 4 56 76 30
22 16 9 126 25 0
24 16 9 126 25 0
21 24 4 56 76 30
25 24 4 56 76 30
21 29 5 56 76 30
25 29 5 56 76 30
21 16 9 126 25 0
25 16 9 126 25 0
22 29 5 56 76 30
24 29 5 56 76 30
22 23 4 56 76 30
24 23 4 56 76 30
22 15 9 126 25 0
24 15 9 126 25 0
21 23 4 56 76 30
25 23 4 56 76 30
22 14 9 126 25 0
24 14 9 126 25 0
21 30 5 56 76 30
25 30 5 56 76 30
22 30 5 56 76 30
24 30 5 56 76 30
22 22 4 56 76 30
24 22 4 56 76 30
21 31 5 56 76 30
25 31 5 56 76 30
21 22 4 56 76 30
25 22 4 56 76 30
22 31 5 56 76 30
24 31 5 56 76 30
22 27 2 56 76 30
24 27 2 56 76 30
42 49 1 255 50 0
37 47 2 255 50 0
22 21 4 56 76 30
24 21 4 56 76 30
21 32 5 56 76 30
25 32 5 56 76 30
22 20 4 56 76 30
24 20 4 56 76 30
22 32 5 56 76 30
24 32 5 56 76 30
22 19 4 56 76 30
24 19 4 56 76 30
22 54 8 56 76 30
24 54 8 56 76 30
22 18 4 56 76 30
24 18 4 56 76 30
21 51 8 56 76 30
25 51 8 56 76 30
22 17 4 126 25 0
24 17 4 126 25 0
21 33 5 56 76 30
25 33 5 56 76 30
22 16 4 56 76 30
24 16 4 56 76 30
21 50 8 56 76 30
25 50 8 56 76 30
22 15 4 56 76 30
24 15 4 56 76 30
22 33 5 56 76 30
24 33 5 56 76 30
22 14 4 56 76 30
24 14 4 56 76 30
21 14 9 126 25 0
25 14 9 126 25 0
22 13 4 56 76 30
24 13 4 56 76 30
22 53 8 56 76 30
24 53 8 56 76 30
22 12 4 56 76 30
24 12 4 56 76 30
21 52 8 56 76 30
25 52 8 56 76 30
21 34 5 56 76 30
25 34 5 56 76 30
21 49 8 56 76 30
25 49 8 56 76 30
22 52 8 56 76 30
24 52 8 56 76 30
22 34 5 56 76 30
24 34 5 56 76 30
21 45 2 56 76 30
25 45 2 56 76 30
22 51 8 56 76 30
24 51 8 56 76 30
21 35 5 56 76 30
25 35 5 56 76 30
21 53 8 56 76 30
25 53 8 56 76 30
22 45 2 56 76 30
24 45 2 56 76 30
22 35 5 56 76 30
24 35 5 56 76 30
22 43 12 88 88 88
24 43 12 88 88 88
22 49 8 56 76 30
24 49 8 56 76 30
22 50 8 56 76 30
24 50 8 56 76 30
21 36 5 56 76 30
25 36 5 56 76 30
22 36 5 56 76 30
24 36 5 56 76 30
21 54 8 56 76 30
25 54 8 56 76 30
21 46 2 88 88 88
25 46 2 88 88 88
21 37 5 56 76 30
25 37 5 56 76 30
21 15 4 56 76 30
25 15 4 56 76 30
22 37 5 56 76 30
24 37 5 56 76 30
22 46 2 88 88 88
24 46 2 88 88 88
21 55 8 56 76 30
25 55 8 56 76 30
22 47 8 56 76 30
24 47 8 56 76 30
21 47 8 56 76 30
25 47 8 56 76 30
22 24 11 56 76 30
24 24 11 56 76 30
22 25 11 56 76 30
24 25 11 56 76 30
22 26 11 56 76 30
24 26 11 56 76 30
22 27 11 56 76 30
24 27 11 56 76 30
21 38 5 56 76 30
25 38 5 56 76 30
22 28 11 56 76 30
24 28 11 56 76 30
22 38 5 56 76 30
24 38 5 56 76 30
22 11 10 126 25 0
24 11 10 126 25 0
22 46 8 56 76 30
24 46 8 56 76 30
21 46 8 56 76 30
25 46 8 56 76 30
22 12 10 126 25 0
24 12 10 126 25 0
22 13 10 126 25 0
24 13 10 126 25 0
21 39 5 56 76 30
25 39 5 56 76 30
21 11 9 126 25 0
25 11 9 126 25 0
22 39 5 56 76 30
24 39 5 56 76 30
21 12 9 126 25 0
25 12 9 126 25 0
21 13 9 126 25 0
25 13 9 126 25 0
21 46 4 88 88 88
25 46 4 88 88 88
22 45 8 56 76 30
24 45 8 56 76 30
21 46 5 88 88 88
25 46 5 88 88 88
21 45 8 56 76 30
25 45 8 56 76 30
21 46 6 88 88 88
25 46 6 88 88 88
21 40 5 56 76 30
25 40 5 56 76 30
22 40 5 56 76 30
24 40 5 56 76 30
22 44 8 56 76 30
24 44 8 56 76 30
21 44 8 56 76 30
25 44 8 56 76 30
21 41 5 56 76 30
25 41 5 56 76 30
22 41 5 56 76 30
24 41 5 56 76 30
22 43 8 56 76 30
24 43 8 56 76 30
21 42 5 56 76 30
25 42 5 56 76 30
22 46 3 88 88 88
24 46 3 88 88 88
21 43 8 56 76 30
25 43 8 56 76 30
22 42 5 56 76 30
24 42 5 56 76 30
22 42 8 56 76 30
24 42 8 56 76 30
21 43 5 56 76 30
25 43 5 56 76 30
21 42 8 56 76 30
25 42 8 56 76 30
22 43 5 56 76 30
24 43 5 56 76 30
21 15 10 126 25 0
25 15 10 126 25 0
22 45 3 56 76 30
24 45 3 56 76 30
21 44 5 56 76 30
25 44 5 56 76 30
21 45 3 56 76 30
25 45 3 56 76 30
22 44 5 56 76 30
24 44 5 56 76 30
22 5 9 126 25 0
24 5 9 126 25 0
22 41 8 56 76 30
24 41 8 56 76 30
21 41 8 56 76 30
25 41 8 56 76 30
21 45 5 56 76 30
25 45 5 56 76 30
22 45 5 56 76 30
24 45 5 56 76 30
22 46 6 88 88 88
24 46 6 88 88 88
22 40 8 56 76 30
24 40 8 56 76 30
21 40 8 56 76 30
25 40 8 56 76 30
22 46 5 88 88 88
24 46 5 88 88 88
22 4 9 126 25 0
24 4 9 126 25 0
21 30 11 56 76 30
25 30 11 56 76 30
21 14 10 126 25 0
25 14 10 126 25 0
22 30 11 56 76 30
24 30 11 56 76 30
22 46 4 88 88 88
24 46 4 88 88 88
22 39 8 56 76 30
24 39 8 56 76 30
21 47 4 88 88 88
25 47 4 88 88 88
22 44 3 56 76 30
24 44 3 56 76 30
21 47 5 88 88 88
25 47 5 88 88 88
21 44 3 56 76 30
25 44 3 56 76 30
21 47 6 88 88 88
25 47 6 88 88 88
21 39 8 56 76 30
25 39 8 56 76 30
21 10 9 126 25 0
25 10 9 126 25 0
22 41 2 56 76 30
24 41 2 56 76 30
22 38 8 56 76 30
24 38 8 56 76 30
21 38 8 56 76 30
25 38 8 56 76 30
21 41 2 56 76 30
25 41 2 56 76 30
22 40 2 56 76 30
24 40 2 56 76 30
21 40 2 56 76 30
25 40 2 56 76 30
22 37 8 56 76 30
24 37 8 56 76 30
21 37 8 56 76 30
25 37 8 56 76 30
22 39 2 56 76 30
24 39 2 56 76 30
21 46 11 88 88 88
25 46 11 88 88 88
22 36 8 56 76 30
24 36 8 56 76 30
21 0 6 126 25 0
25 0 6 126 25 0
21 36 8 56 76 30
25 36 8 56 76 30
22 0 6 126 25 0
24 0 6 126 25 0
21 1 6 126 25 0
25 1 6 126 25 0
22 1 6 126 25 0
24 1 6 126 25 0
21 2 6 126 25 0
25 2 6 126 25 0
22 2 6 126 25 0
24 2 6 126 25 0
22 46 11 88 88 88
24 46 11 88 88 88
21 3 6 126 25 0
25 3 6 126 25 0
22 42 11 56 76 30
24 42 11 56 76 30
22 35 8 56 76 30
24 35 8 56 76 30
22 43 3 56 76 30
24 43 3 56 76 30
22 3 6 126 25 0
24 3 6 126 25 0
21 43 3 56 76 30
25 43 3 56 76 30
21 35 8 56 76 30
25 35 8 56 76 30
21 4 6 126 25 0
25 4 6 126 25 0
22 4 6 126 25 0
24 4 6 126 25 0
21 5 6 126 25 0
25 5 6 126 25 0
22 5 6 126 25 0
24 5 6 126 25 0
21 6 6 126 25 0
25 6 6 126 25 0
22 34 8 56 76 30
24 34 8 56 76 30
22 6 6 126 25 0
24 6 6 126 25 0
21 34 8 56 76 30
25 34 8 56 76 30
21 7 6 126 25 0
25 7 6 126 25 0
22 7 6 126 25 0
24 7 6 126 25 0
21 34 2 56 76 30
25 34 2 56 76 30
21 8 6 126 25 0
25 8 6 126 25 0
22 8 6 126 25 0
24 8 6 126 25 0
22 34 2 56 76 30
24 34 2 56 76 30
21 9 6 126 25 0
25 9 6 126 25 0
22 9 6 126 25 0
24 9 6 126 25 0
22 33 8 56 76 30
24 33 8 56 76 30
21 10 6 126 25 0
25 10 6 126 25 0
21 33 8 56 76 30
25 33 8 56 76 30
22 10 6 126 25 0
24 10 6 126 25 0
21 11 6 56 76 30
25 11 6 56 76 30
22 42 3 56 76 30
24 42 3 56 76 30
22 11 6 56 76 30
24 11 6 56 76 30
21 42 3 56 76 30
25 42 3 56 76 30
21 35 2 56 76 30
25 35 2 56 76 30
21 12 6 56 76 30
25 12 6 56 76 30
21 48 5 88 88 88
25 48 5 88 88 88
22 35 2 56 76 30
24 35 2 56 76 30
21 49 5 88 88 88
25 49 5 88 88 88
22 12 6 56 76 30
24 12 6 56 76 30
21 50 5 88 88 88
25 50 5 88 88 88
22 32 8 56 76 30
24 32 8 56 76 30
21 52 5 88 88 88
25 52 5 88 88 88
21 13 6 56 76 30
25 13 6 56 76 30
21 54 5 88 88 88
25 54 5 88 88 88
21 56 6 88 88 88
25 56 6 88 88 88
21 32 8 56 76 30
25 32 8 56 76 30
21 57 5 88 88 88
25 57 5 88 88 88
22 13 6 56 76 30
24 13 6 56 76 30
21 14 6 56 76 30
25 14 6 56 76 30
22 14 6 56 76 30
24 14 6 56 76 30
21 15 6 56 76 30
25 15 6 56 76 30
22 31 8 56 76 30
24 31 8 56 76 30
22 15 6 56 76 30
24 15 6 56 76 30
21 31 8 56 76 30
25 31 8 56 76 30
21 16 6 56 76 30
25 16 6 56 76 30
22 16 6 56 76 30
24 16 6 56 76 30
22 30 8 56 76 30
24 30 8 56 76 30
22 41 3 56 76 30
24 41 3 56 76 30
21 17 6 56 76 30
25 17 6 56 76 30
21 41 3 56 76 30
25 41 3 56 76 30
21 30 8 56 76 30
25 30 8 56 76 30
22 17 6 56 76 30
24 17 6 56 76 30
21 18 6 56 76 30
25 18 6 56 76 30
22 29 8 56 76 30
24 29 8 56 76 30
22 18 6 56 76 30
24 18 6 56 76 30
21 29 8 56 76 30
25 29 8 56 76 30
21 19 6 56 76 30
25 19 6 56 76 30
22 28 8 56 76 30
24 28 8 56 76 30
22 19 6 56 76 30
24 19 6 56 76 30
21 28 8 56 76 30
25 28 8 56 76 30
21 20 6 56 76 30
25 20 6 56 76 30
22 27 8 56 76 30
24 27 8 56 76 30
22 20 6 56 76 30
24 20 6 56 76 30
21 27 8 56 76 30
25 27 8 56 76 30
21 21 6 56 76 30
25 21 6 56 76 30
22 26 8 56 76 30
24 26 8 56 76 30
22 21 6 56 76 30
24 21 6 56 76 30
21 26 8 56 76 30
25 26 8 56 76 30
21 22 6 56 76 30
25 22 6 56 76 30
22 25 8 56 76 30
24 25 8 56 76 30
22 22 6 56 76 30
24 22 6 56 76 30
21 25 8 56 76 30
25 25 8 56 76 30
22 40 3 56 76 30
24 40 3 56 76 30
21 23 6 56 76 30
25 23 6 56 76 30
21 40 3 56 76 30
25 40 3 56 76 30
22 24 8 56 76 30
24 24 8 56 76 30
22 23 6 56 76 30
24 23 6 56 76 30
21 24 8 56 76 30
25 24 8 56 76 30
21 24 6 56 76 30
25 24 6 56 76 30
22 23 8 56 76 30
24 23 8 56 76 30
22 24 6 56 76 30
24 24 6 56 76 30
21 48 4 88 88 88
25 48 4 88 88 88
21 23 8 56 76 30
25 23 8 56 76 30
21 49 4 88 88 88
25 49 4 88 88 88
21 25 6 56 76 30
25 25 6 56 76 30
21 50 4 88 88 88
25 50 4 88 88 88
22 22 8 56 76 30
24 22 8 56 76 30
22 25 6 56 76 30
24 25 6 56 76 30
21 22 8 56 76 30
25 22 8 56 76 30
21 26 6 56 76 30
25 26 6 56 76 30
22 21 8 56 76 30
24 21 8 56 76 30
21 52 4 88 88 88
25 52 4 88 88 88
22 26 6 56 76 30
24 26 6 56 76 30
21 21 8 56 76 30
25 21 8 56 76 30
21 43 11 56 76 30
25 43 11 56 76 30
21 27 6 56 76 30
25 27 6 56 76 30
22 39 3 56 76 30
24 39 3 56 76 30
21 54 4 88 88 88
25 54 4 88 88 88
21 39 3 56 76 30
25 39 3 56 76 30
21 56 5 88 88 88
25 56 5 88 88 88
22 20 8 56 76 30
24 20 8 56 76 30
22 27 6 56 76 30
24 27 6 56 76 30
21 20 8 56 76 30
25 20 8 56 76 30
21 28 6 56 76 30
25 28 6 56 76 30
22 19 8 56 76 30
24 19 8 56 76 30
21 57 4 88 88 88
25 57 4 88 88 88
22 28 6 56 76 30
24 28 6 56 76 30
21 48 6 88 88 88
25 48 6 88 88 88
21 19 8 56 76 30
25 19 8 56 76 30
21 49 6 88 88 88
25 49 6 88 88 88
22 38 3 56 76 30
24 38 3 56 76 30
21 50 6 88 88 88
25 50 6 88 88 88
21 38 3 56 76 30
25 38 3 56 76 30
21 29 6 56 76 30
25 29 6 56 76 30
22 18 8 56 76 30
24 18 8 56 76 30
22 29 6 56 76 30
24 29 6 56 76 30
21 18 8 56 76 30
25 18 8 56 76 30
21 52 6 88 88 88
25 52 6 88 88 88
21 30 6 56 76 30
25 30 6 56 76 30
22 17 8 56 76 30
24 17 8 56 76 30
22 30 6 56 76 30
24 30 6 56 76 30
21 17 8 56 76 30
25 17 8 56 76 30
22 16 8 126 25 0
24 16 8 126 25 0
21 54 6 88 88 88
25 54 6 88 88 88
22 37 3 56 76 30
24 37 3 56 76 30
21 56 4 88 88 88
25 56 4 88 88 88
21 37 3 56 76 30
25 37 3 56 76 30
21 16 8 126 25 0
25 16 8 126 25 0
21 31 6 56 76 30
25 31 6 56 76 30
22 31 6 56 76 30
24 31 6 56 76 30
22 15 8 126 25 0
24 15 8 126 25 0
21 57 6 88 88 88
25 57 6 88 88 88
21 32 2 56 76 30
25 32 2 56 76 30
21 15 8 126 25 0
25 15 8 126 25 0
21 2 4 126 25 0
25 2 4 126 25 0
22 14 8 126 25 0
24 14 8 126 25 0
21 14 8 126 25 0
25 14 8 126 25 0
21 32 6 56 76 30
25 32 6 56 76 30
22 36 3 56 76 30
24 36 3 56 76 30
22 32 6 56 76 30
24 32 6 56 76 30
21 36 3 56 76 30
25 36 3 56 76 30
22 13 8 126 25 0
24 13 8 126 25 0
21 13 8 126 25 0
25 13 8 126 25 0
22 12 8 126 25 0
24 12 8 126 25 0
21 12 8 126 25 0
25 12 8 126 25 0
21 1 3 56 76 30
25 1 3 56 76 30
21 33 6 56 76 30
25 33 6 56 76 30
22 11 8 126 25 0
24 11 8 126 25 0
22 33 6 56 76 30
24 33 6 56 76 30
21 11 8 126 25 0
25 11 8 126 25 0
16 57 11 126 25 0
30 57 11 126 25 0
22 10 8 126 25 0
24 10 8 126 25 0
21 43 12 88 88 88
25 43 12 88 88 88
21 10 8 126 25 0
25 10 8 126 25 0
21 44 12 0 119 255
25 44 12 0 119 255
22 9 8 126 25 0
24 9 8 126 25 0
22 35 3 56 76 30
24 35 3 56 76 30
21 9 8 126 25 0
25 9 8 126 25 0
21 35 3 56 76 30
25 35 3 56 76 30
21 34 6 56 76 30
25 34 6 56 76 30
22 34 6 56 76 30
24 34 6 56 76 30
22 8 8 126 25 0
24 8 8 126 25 0
21 8 8 126 25 0
25 8 8 126 25 0
21 21 10 56 76 30
25 21 10 56 76 30
22 21 10 56 76 30
24 21 10 56 76 30
22 7 8 126 25 0
24 7 8 126 25 0
21 7 8 126 25 0
25 7 8 126 25 0
23 56 15 56 76 30
23 56 14 56 76 30
22 6 8 126 25 0
24 6 8 126 25 0
21 35 6 56 76 30
25 35 6 56 76 30
21 6 8 126 25 0
25 6 8 126 25 0
22 35 6 56 76 30
24 35 6 56 76 30
21 1 4 56 76 30
25 1 4 56 76 30
22 5 8 126 25 0
24 5 8 126 25 0
22 34 3 56 76 30
24 34 3 56 76 30
21 5 8 126 25 0
25 5 8 126 25 0
21 34 3 56 76 30
25 34 3 56 76 30
22 4 8 126 25 0
24 4 8 126 25 0
21 4 8 126 25 0
25 4 8 126 25 0
22 2 3 45 45 45
24 2 3 45 45 45
21 36 6 56 76 30
25 36 6 56 76 30
22 3 8 126 25 0
24 3 8 126 25 0
22 36 6 56 76 30
24 36 6 56 76 30
21 3 8 126 25 0
25 3 8 126 25 0
21 2 3 126 25 0
25 2 3 126 25 0
22 2 8 126 25 0
24 2 8 126 25 0
21 2 8 126 25 0
25 2 8 126 25 0
22 2 4 45 45 45
24 2 4 45 45 45
22 1 8 126 25 0
24 1 8 126 25 0
21 37 6 56 76 30
25 37 6 56 76 30
21 15 9 126 25 0
25 15 9 126 25 0
21 1 8 126 25 0
25 1 8 126 25 0
22 33 3 56 76 30
24 33 3 56 76 30
22 37 6 56 76 30
24 37 6 56 76 30
21 33 3 56 76 30
25 33 3 56 76 30
22 7 9 126 25 0
24 7 9 126 25 0
22 3 9 126 25 0
24 3 9 126 25 0
22 8 9 126 25 0
24 8 9 126 25 0
22 45 12 0 119 255
24 45 12 0 119 255
22 9 9 126 25 0
24 9 9 126 25 0
21 38 6 56 76 30
25 38 6 56 76 30
22 38 6 56 76 30
24 38 6 56 76 30
21 35 12 56 76 30
25 35 12 56 76 30
22 35 12 56 76 30
24 35 12 56 76 30
21 39 6 56 76 30
25 39 6 56 76 30
22 39 6 56 76 30
24 39 6 56 76 30
22 32 3 56 76 30
24 32 3 56 76 30
22 2 9 126 25 0
24 2 9 126 25 0
21 32 3 56 76 30
25 32 3 56 76 30
21 45 12 0 119 255
25 45 12 0 119 255
21 36 12 56 76 30
25 36 12 56 76 30
22 36 12 88 88 88
24 36 12 88 88 88
21 37 12 88 88 88
25 37 12 88 88 88
22 37 12 56 76 30
24 37 12 56 76 30
21 40 6 56 76 30
25 40 6 56 76 30
22 40 6 56 76 30
24 40 6 56 76 30
21 38 12 0 119 255
25 38 12 0 119 255
22 38 12 0 255 246
24 38 12 0 255 246
22 31 3 56 76 30
24 31 3 56 76 30
21 39 12 0 119 255
25 39 12 0 119 255
21 31 3 56 76 30
25 31 3 56 76 30
21 41 6 56 76 30
25 41 6 56 76 30
22 39 12 0 255 246
24 39 12 0 255 246
22 41 6 56 76 30
24 41 6 56 76 30
22 6 9 126 25 0
24 6 9 126 25 0
21 40 12 88 88 88
25 40 12 88 88 88
21 17 4 126 25 0
25 17 4 126 25 0
22 40 12 88 88 88
24 40 12 88 88 88
22 30 3 56 76 30
24 30 3 56 76 30
21 41 12 0 119 255
25 41 12 0 119 255
21 30 3 56 76 30
25 30 3 56 76 30
22 41 12 0 255 246
24 41 12 0 255 246
21 42 6 56 76 30
25 42 6 56 76 30
22 42 6 56 76 30
24 42 6 56 76 30
21 36 2 56 76 30
25 36 2 56 76 30
21 43 6 56 76 30
25 43 6 56 76 30
21 18 4 126 25 0
25 18 4 126 25 0
22 43 6 56 76 30
24 43 6 56 76 30
22 29 3 56 76 30
24 29 3 56 76 30
22 36 2 56 76 30
24 36 2 56 76 30
21 29 3 56 76 30
25 29 3 56 76 30
21 44 6 56 76 30
25 44 6 56 76 30
22 44 6 56 76 30
24 44 6 56 76 30
21 45 6 56 76 30
25 45 6 56 76 30
22 28 3 56 76 30
24 28 3 56 76 30
22 45 6 56 76 30
24 45 6 56 76 30
21 28 3 56 76 30
25 28 3 56 76 30
22 44 12 0 255 246
24 44 12 0 255 246
22 46 7 88 88 88
24 46 7 88 88 88
22 45 7 56 76 30
24 45 7 56 76 30
22 27 3 56 76 30
24 27 3 56 76 30
21 45 7 56 76 30
25 45 7 56 76 30
21 27 3 56 76 30
25 27 3 56 76 30
21 39 2 56 76 30
25 39 2 56 76 30
22 38 2 56 76 30
24 38 2 56 76 30
22 44 7 56 76 30
24 44 7 56 76 30
22 26 3 56 76 30
24 26 3 56 76 30
21 44 7 56 76 30
25 44 7 56 76 30
21 26 3 56 76 30
25 26 3 56 76 30
21 38 2 56 76 30
25 38 2 56 76 30
22 37 2 56 76 30
24 37 2 56 76 30
21 37 2 56 76 30
25 37 2 56 76 30
22 25 3 56 76 30
24 25 3 56 76 30
22 43 7 56 76 30
24 43 7 56 76 30
21 25 3 56 76 30
25 25 3 56 76 30
21 43 7 56 76 30
25 43 7 56 76 30
22 10 9 126 25 0
24 10 9 126 25 0
22 12 9 126 25 0
24 12 9 126 25 0
22 24 3 56 76 30
24 24 3 56 76 30
21 42 12 0 119 255
25 42 12 0 119 255
21 24 3 56 76 30
25 24 3 56 76 30
21 0 7 126 25 0
25 0 7 126 25 0
22 42 7 56 76 30
24 42 7 56 76 30
22 0 7 126 25 0
24 0 7 126 25 0
22 23 3 56 76 30
24 23 3 56 76 30
21 42 7 56 76 30
25 42 7 56 76 30
21 23 3 56 76 30
25 23 3 56 76 30
21 1 7 126 25 0
25 1 7 126 25 0
21 16 4 126 25 0
25 16 4 126 25 0
22 1 7 126 25 0
24 1 7 126 25 0
22 22 3 56 76 30
24 22 3 56 76 30
21 2 7 126 25 0
25 2 7 126 25 0
21 22 3 56 76 30
25 22 3 56 76 30
22 2 7 126 25 0
24 2 7 126 25 0
21 19 4 126 25 0
25 19 4 126 25 0
21 3 7 126 25 0
25 3 7 126 25 0
22 21 3 56 76 30
24 21 3 56 76 30
22 3 7 126 25 0
24 3 7 126 25 0
22 20 3 56 76 30
24 20 3 56 76 30
22 41 7 56 76 30
24 41 7 56 76 30
22 19 3 126 25 0
24 19 3 126 25 0
21 41 7 56 76 30
25 41 7 56 76 30
22 18 3 126 25 0
24 18 3 126 25 0
21 4 7 126 25 0
25 4 7 126 25 0
22 17 3 126 25 0
24 17 3 126 25 0
22 4 7 126 25 0
24 4 7 126 25 0
22 16 3 126 25 0
24 16 3 126 25 0
21 5 7 126 25 0
25 5 7 126 25 0
22 15 3 126 25 0
24 15 3 126 25 0
22 5 7 126 25 0
24 5 7 126 25 0
22 14 3 56 76 30
24 14 3 56 76 30
21 6 7 126 25 0
25 6 7 126 25 0
21 14 4 56 76 30
25 14 4 56 76 30
22 6 7 126 25 0
24 6 7 126 25 0
21 20 4 126 25 0
25 20 4 126 25 0
22 42 12 0 255 246
24 42 12 0 255 246
21 21 4 56 76 30
25 21 4 56 76 30
21 7 7 126 25 0
25 7 7 126 25 0
22 40 7 56 76 30
24 40 7 56 76 30
22 7 7 126 25 0
24 7 7 126 25 0
22 43 11 56 76 30
24 43 11 56 76 30
21 40 7 56 76 30
25 40 7 56 76 30
21 31 11 56 76 30
25 31 11 56 76 30
21 8 7 126 25 0
25 8 7 126 25 0
22 8 7 126 25 0
24 8 7 126 25 0
21 9 7 126 25 0
25 9 7 126 25 0
22 31 11 56 76 30
24 31 11 56 76 30
22 9 7 126 25 0
24 9 7 126 25 0
21 44 11 56 76 30
25 44 11 56 76 30
21 10 7 126 25 0
25 10 7 126 25 0
22 10 7 126 25 0
24 10 7 126 25 0
22 39 7 56 76 30
24 39 7 56 76 30
22 44 11 56 76 30
24 44 11 56 76 30
21 11 7 126 25 0
25 11 7 126 25 0
21 32 11 56 76 30
25 32 11 56 76 30
21 39 7 56 76 30
25 39 7 56 76 30
22 11 7 126 25 0
24 11 7 126 25 0
21 12 7 126 25 0
25 12 7 126 25 0
22 32 11 56 76 30
24 32 11 56 76 30
22 12 7 126 25 0
24 12 7 126 25 0
21 45 11 56 76 30
25 45 11 56 76 30
21 13 7 126 25 0
25 13 7 126 25 0
22 13 7 126 25 0
24 13 7 126 25 0
21 14 7 126 25 0
25 14 7 126 25 0
22 45 11 56 76 30
24 45 11 56 76 30
22 14 7 126 25 0
24 14 7 126 25 0
21 33 11 56 76 30
25 33 11 56 76 30
22 38 7 56 76 30
24 38 7 56 76 30
21 38 7 56 76 30
25 38 7 56 76 30
22 33 11 56 76 30
24 33 11 56 76 30
21 15 7 126 25 0
25 15 7 126 25 0
22 15 7 126 25 0
24 15 7 126 25 0
21 16 7 126 25 0
25 16 7 126 25 0
22 16 7 126 25 0
24 16 7 126 25 0
21 17 7 56 76 30
25 17 7 56 76 30
21 34 11 56 76 30
25 34 11 56 76 30
22 17 7 56 76 30
24 17 7 56 76 30
22 37 7 56 76 30
24 37 7 56 76 30
22 34 11 56 76 30
24 34 11 56 76 30
21 18 7 56 76 30
25 18 7 56 76 30
21 37 7 56 76 30
25 37 7 56 76 30
22 18 7 56 76 30
24 18 7 56 76 30
21 19 7 56 76 30
25 19 7 56 76 30
22 19 7 56 76 30
24 19 7 56 76 30
21 35 11 56 76 30
25 35 11 56 76 30
21 20 7 56 76 30
25 20 7 56 76 30
22 36 7 56 76 30
24 36 7 56 76 30
22 20 7 56 76 30
24 20 7 56 76 30
22 35 11 56 76 30
24 35 11 56 76 30
21 36 7 56 76 30
25 36 7 56 76 30
21 30 12 56 76 30
25 30 12 56 76 30
21 21 7 56 76 30
25 21 7 56 76 30
22 21 7 56 76 30
24 21 7 56 76 30
21 22 7 56 76 30
25 22 7 56 76 30
22 30 12 56 76 30
24 30 12 56 76 30
22 35 7 56 76 30
24 35 7 56 76 30
21 36 11 56 76 30
25 36 11 56 76 30
22 22 7 56 76 30
24 22 7 56 76 30
21 35 7 56 76 30
25 35 7 56 76 30
21 23 7 56 76 30
25 23 7 56 76 30
22 36 11 56 76 30
24 36 11 56 76 30
22 23 7 56 76 30
24 23 7 56 76 30
21 31 12 56 76 30
25 31 12 56 76 30
22 34 7 56 76 30
24 34 7 56 76 30
21 34 7 56 76 30
25 34 7 56 76 30
21 24 7 56 76 30
25 24 7 56 76 30
22 31 12 56 76 30
24 31 12 56 76 30
22 24 7 56 76 30
24 24 7 56 76 30
21 37 11 56 76 30
25 37 11 56 76 30
21 25 7 56 76 30
25 25 7 56 76 30
22 29 11 56 76 30
24 29 11 56 76 30
22 25 7 56 76 30
24 25 7 56 76 30
22 37 11 56 76 30
24 37 11 56 76 30
22 33 7 56 76 30
24 33 7 56 76 30
21 33 7 56 76 30
25 33 7 56 76 30
21 26 7 56 76 30
25 26 7 56 76 30
22 26 7 56 76 30
24 26 7 56 76 30
22 32 7 56 76 30
24 32 7 56 76 30
21 32 12 56 76 30
25 32 12 56 76 30
21 32 7 56 76 30
25 32 7 56 76 30
21 38 11 56 76 30
25 38 11 56 76 30
21 27 7 56 76 30
25 27 7 56 76 30
22 32 12 56 76 30
24 32 12 56 76 30
22 27 7 56 76 30
24 27 7 56 76 30
22 38 11 56 76 30
24 38 11 56 76 30
22 30 2 56 76 30
24 30 2 56 76 30
21 29 11 56 76 30
25 29 11 56 76 30
22 31 7 56 76 30
24 31 7 56 76 30
21 31 7 56 76 30
25 31 7 56 76 30
21 28 7 56 76 30
25 28 7 56 76 30
22 28 7 56 76 30
24 28 7 56 76 30
22 30 7 56 76 30
24 30 7 56 76 30
21 39 11 56 76 30
25 39 11 56 76 30
21 30 7 56 76 30
25 30 7 56 76 30
21 33 12 56 76 30
25 33 12 56 76 30
21 29 7 56 76 30
25 29 7 56 76 30
22 39 11 56 76 30
24 39 11 56 76 30
22 29 7 56 76 30
24 29 7 56 76 30
22 33 12 56 76 30
24 33 12 56 76 30
19 64 5 255 50 0
27 64 5 255 50 0
21 38 13 0 119 255
25 38 13 0 119 255
19 62 5 255 50 0
27 62 5 255 50 0
21 39 13 0 119 255
25 39 13 0 119 255
22 40 13 88 88 88
24 40 13 88 88 88
21 40 11 56 76 30
25 40 11 56 76 30
21 40 13 88 88 88
25 40 13 88 88 88
23 56 9 56 76 30
23 55 15 56 76 30
21 41 13 0 119 255
25 41 13 0 119 255
22 40 11 56 76 30
24 40 11 56 76 30
23 55 14 56 76 30
23 54 14 56 76 30
21 34 12 56 76 30
25 34 12 56 76 30
21 42 13 0 119 255
25 42 13 0 119 255
22 43 13 88 88 88
24 43 13 88 88 88
21 43 13 88 88 88
25 43 13 88 88 88
22 34 12 56 76 30
24 34 12 56 76 30
23 53 13 56 76 30
23 55 12 126 25 0
21 41 11 56 76 30
25 41 11 56 76 30
21 44 13 0 119 255
25 44 13 0 119 255
22 37 13 0 119 255
24 37 13 0 119 255
19 59 5 255 50 0
27 59 5 255 50 0
19 58 5 255 50 0
27 58 5 255 50 0
19 57 5 255 50 0
27 57 5 255 50 0
19 56 5 255 50 0
27 56 5 255 50 0
23 33 11 56 76 30
23 33 10 56 76 30
23 33 12 56 76 30
23 32 11 56 76 30
23 34 11 56 76 30
23 32 10 56 76 30
23 34 10 56 76 30
23 32 12 56 76 30
23 34 12 56 76 30
23 33 9 56 76 30
23 32 9 56 76 30
23 34 9 56 76 30
23 31 11 56 76 30
23 31 10 56 76 30
23 31 12 56 76 30
23 35 11 56 76 30
23 35 10 56 76 30
23 35 12 56 76 30
23 31 9 56 76 30
23 35 9 56 76 30
23 33 8 56 76 30
23 32 8 56 76 30
23 34 8 56 76 30
23 31 8 56 76 30
23 35 8 56 76 30
23 30 11 56 76 30
23 30 10 56 76 30
23 30 12 56 76 30
23 30 9 56 76 30
23 36 11 56 76 30
23 36 10 56 76 30
23 36 12 88 88 88
23 36 9 56 76 30
23 30 8 56 76 30
23 36 8 56 76 30
23 33 7 56 76 30
23 32 7 56 76 30
23 34 7 56 76 30
23 31 7 56 76 30
23 35 7 56 76 30
23 30 7 56 76 30
23 36 7 56 76 30
23 29 11 56 76 30
23 29 10 56 76 30
23 29 9 56 76 30
23 29 8 56 76 30
23 37 11 56 76 30
23 37 10 56 76 30
23 37 12 56 76 30
23 37 9 56 76 30
23 37 13 0 119 255
23 37 8 56 76 30
23 29 7 56 76 30
23 37 7 56 76 30
23 33 6 56 76 30
23 32 6 56 76 30
23 34 6 56 76 30
23 31 6 56 76 30
23 35 6 56 76 30
23 30 6 56 76 30
23 36 6 56 76 30
23 29 6 56 76 30
23 37 6 56 76 30
23 28 11 56 76 30
23 28 10 56 76 30
23 28 9 56 76 30
23 28 8 56 76 30
23 28 7 56 76 30
23 38 11 56 76 30
23 38 10 56 76 30
23 38 12 0 255 246
23 38 9 56 76 30
23 38 8 56 76 30
23 38 7 56 76 30
23 28 6 56 76 30
23 38 6 56 76 30
23 33 5 56 76 30
23 32 5 56 76 30
23 34 5 56 76 30
23 31 5 56 76 30
23 35 5 56 76 30
23 30 5 56 76 30
23 36 5 56 76 30
23 29 5 56 76 30
23 37 5 56 76 30
23 28 5 56 76 30
23 38 5 56 76 30
23 27 11 56 76 30
23 27 10 56 76 30
23 27 9 56 76 30
23 27 8 56 76 30
23 27 7 56 76 30
23 27 6 56 76 30
23 39 11 56 76 30
23 39 10 56 76 30
23 39 12 0 255 246
23 39 9 56 76 30
19 60 5 255 50 0
27 60 5 255 50 0
23 39 8 56 76 30
23 39 7 56 76 30
23 39 6 56 76 30
23 27 5 56 76 30
23 39 5 56 76 30
23 33 4 56 76 30
23 32 4 56 76 30
23 34 4 56 76 30
23 31 4 56 76 30
23 35 4 56 76 30
23 30 4 56 76 30
23 36 4 56 76 30
23 29 4 56 76 30
23 37 4 56 76 30
23 28 4 56 76 30
23 38 4 56 76 30
23 27 4 56 76 30
23 39 4 56 76 30
23 26 11 56 76 30
23 26 10 56 76 30
23 26 9 56 76 30
23 26 8 56 76 30
23 26 7 56 76 30
23 26 6 56 76 30
23 26 5 56 76 30
23 40 11 56 76 30
23 40 10 56 76 30
23 40 12 88 88 88
23 40 9 56 76 30
23 40 13 88 88 88
23 40 8 56 76 30
23 40 7 56 76 30
23 40 6 56 76 30
23 40 5 56 76 30
23 26 4 56 76 30
23 40 4 56 76 30
23 33 3 56 76 30
23 32 3 56 76 30
23 34 3 56 76 30
23 31 3 56 76 30
23 35 3 56 76 30
23 30 3 56 76 30
23 36 3 56 76 30
23 29 3 56 76 30
23 37 3 56 76 30
23 28 3 56 76 30
23 38 3 56 76 30
23 27 3 56 76 30
23 39 3 56 76 30
23 26 3 56 76 30
23 40 3 56 76 30
23 25 11 56 76 30
23 25 10 56 76 30
23 25 9 56 76 30
23 25 8 56 76 30
23 25 7 56 76 30
23 25 6 56 76 30
23 25 5 56 76 30
23 25 4 56 76 30
23 41 11 56 76 30
23 41 10 56 76 30
23 41 12 0 255 246
23 41 9 56 76 30
23 55 13 56 76 30
23 41 8 56 76 30
23 41 7 56 76 30
23 41 6 56 76 30
23 41 5 56 76 30
23 41 4 56 76 30
23 25 3 56 76 30
23 41 3 56 76 30
23 32 2 56 76 30
23 34 2 56 76 30
23 35 2 56 76 30
23 30 2 56 76 30
23 36 2 56 76 30
23 37 2 56 76 30
23 38 2 56 76 30
23 27 2 56 76 30
23 39 2 56 76 30
23 40 2 56 76 30
23 41 2 56 76 30
23 24 11 56 76 30
23 24 10 56 76 30
23 24 9 56 76 30
23 24 8 56 76 30
23 24 7 56 76 30
23 24 6 56 76 30
23 24 5 56 76 30
23 24 4 56 76 30
23 24 3 56 76 30
23 42 11 56 76 30
23 42 10 56 76 30
23 42 12 0 255 246
23 42 9 56 76 30
23 54 13 56 76 30
23 42 8 56 76 30
23 42 7 56 76 30
23 42 6 56 76 30
23 42 5 56 76 30
23 42 4 56 76 30
23 42 3 56 76 30
23 42 2 56 76 30
23 23 10 56 76 30
23 23 9 56 76 30
23 23 8 56 76 30
23 23 7 56 76 30
23 23 6 56 76 30
23 23 5 56 76 30
23 23 4 56 76 30
23 23 3 56 76 30
23 43 11 56 76 30
23 43 10 56 76 30
23 43 12 88 88 88
23 43 9 56 76 30
23 43 13 88 88 88
23 43 8 56 76 30
23 43 7 56 76 30
23 43 6 56 76 30
23 43 5 56 76 30
23 43 4 56 76 30
23 43 3 56 76 30
23 43 2 56 76 30
23 22 10 56 76 30
23 22 9 56 76 30
23 22 8 56 76 30
23 22 7 56 76 30
23 22 6 56 76 30
23 22 5 56 76 30
23 22 4 56 76 30
23 22 3 56 76 30
23 44 11 56 76 30
23 44 10 56 76 30
23 44 12 88 88 88
23 44 9 56 76 30
23 54 12 56 76 30
23 44 8 56 76 30
23 44 7 56 76 30
23 44 6 56 76 30
23 44 5 56 76 30
23 44 4 56 76 30
23 44 3 56 76 30
23 44 2 56 76 30
23 21 10 56 76 30
23 21 9 56 76 30
23 21 8 56 76 30
23 21 7 56 76 30
23 21 6 56 76 30
23 21 5 56 76 30
23 21 4 56 76 30
23 21 3 56 76 30
23 45 11 56 76 30
23 45 10 56 76 30
23 45 12 88 88 88
23 45 9 56 76 30
23 45 8 56 76 30
23 45 7 56 76 30
23 45 6 56 76 30
23 45 5 56 76 30
23 45 4 56 76 30
23 45 3 56 76 30
23 45 2 56 76 30
23 45 1 56 76 30
23 20 9 45 45 45
23 20 8 56 76 30
23 20 7 56 76 30
23 20 6 56 76 30
23 20 5 56 76 30
23 20 4 56 76 30
23 20 3 56 76 30
23 46 11 88 88 88
23 46 10 56 76 30
23 46 9 56 76 30
23 46 8 56 76 30
23 46 7 88 88 88
23 46 6 88 88 88
23 46 5 88 88 88
23 46 4 88 88 88
23 46 3 88 88 88
23 46 2 88 88 88
23 46 1 56 76 30
23 19 9 56 76 30
23 19 8 56 76 30
23 19 10 56 76 30
23 19 7 56 76 30
23 19 6 56 76 30
23 19 5 56 76 30
23 19 4 56 76 30
23 19 3 126 25 0
23 47 10 56 76 30
23 47 9 56 76 30
23 47 8 56 76 30
23 47 1 56 76 30
23 18 9 56 76 30
23 18 8 56 76 30
23 18 10 56 76 30
23 18 7 56 76 30
23 18 6 56 76 30
23 18 5 56 76 30
23 18 4 56 76 30
23 18 3 126 25 0
23 17 9 56 76 30
23 17 8 56 76 30
23 17 10 56 76 30
23 17 7 56 76 30
23 17 6 56 76 30
23 17 5 56 76 30
23 17 4 56 76 30
23 17 3 126 25 0
23 16 9 126 25 0
23 16 8 126 25 0
23 16 10 126 25 0
23 16 7 126 25 0
23 16 6 56 76 30
23 16 5 56 76 30
23 16 4 56 76 30
23 16 3 126 25 0
23 15 9 126 25 0
23 15 8 126 25 0
23 15 10 126 25 0
23 15 7 126 25 0
23 15 6 56 76 30
23 15 5 56 76 30
23 15 4 56 76 30
23 15 3 126 25 0
23 14 9 126 25 0
23 14 8 126 25 0
23 14 10 126 25 0
23 14 7 126 25 0
23 14 6 56 76 30
23 14 5 56 76 30
23 14 4 56 76 30
23 14 3 126 25 0
23 13 9 126 25 0
23 13 8 126 25 0
23 13 10 126 25 0
23 13 7 126 25 0
23 13 6 56 76 30
23 13 5 56 76 30
23 13 4 56 76 30
23 12 9 126 25 0
23 12 8 126 25 0
23 12 10 126 25 0
23 12 7 126 25 0
23 12 6 56 76 30
23 12 5 56 76 30
23 12 4 56 76 30
23 11 9 126 25 0
23 11 8 126 25 0
23 11 10 126 25 0
23 11 7 126 25 0
23 11 6 56 76 30
23 11 5 114 255 0
23 10 9 126 25 0
23 10 8 126 25 0
23 10 7 126 25 0
23 10 6 126 25 0
23 10 5 126 25 0
23 9 9 126 25 0
23 9 8 126 25 0
23 9 7 126 25 0
23 9 6 126 25 0
23 9 5 126 25 0
23 8 9 126 25 0
23 8 8 126 25 0
23 8 7 126 25 0
23 8 6 126 25 0
23 8 5 126 25 0
23 7 9 126 25 0
23 7 8 126 25 0
23 7 7 126 25 0
23 7 6 126 25 0
23 7 5 126 25 0
23 6 9 126 25 0
23 6 8 126 25 0
23 6 7 126 25 0
23 6 6 126 25 0
23 6 5 114 255 0
23 5 9 126 25 0
23 5 8 126 25 0
23 5 7 126 25 0
23 5 6 126 25 0
23 5 5 126 25 0
23 4 9 126 25 0
23 4 8 126 25 0
23 4 7 126 25 0
23 4 6 126 25 0
23 4 5 126 25 0
23 3 9 126 25 0
23 3 8 126 25 0
23 3 7 126 25 0
23 3 6 126 25 0
23 3 5 126 25 0
23 2 9 126 25 0
23 2 8 126 25 0
23 2 7 126 25 0
23 2 6 126 25 0
23 2 5 126 25 0
23 2 4 126 25 0
23 1 8 126 25 0
23 1 7 126 25 0
23 1 6 45 45 45
23 1 5 45 45 45
23 56 13 126 25 0
23 2 3 126 25 0
23 56 12 126 25 0
23 0 7 126 25 0
23 1 3 56 76 30
23 1 4 56 76 30
23 1 2 56 76 30
23 52 8 56 76 30
23 51 8 56 76 30
23 53 8 56 76 30
23 50 8 56 76 30
23 54 8 56 76 30
23 49 8 56 76 30
9 47 2 255 50 0
23 49 9 56 76 30
23 50 9 56 76 30
23 51 9 56 76 30
23 52 9 126 25 0
23 53 9 126 25 0
23 54 9 56 76 30
23 55 9 56 76 30
23 50 10 56 76 30
23 51 10 56 76 30
23 52 10 56 76 30
23 53 10 126 25 0
23 54 10 126 25 0
23 55 10 56 76 30
23 51 11 56 76 30
23 52 11 56 76 30
23 53 11 56 76 30
23 54 11 126 25 0
23 55 11 126 25 0
23 52 12 56 76 30
23 53 12 56 76 30
23 44 13 88 88 88
22 44 13 0 119 255
24 44 13 0 119 255
23 41 13 0 119 255
22 41 13 0 119 255
24 41 13 0 119 255
23 42 13 0 119 255
22 42 13 0 119 255
24 42 13 0 119 255
23 38 13 0 119 255
22 38 13 0 119 255
24 38 13 0 119 255
23 39 13 0 119 255
22 39 13 0 119 255
24 39 13 0 119 255
4 45 1 255 50 0
42 45 1 255 50 0
4 46 1 255 50 0
42 46 1 255 50 0
9 43 2 255 50 0
37 43 2 255 50 0
9 44 2 255 50 0
37 44 2 255 50 0
9 45 2 255 50 0
37 45 2 255 50 0
32 42 7 114 255 0
32 43 7 56 76 30
30 41 8 114 255 0
19 40 12 88 88 88
20 40 13 88 88 88
21 40 14 88 88 88
22 40 14 88 88 88
23 40 14 88 88 88
24 40 14 88 88 88
25 40 14 88 88 88
26 40 13 88 88 88
27 40 12 88 88 88
21 43 14 88 88 88
22 43 14 88 88 88
23 43 14 88 88 88
24 43 14 88 88 88
25 43 14 88 88 88
26 43 13 88 88 88
27 43 12 88 88 88
20 43 13 88 88 88
19 43 12 88 88 88
23 44 14 88 88 88
23 45 13 88 88 88
23 46 12 88 88 88
20 37 12 88 88 88
21 37 13 88 88 88
22 36 13 88 88 88
23 36 13 88 88 88
24 36 13 88 88 88
25 37 13 88 88 88
26 37 12 88 88 88
