ply
format ascii 1.0
comment : MagicaVoxel @ Ephtracy
element vertex 2728
property float x
property float z
property float y
property uchar red
property uchar green
property uchar blue
origin 31 4 20
scale 0.035 0.035 0.035
explode
end_header
30 7 7 0 106 255
31 7 7 0 106 255
29 7 7 0 106 255
32 7 7 0 106 255
27 16 2 52 74 83
34 16 2 52 74 83
12 32 2 43 68 78
49 32 2 43 68 78
13 32 2 43 68 78
48 32 2 43 68 78
14 32 2 43 68 78
47 32 2 43 68 78
15 32 2 43 68 78
46 32 2 43 68 78
16 32 2 43 68 78
45 32 2 43 68 78
17 32 2 43 68 78
44 32 2 43 68 78
12 31 2 41 59 66
49 31 2 41 59 66
13 31 2 41 59 66
48 31 2 41 59 66
14 31 2 41 59 66
47 31 2 41 59 66
15 31 2 41 59 66
46 31 2 41 59 66
12 30 2 41 59 66
49 30 2 41 59 66
13 30 2 41 59 66
48 30 2 41 59 66
14 30 2 41 59 66
47 30 2 41 59 66
15 30 2 41 59 66
46 30 2 41 59 66
12 29 2 41 59 66
49 29 2 41 59 66
13 29 2 41 59 66
48 29 2 41 59 66
14 29 2 41 59 66
47 29 2 41 59 66
15 29 2 41 59 66
46 29 2 41 59 66
9 26 2 88 88 88
52 26 2 88 88 88
12 28 2 41 59 66
49 28 2 41 59 66
13 28 2 41 59 66
48 28 2 41 59 66
14 28 2 41 59 66
47 28 2 41 59 66
15 28 2 41 59 66
46 28 2 41 59 66
9 29 2 88 88 88
52 29 2 88 88 88
12 27 2 41 59 66
49 27 2 41 59 66
13 27 2 41 59 66
48 27 2 41 59 66
14 27 2 41 59 66
47 27 2 41 59 66
15 27 2 41 59 66
46 27 2 41 59 66
7 29 2 88 88 88
54 29 2 88 88 88
12 26 2 41 59 66
49 26 2 41 59 66
13 26 2 41 59 66
48 26 2 41 59 66
14 26 2 41 59 66
47 26 2 41 59 66
15 26 2 41 59 66
46 26 2 41 59 66
8 29 2 88 88 88
53 29 2 88 88 88
12 25 2 41 59 66
49 25 2 41 59 66
13 25 2 41 59 66
48 25 2 41 59 66
14 25 2 41 59 66
47 25 2 41 59 66
15 25 2 41 59 66
46 25 2 41 59 66
7 29 1 88 88 88
54 29 1 88 88 88
12 24 2 41 59 66
49 24 2 41 59 66
13 24 2 41 59 66
48 24 2 41 59 66
14 24 2 41 59 66
47 24 2 41 59 66
15 24 2 41 59 66
46 24 2 41 59 66
7 26 2 88 88 88
54 26 2 88 88 88
12 23 2 43 68 78
49 23 2 43 68 78
13 23 2 43 68 78
48 23 2 43 68 78
14 23 2 41 59 66
47 23 2 41 59 66
15 23 2 41 59 66
46 23 2 41 59 66
29 10 7 41 59 66
32 10 7 41 59 66
14 22 2 43 68 78
47 22 2 43 68 78
15 22 2 43 68 78
46 22 2 43 68 78
6 26 0 41 59 66
55 26 0 41 59 66
7 26 0 41 59 66
54 26 0 41 59 66
4 25 0 43 68 78
57 25 0 43 68 78
5 25 0 43 68 78
56 25 0 43 68 78
26 26 7 52 74 83
35 26 7 52 74 83
27 26 7 52 74 83
34 26 7 52 74 83
28 30 6 41 59 66
33 30 6 41 59 66
19 30 1 52 74 83
42 30 1 52 74 83
18 30 1 52 74 83
43 30 1 52 74 83
28 26 7 52 74 83
33 26 7 52 74 83
29 26 7 52 74 83
32 26 7 52 74 83
28 29 6 41 59 66
33 29 6 41 59 66
26 32 6 88 88 88
35 32 6 88 88 88
30 26 7 52 74 83
31 26 7 52 74 83
28 28 6 41 59 66
33 28 6 41 59 66
27 32 6 41 59 66
34 32 6 41 59 66
28 32 6 88 88 88
33 32 6 88 88 88
24 32 5 41 59 66
37 32 5 41 59 66
25 32 5 41 59 66
36 32 5 41 59 66
26 27 6 41 59 66
35 27 6 41 59 66
27 27 6 41 59 66
34 27 6 41 59 66
28 27 6 41 59 66
33 27 6 41 59 66
29 27 6 41 59 66
32 27 6 41 59 66
30 27 6 41 59 66
31 27 6 41 59 66
26 26 6 41 59 66
35 26 6 41 59 66
27 26 6 41 59 66
34 26 6 41 59 66
28 26 6 41 59 66
33 26 6 41 59 66
29 26 6 41 59 66
32 26 6 41 59 66
30 26 6 41 59 66
31 26 6 41 59 66
26 25 6 41 59 66
35 25 6 41 59 66
27 25 6 41 59 66
34 25 6 41 59 66
28 25 6 41 59 66
33 25 6 41 59 66
29 25 6 41 59 66
32 25 6 41 59 66
30 25 6 41 59 66
31 25 6 41 59 66
26 24 6 41 59 66
35 24 6 41 59 66
27 24 6 41 59 66
34 24 6 41 59 66
28 24 6 41 59 66
33 24 6 41 59 66
29 24 6 41 59 66
32 24 6 41 59 66
30 24 6 41 59 66
31 24 6 41 59 66
26 23 6 41 59 66
35 23 6 41 59 66
27 23 6 41 59 66
34 23 6 41 59 66
28 23 6 41 59 66
33 23 6 41 59 66
29 23 6 41 59 66
32 23 6 41 59 66
30 23 6 41 59 66
31 23 6 41 59 66
26 22 6 41 59 66
35 22 6 41 59 66
27 22 6 41 59 66
34 22 6 41 59 66
28 22 6 41 59 66
33 22 6 41 59 66
29 22 6 41 59 66
32 22 6 41 59 66
30 22 6 41 59 66
31 22 6 41 59 66
26 21 6 41 59 66
35 21 6 41 59 66
27 21 6 41 59 66
34 21 6 41 59 66
28 21 6 41 59 66
33 21 6 41 59 66
29 21 6 41 59 66
32 21 6 41 59 66
30 21 6 41 59 66
31 21 6 41 59 66
26 20 6 41 59 66
35 20 6 41 59 66
27 20 6 41 59 66
34 20 6 41 59 66
28 20 6 41 59 66
33 20 6 41 59 66
29 20 6 41 59 66
32 20 6 41 59 66
30 20 6 41 59 66
31 20 6 41 59 66
26 19 6 41 59 66
35 19 6 41 59 66
27 19 6 41 59 66
34 19 6 41 59 66
28 19 6 41 59 66
33 19 6 41 59 66
29 19 6 41 59 66
32 19 6 41 59 66
30 19 6 41 59 66
31 19 6 41 59 66
26 18 6 41 59 66
35 18 6 41 59 66
27 18 6 41 59 66
34 18 6 41 59 66
28 18 6 41 59 66
33 18 6 41 59 66
29 18 6 41 59 66
32 18 6 41 59 66
30 18 6 41 59 66
31 18 6 41 59 66
4 27 0 41 59 66
57 27 0 41 59 66
29 16 7 52 74 83
32 16 7 52 74 83
5 27 0 41 59 66
56 27 0 41 59 66
28 16 7 52 74 83
33 16 7 52 74 83
26 16 7 52 74 83
35 16 7 52 74 83
0 30 0 41 59 66
61 30 0 41 59 66
6 27 0 41 59 66
55 27 0 41 59 66
29 19 7 52 74 83
32 19 7 52 74 83
2 30 0 43 68 78
59 30 0 43 68 78
3 30 0 43 68 78
58 30 0 43 68 78
27 19 7 52 74 83
34 19 7 52 74 83
28 19 7 52 74 83
33 19 7 52 74 83
30 12 6 52 74 83
31 12 6 52 74 83
7 27 0 41 59 66
54 27 0 41 59 66
4 30 0 43 68 78
57 30 0 43 68 78
5 30 0 43 68 78
56 30 0 43 68 78
6 30 0 43 68 78
55 30 0 43 68 78
11 25 1 43 68 78
50 25 1 43 68 78
10 25 1 43 68 78
51 25 1 43 68 78
9 25 1 43 68 78
52 25 1 43 68 78
8 25 1 43 68 78
53 25 1 43 68 78
28 11 6 57 83 95
33 11 6 57 83 95
29 11 6 52 74 83
32 11 6 52 74 83
30 11 6 52 74 83
31 11 6 52 74 83
7 30 0 43 68 78
54 30 0 43 68 78
0 29 0 41 59 66
61 29 0 41 59 66
11 26 1 41 59 66
50 26 1 41 59 66
10 26 1 41 59 66
51 26 1 41 59 66
9 26 1 41 59 66
52 26 1 41 59 66
8 26 1 41 59 66
53 26 1 41 59 66
26 17 6 41 59 66
35 17 6 41 59 66
27 17 6 41 59 66
34 17 6 41 59 66
28 17 6 41 59 66
33 17 6 41 59 66
29 17 6 41 59 66
32 17 6 41 59 66
30 17 6 41 59 66
31 17 6 41 59 66
29 9 7 0 106 255
32 9 7 0 106 255
2 29 0 41 59 66
59 29 0 41 59 66
3 29 0 41 59 66
58 29 0 41 59 66
4 29 0 41 59 66
57 29 0 41 59 66
11 27 1 41 59 66
50 27 1 41 59 66
10 27 1 41 59 66
51 27 1 41 59 66
9 27 1 41 59 66
52 27 1 41 59 66
8 27 1 41 59 66
53 27 1 41 59 66
26 16 6 52 74 83
35 16 6 52 74 83
27 16 6 52 74 83
34 16 6 52 74 83
28 16 6 52 74 83
33 16 6 52 74 83
29 16 6 52 74 83
32 16 6 52 74 83
30 16 6 52 74 83
31 16 6 52 74 83
2 26 0 43 68 78
59 26 0 43 68 78
5 29 0 41 59 66
56 29 0 41 59 66
6 29 0 41 59 66
55 29 0 41 59 66
7 29 0 41 59 66
54 29 0 41 59 66
11 28 1 41 59 66
50 28 1 41 59 66
10 28 1 41 59 66
51 28 1 41 59 66
9 28 1 41 59 66
52 28 1 41 59 66
8 28 1 41 59 66
53 28 1 41 59 66
26 15 6 52 74 83
35 15 6 52 74 83
27 15 6 52 74 83
34 15 6 52 74 83
28 15 6 52 74 83
33 15 6 52 74 83
29 15 6 52 74 83
32 15 6 52 74 83
3 26 0 43 68 78
58 26 0 43 68 78
0 28 0 43 68 78
61 28 0 43 68 78
1 28 0 88 88 88
60 28 0 88 88 88
2 28 0 41 59 66
59 28 0 41 59 66
11 29 1 41 59 66
50 29 1 41 59 66
10 29 1 41 59 66
51 29 1 41 59 66
9 29 1 41 59 66
52 29 1 41 59 66
8 29 1 41 59 66
53 29 1 41 59 66
30 15 6 52 74 83
31 15 6 52 74 83
26 14 6 52 74 83
35 14 6 52 74 83
27 14 6 52 74 83
34 14 6 52 74 83
4 26 0 41 59 66
57 26 0 41 59 66
3 28 0 41 59 66
58 28 0 41 59 66
4 28 0 41 59 66
57 28 0 41 59 66
5 28 0 41 59 66
56 28 0 41 59 66
11 30 1 41 59 66
50 30 1 41 59 66
10 30 1 41 59 66
51 30 1 41 59 66
9 30 1 41 59 66
52 30 1 41 59 66
8 30 1 41 59 66
53 30 1 41 59 66
28 14 6 52 74 83
33 14 6 52 74 83
29 14 6 52 74 83
32 14 6 52 74 83
30 14 6 52 74 83
31 14 6 52 74 83
5 26 0 41 59 66
56 26 0 41 59 66
6 25 0 41 59 66
55 25 0 41 59 66
6 28 0 41 59 66
55 28 0 41 59 66
7 28 0 41 59 66
54 28 0 41 59 66
0 27 0 43 68 78
61 27 0 43 68 78
11 31 1 43 68 78
50 31 1 43 68 78
10 31 1 43 68 78
51 31 1 43 68 78
9 31 1 43 68 78
52 31 1 43 68 78
8 31 1 43 68 78
53 31 1 43 68 78
28 13 6 57 83 95
33 13 6 57 83 95
29 13 6 52 74 83
32 13 6 52 74 83
30 13 6 52 74 83
31 13 6 52 74 83
28 12 6 57 83 95
33 12 6 57 83 95
29 12 6 52 74 83
32 12 6 52 74 83
2 27 0 41 59 66
59 27 0 41 59 66
3 27 0 41 59 66
58 27 0 41 59 66
30 15 7 52 74 83
31 15 7 52 74 83
29 15 7 52 74 83
32 15 7 52 74 83
27 16 7 52 74 83
34 16 7 52 74 83
30 16 7 52 74 83
31 16 7 52 74 83
29 8 7 0 106 255
32 8 7 0 106 255
29 4 5 43 68 78
32 4 5 43 68 78
29 3 5 43 68 78
32 3 5 43 68 78
29 4 4 41 59 66
32 4 4 41 59 66
29 3 4 41 59 66
32 3 4 41 59 66
29 4 3 41 59 66
32 4 3 41 59 66
29 3 3 41 59 66
32 3 3 41 59 66
29 5 5 43 68 78
32 5 5 43 68 78
29 5 4 41 59 66
32 5 4 41 59 66
29 5 3 41 59 66
32 5 3 41 59 66
29 5 6 43 68 78
32 5 6 43 68 78
29 10 8 43 68 78
32 10 8 43 68 78
30 10 8 41 59 66
31 10 8 41 59 66
30 11 8 41 59 66
31 11 8 41 59 66
29 11 8 43 68 78
32 11 8 43 68 78
29 12 8 43 68 78
32 12 8 43 68 78
30 12 8 41 59 66
31 12 8 41 59 66
29 13 8 43 68 78
32 13 8 43 68 78
30 13 8 41 59 66
31 13 8 41 59 66
30 10 2 52 74 83
31 10 2 52 74 83
29 10 2 52 74 83
32 10 2 52 74 83
28 10 2 52 74 83
33 10 2 52 74 83
27 10 2 52 74 83
34 10 2 52 74 83
30 11 2 52 74 83
31 11 2 52 74 83
29 11 2 52 74 83
32 11 2 52 74 83
28 11 2 52 74 83
33 11 2 52 74 83
27 11 2 52 74 83
34 11 2 52 74 83
26 11 2 57 83 95
35 11 2 57 83 95
30 12 2 52 74 83
31 12 2 52 74 83
29 12 2 52 74 83
32 12 2 52 74 83
28 12 2 52 74 83
33 12 2 52 74 83
27 12 2 52 74 83
34 12 2 52 74 83
26 12 2 52 74 83
35 12 2 52 74 83
25 12 2 57 83 95
36 12 2 57 83 95
30 13 2 52 74 83
31 13 2 52 74 83
29 13 2 52 74 83
32 13 2 52 74 83
28 13 2 52 74 83
33 13 2 52 74 83
26 13 2 52 74 83
35 13 2 52 74 83
25 13 2 52 74 83
36 13 2 52 74 83
24 13 2 57 83 95
37 13 2 57 83 95
30 14 2 52 74 83
31 14 2 52 74 83
29 14 2 52 74 83
32 14 2 52 74 83
28 14 2 52 74 83
33 14 2 52 74 83
27 14 2 52 74 83
34 14 2 52 74 83
27 29 7 52 74 83
34 29 7 52 74 83
25 14 2 52 74 83
36 14 2 52 74 83
24 14 2 52 74 83
37 14 2 52 74 83
23 14 2 57 83 95
38 14 2 57 83 95
22 20 1 52 74 83
39 20 1 52 74 83
29 15 2 52 74 83
32 15 2 52 74 83
28 15 2 52 74 83
33 15 2 52 74 83
27 15 2 52 74 83
34 15 2 52 74 83
26 15 2 52 74 83
35 15 2 52 74 83
24 15 2 52 74 83
37 15 2 52 74 83
23 15 2 52 74 83
38 15 2 52 74 83
22 15 2 57 83 95
39 15 2 57 83 95
22 19 1 52 74 83
39 19 1 52 74 83
29 16 2 52 74 83
32 16 2 52 74 83
28 22 2 52 74 83
33 22 2 52 74 83
27 20 2 52 74 83
34 20 2 52 74 83
26 20 2 52 74 83
35 20 2 52 74 83
25 20 2 52 74 83
36 20 2 52 74 83
27 30 7 52 74 83
34 30 7 52 74 83
23 16 2 52 74 83
38 16 2 52 74 83
22 16 2 52 74 83
39 16 2 52 74 83
21 16 2 57 83 95
40 16 2 57 83 95
30 12 7 52 74 83
31 12 7 52 74 83
22 18 1 52 74 83
39 18 1 52 74 83
29 17 2 52 74 83
32 17 2 52 74 83
27 19 2 52 74 83
34 19 2 52 74 83
26 19 2 52 74 83
35 19 2 52 74 83
25 19 2 52 74 83
36 19 2 52 74 83
27 18 2 52 74 83
34 18 2 52 74 83
26 18 2 52 74 83
35 18 2 52 74 83
22 17 2 52 74 83
39 17 2 52 74 83
21 17 2 52 74 83
40 17 2 52 74 83
20 17 2 57 83 95
41 17 2 57 83 95
22 17 1 52 74 83
39 17 1 52 74 83
29 18 2 52 74 83
32 18 2 52 74 83
25 18 2 52 74 83
36 18 2 52 74 83
27 17 2 52 74 83
34 17 2 52 74 83
29 29 2 88 88 88
32 29 2 88 88 88
23 18 2 52 74 83
38 18 2 52 74 83
26 30 7 52 74 83
35 30 7 52 74 83
21 18 2 52 74 83
40 18 2 52 74 83
20 18 2 52 74 83
41 18 2 52 74 83
19 18 2 57 83 95
42 18 2 57 83 95
30 11 7 52 74 83
31 11 7 52 74 83
22 16 1 52 74 83
39 16 1 52 74 83
29 19 2 52 74 83
32 19 2 52 74 83
27 29 1 88 88 88
34 29 1 88 88 88
28 29 1 88 88 88
33 29 1 88 88 88
29 29 1 88 88 88
32 29 1 88 88 88
23 19 2 52 74 83
38 19 2 52 74 83
22 19 2 52 74 83
39 19 2 52 74 83
21 19 2 52 74 83
40 19 2 52 74 83
20 19 2 52 74 83
41 19 2 52 74 83
19 19 2 52 74 83
42 19 2 52 74 83
18 19 2 57 83 95
43 19 2 57 83 95
22 30 5 57 83 95
39 30 5 57 83 95
29 20 2 52 74 83
32 20 2 52 74 83
29 25 2 88 88 88
32 25 2 88 88 88
27 25 1 88 88 88
34 25 1 88 88 88
23 20 2 52 74 83
38 20 2 52 74 83
22 20 2 52 74 83
39 20 2 52 74 83
21 20 2 52 74 83
40 20 2 52 74 83
20 20 2 52 74 83
41 20 2 52 74 83
19 20 2 52 74 83
42 20 2 52 74 83
18 20 2 52 74 83
43 20 2 52 74 83
17 20 2 57 83 95
44 20 2 57 83 95
30 13 7 52 74 83
31 13 7 52 74 83
29 21 2 52 74 83
32 21 2 52 74 83
26 17 2 52 74 83
35 17 2 52 74 83
28 25 1 88 88 88
33 25 1 88 88 88
29 25 1 88 88 88
32 25 1 88 88 88
23 21 2 52 74 83
38 21 2 52 74 83
22 21 2 52 74 83
39 21 2 52 74 83
21 21 2 52 74 83
40 21 2 52 74 83
20 21 2 52 74 83
41 21 2 52 74 83
19 21 2 52 74 83
42 21 2 52 74 83
18 21 2 52 74 83
43 21 2 52 74 83
17 21 2 52 74 83
44 21 2 52 74 83
16 21 2 57 83 95
45 21 2 57 83 95
29 22 2 52 74 83
32 22 2 52 74 83
25 17 2 52 74 83
36 17 2 52 74 83
27 22 2 52 74 83
34 22 2 52 74 83
26 22 2 52 74 83
35 22 2 52 74 83
25 22 2 52 74 83
36 22 2 52 74 83
24 22 2 52 74 83
37 22 2 52 74 83
23 22 2 52 74 83
38 22 2 52 74 83
22 22 2 52 74 83
39 22 2 52 74 83
21 22 2 52 74 83
40 22 2 52 74 83
20 22 2 52 74 83
41 22 2 52 74 83
19 22 2 52 74 83
42 22 2 52 74 83
18 22 2 52 74 83
43 22 2 52 74 83
17 22 2 52 74 83
44 22 2 52 74 83
16 22 2 52 74 83
45 22 2 52 74 83
23 32 4 41 59 66
38 32 4 41 59 66
23 32 3 41 59 66
38 32 3 41 59 66
28 23 2 52 74 83
33 23 2 52 74 83
27 23 2 52 74 83
34 23 2 52 74 83
26 23 2 52 74 83
35 23 2 52 74 83
25 23 2 52 74 83
36 23 2 52 74 83
28 21 2 52 74 83
33 21 2 52 74 83
23 23 2 52 74 83
38 23 2 52 74 83
22 23 2 52 74 83
39 23 2 52 74 83
21 23 2 52 74 83
40 23 2 52 74 83
20 23 2 52 74 83
41 23 2 52 74 83
19 23 2 52 74 83
42 23 2 52 74 83
18 23 2 52 74 83
43 23 2 52 74 83
17 23 2 52 74 83
44 23 2 52 74 83
16 23 2 52 74 83
45 23 2 52 74 83
28 24 2 52 74 83
33 24 2 52 74 83
27 24 2 52 74 83
34 24 2 52 74 83
26 24 2 52 74 83
35 24 2 52 74 83
28 16 2 52 74 83
33 16 2 52 74 83
23 18 3 52 74 83
38 18 3 52 74 83
23 24 2 52 74 83
38 24 2 52 74 83
22 24 2 52 74 83
39 24 2 52 74 83
21 24 2 52 74 83
40 24 2 52 74 83
20 24 2 52 74 83
41 24 2 52 74 83
19 24 2 52 74 83
42 24 2 52 74 83
18 24 2 52 74 83
43 24 2 52 74 83
17 24 2 52 74 83
44 24 2 52 74 83
16 24 2 52 74 83
45 24 2 52 74 83
30 32 5 88 88 88
31 32 5 88 88 88
29 32 5 88 88 88
32 32 5 88 88 88
28 25 2 88 88 88
33 25 2 88 88 88
27 25 2 88 88 88
34 25 2 88 88 88
26 25 2 52 74 83
35 25 2 52 74 83
27 14 3 52 74 83
34 14 3 52 74 83
24 18 3 41 59 66
37 18 3 41 59 66
23 25 2 52 74 83
38 25 2 52 74 83
22 25 2 52 74 83
39 25 2 52 74 83
21 25 2 52 74 83
40 25 2 52 74 83
20 25 2 52 74 83
41 25 2 52 74 83
19 25 2 52 74 83
42 25 2 52 74 83
18 25 2 52 74 83
43 25 2 52 74 83
17 25 2 52 74 83
44 25 2 52 74 83
16 25 2 41 59 66
45 25 2 41 59 66
28 32 5 52 74 83
33 32 5 52 74 83
27 32 5 41 59 66
34 32 5 41 59 66
26 32 5 52 74 83
35 32 5 52 74 83
28 26 2 52 74 83
33 26 2 52 74 83
27 26 2 52 74 83
34 26 2 52 74 83
26 26 2 52 74 83
35 26 2 52 74 83
27 15 3 52 74 83
34 15 3 52 74 83
24 17 3 41 59 66
37 17 3 41 59 66
23 26 2 52 74 83
38 26 2 52 74 83
22 26 2 52 74 83
39 26 2 52 74 83
21 26 2 52 74 83
40 26 2 52 74 83
20 26 2 52 74 83
41 26 2 52 74 83
19 26 2 52 74 83
42 26 2 52 74 83
18 26 2 52 74 83
43 26 2 52 74 83
17 26 2 52 74 83
44 26 2 52 74 83
16 26 2 41 59 66
45 26 2 41 59 66
24 32 2 41 59 66
37 32 2 41 59 66
25 32 2 41 59 66
36 32 2 41 59 66
26 32 2 41 59 66
35 32 2 41 59 66
27 32 2 41 59 66
34 32 2 41 59 66
28 27 2 52 74 83
33 27 2 52 74 83
27 27 2 52 74 83
34 27 2 52 74 83
26 27 2 52 74 83
35 27 2 52 74 83
27 18 3 52 74 83
34 18 3 52 74 83
25 18 3 41 59 66
36 18 3 41 59 66
23 27 2 52 74 83
38 27 2 52 74 83
22 27 2 52 74 83
39 27 2 52 74 83
21 27 2 52 74 83
40 27 2 52 74 83
20 27 2 52 74 83
41 27 2 52 74 83
19 27 2 52 74 83
42 27 2 52 74 83
18 27 2 52 74 83
43 27 2 52 74 83
17 27 2 52 74 83
44 27 2 52 74 83
16 27 2 41 59 66
45 27 2 41 59 66
28 32 2 41 59 66
33 32 2 41 59 66
30 32 3 41 59 66
31 32 3 41 59 66
29 32 3 41 59 66
32 32 3 41 59 66
28 28 2 52 74 83
33 28 2 52 74 83
27 28 2 52 74 83
34 28 2 52 74 83
26 28 2 52 74 83
35 28 2 52 74 83
27 16 3 52 74 83
34 16 3 52 74 83
25 16 3 52 74 83
36 16 3 52 74 83
23 28 2 52 74 83
38 28 2 52 74 83
22 28 2 52 74 83
39 28 2 52 74 83
21 28 2 7 7 7
40 28 2 7 7 7
20 28 2 7 7 7
41 28 2 7 7 7
19 28 2 52 74 83
42 28 2 52 74 83
18 28 2 52 74 83
43 28 2 52 74 83
17 28 2 52 74 83
44 28 2 52 74 83
16 28 2 52 74 83
45 28 2 52 74 83
28 29 2 88 88 88
33 29 2 88 88 88
27 29 2 88 88 88
34 29 2 88 88 88
26 29 2 52 74 83
35 29 2 52 74 83
25 29 2 52 74 83
36 29 2 52 74 83
26 15 3 52 74 83
35 15 3 52 74 83
23 29 2 52 74 83
38 29 2 52 74 83
22 29 2 52 74 83
39 29 2 52 74 83
20 25 1 52 74 83
41 25 1 52 74 83
19 29 2 52 74 83
42 29 2 52 74 83
18 29 2 52 74 83
43 29 2 52 74 83
17 29 2 52 74 83
44 29 2 52 74 83
16 29 2 52 74 83
45 29 2 52 74 83
22 23 1 52 74 83
39 23 1 52 74 83
28 30 2 52 74 83
33 30 2 52 74 83
27 30 2 52 74 83
34 30 2 52 74 83
26 30 2 52 74 83
35 30 2 52 74 83
25 30 2 52 74 83
36 30 2 52 74 83
24 30 2 52 74 83
37 30 2 52 74 83
23 30 2 52 74 83
38 30 2 52 74 83
22 30 2 52 74 83
39 30 2 52 74 83
20 26 1 52 74 83
41 26 1 52 74 83
19 30 2 52 74 83
42 30 2 52 74 83
18 30 2 52 74 83
43 30 2 52 74 83
17 30 2 52 74 83
44 30 2 52 74 83
16 30 2 52 74 83
45 30 2 52 74 83
8 26 2 88 88 88
53 26 2 88 88 88
7 25 0 41 59 66
54 25 0 41 59 66
30 9 7 0 106 255
31 9 7 0 106 255
6 24 0 43 68 78
55 24 0 43 68 78
7 24 0 43 68 78
54 24 0 43 68 78
28 10 6 57 83 95
33 10 6 57 83 95
29 10 6 52 74 83
32 10 6 52 74 83
30 10 6 52 74 83
31 10 6 52 74 83
28 9 6 57 83 95
33 9 6 57 83 95
29 9 6 52 74 83
32 9 6 52 74 83
30 9 6 52 74 83
31 9 6 52 74 83
28 8 6 57 83 95
33 8 6 57 83 95
29 8 6 52 74 83
32 8 6 52 74 83
17 31 2 52 74 83
44 31 2 52 74 83
16 31 2 52 74 83
45 31 2 52 74 83
29 14 8 41 59 66
32 14 8 41 59 66
30 14 8 41 59 66
31 14 8 41 59 66
27 10 3 41 59 66
34 10 3 41 59 66
30 3 3 52 74 83
31 3 3 52 74 83
30 4 3 52 74 83
31 4 3 52 74 83
30 5 3 52 74 83
31 5 3 52 74 83
30 6 3 52 74 83
31 6 3 52 74 83
29 6 3 52 74 83
32 6 3 52 74 83
28 6 3 52 74 83
33 6 3 52 74 83
30 7 3 52 74 83
31 7 3 52 74 83
29 7 3 52 74 83
32 7 3 52 74 83
28 7 3 52 74 83
33 7 3 52 74 83
30 8 3 52 74 83
31 8 3 52 74 83
29 8 3 52 74 83
32 8 3 52 74 83
28 8 3 52 74 83
33 8 3 52 74 83
30 9 3 52 74 83
31 9 3 52 74 83
29 9 3 52 74 83
32 9 3 52 74 83
28 9 3 52 74 83
33 9 3 52 74 83
30 10 3 52 74 83
31 10 3 52 74 83
29 10 3 52 74 83
32 10 3 52 74 83
28 10 3 41 59 66
33 10 3 41 59 66
0 32 1 255 52 33
61 32 1 255 52 33
30 0 3 52 74 83
31 0 3 52 74 83
30 11 3 52 74 83
31 11 3 52 74 83
29 11 3 52 74 83
32 11 3 52 74 83
28 11 3 41 59 66
33 11 3 41 59 66
0 31 1 41 59 66
61 31 1 41 59 66
30 12 3 52 74 83
31 12 3 52 74 83
29 12 3 52 74 83
32 12 3 52 74 83
28 12 3 41 59 66
33 12 3 41 59 66
0 30 1 43 68 78
61 30 1 43 68 78
30 2 3 52 74 83
31 2 3 52 74 83
30 13 3 52 74 83
31 13 3 52 74 83
29 13 3 52 74 83
32 13 3 52 74 83
28 13 3 52 74 83
33 13 3 52 74 83
0 29 1 43 68 78
61 29 1 43 68 78
0 28 1 43 68 78
61 28 1 43 68 78
30 14 3 52 74 83
31 14 3 52 74 83
29 14 3 52 74 83
32 14 3 52 74 83
28 14 3 52 74 83
33 14 3 52 74 83
0 31 0 41 59 66
61 31 0 41 59 66
1 29 0 88 88 88
60 29 0 88 88 88
30 19 7 52 74 83
31 19 7 52 74 83
30 15 3 41 59 66
31 15 3 41 59 66
29 15 3 52 74 83
32 15 3 52 74 83
28 15 3 52 74 83
33 15 3 52 74 83
26 18 7 57 83 95
35 18 7 57 83 95
27 18 7 57 83 95
34 18 7 57 83 95
28 18 7 57 83 95
33 18 7 57 83 95
30 16 3 41 59 66
31 16 3 41 59 66
29 16 3 52 74 83
32 16 3 52 74 83
28 16 3 52 74 83
33 16 3 52 74 83
29 18 7 57 83 95
32 18 7 57 83 95
30 18 7 57 83 95
31 18 7 57 83 95
30 24 7 52 74 83
31 24 7 52 74 83
30 17 3 41 59 66
31 17 3 41 59 66
29 17 3 52 74 83
32 17 3 52 74 83
28 17 3 41 59 66
33 17 3 41 59 66
30 23 7 52 74 83
31 23 7 52 74 83
28 22 7 57 83 95
33 22 7 57 83 95
29 22 7 57 83 95
32 22 7 57 83 95
30 22 7 57 83 95
31 22 7 57 83 95
30 18 3 41 59 66
31 18 3 41 59 66
29 18 3 52 74 83
32 18 3 52 74 83
28 18 3 41 59 66
33 18 3 41 59 66
27 24 7 57 83 95
34 24 7 57 83 95
27 23 7 57 83 95
34 23 7 57 83 95
30 29 6 88 88 88
31 29 6 88 88 88
26 29 7 52 74 83
35 29 7 52 74 83
20 18 3 57 83 95
41 18 3 57 83 95
30 19 3 41 59 66
31 19 3 41 59 66
29 19 3 52 74 83
32 19 3 52 74 83
28 19 3 41 59 66
33 19 3 41 59 66
27 19 3 52 74 83
34 19 3 52 74 83
26 19 3 52 74 83
35 19 3 52 74 83
25 19 3 41 59 66
36 19 3 41 59 66
24 19 3 41 59 66
37 19 3 41 59 66
23 19 3 52 74 83
38 19 3 52 74 83
22 19 3 52 74 83
39 19 3 52 74 83
21 19 3 255 52 33
40 19 3 255 52 33
20 19 3 52 74 83
41 19 3 52 74 83
19 19 3 52 74 83
42 19 3 52 74 83
28 20 7 255 52 33
33 20 7 255 52 33
30 20 3 41 59 66
31 20 3 41 59 66
29 20 3 52 74 83
32 20 3 52 74 83
28 20 3 41 59 66
33 20 3 41 59 66
27 20 3 52 74 83
34 20 3 52 74 83
26 20 3 52 74 83
35 20 3 52 74 83
25 20 3 41 59 66
36 20 3 41 59 66
24 20 3 41 59 66
37 20 3 41 59 66
23 20 3 52 74 83
38 20 3 52 74 83
22 20 3 52 74 83
39 20 3 52 74 83
21 20 3 52 74 83
40 20 3 52 74 83
20 20 3 52 74 83
41 20 3 52 74 83
19 20 3 52 74 83
42 20 3 52 74 83
18 20 3 52 74 83
43 20 3 52 74 83
30 10 7 52 74 83
31 10 7 52 74 83
30 21 3 41 59 66
31 21 3 41 59 66
29 21 3 52 74 83
32 21 3 52 74 83
28 21 3 52 74 83
33 21 3 52 74 83
27 21 3 41 59 66
34 21 3 41 59 66
26 21 3 41 59 66
35 21 3 41 59 66
25 21 3 41 59 66
36 21 3 41 59 66
24 21 3 41 59 66
37 21 3 41 59 66
23 21 3 52 74 83
38 21 3 52 74 83
22 21 3 52 74 83
39 21 3 52 74 83
21 21 3 52 74 83
40 21 3 52 74 83
20 21 3 52 74 83
41 21 3 52 74 83
19 21 3 52 74 83
42 21 3 52 74 83
18 21 3 52 74 83
43 21 3 52 74 83
17 21 3 52 74 83
44 21 3 52 74 83
29 20 7 52 74 83
32 20 7 52 74 83
30 22 3 41 59 66
31 22 3 41 59 66
29 22 3 52 74 83
32 22 3 52 74 83
28 22 3 52 74 83
33 22 3 52 74 83
27 22 3 52 74 83
34 22 3 52 74 83
26 22 3 52 74 83
35 22 3 52 74 83
25 22 3 52 74 83
36 22 3 52 74 83
24 22 3 52 74 83
37 22 3 52 74 83
23 22 3 52 74 83
38 22 3 52 74 83
22 22 3 52 74 83
39 22 3 52 74 83
21 22 3 52 74 83
40 22 3 52 74 83
20 22 3 52 74 83
41 22 3 52 74 83
19 22 3 52 74 83
42 22 3 52 74 83
18 22 3 52 74 83
43 22 3 52 74 83
17 22 3 52 74 83
44 22 3 52 74 83
16 22 3 52 74 83
45 22 3 52 74 83
30 23 3 41 59 66
31 23 3 41 59 66
29 23 3 41 59 66
32 23 3 41 59 66
28 23 3 52 74 83
33 23 3 52 74 83
27 23 3 52 74 83
34 23 3 52 74 83
26 23 3 52 74 83
35 23 3 52 74 83
25 23 3 52 74 83
36 23 3 52 74 83
27 17 3 52 74 83
34 17 3 52 74 83
23 23 3 52 74 83
38 23 3 52 74 83
22 23 3 52 74 83
39 23 3 52 74 83
21 23 3 52 74 83
40 23 3 52 74 83
20 23 3 52 74 83
41 23 3 52 74 83
19 23 3 52 74 83
42 23 3 52 74 83
18 23 3 52 74 83
43 23 3 52 74 83
17 23 3 52 74 83
44 23 3 52 74 83
16 23 3 52 74 83
45 23 3 52 74 83
30 24 3 41 59 66
31 24 3 41 59 66
29 24 3 41 59 66
32 24 3 41 59 66
28 24 3 52 74 83
33 24 3 52 74 83
27 24 3 52 74 83
34 24 3 52 74 83
26 24 3 52 74 83
35 24 3 52 74 83
25 17 3 41 59 66
36 17 3 41 59 66
26 18 3 52 74 83
35 18 3 52 74 83
23 24 3 52 74 83
38 24 3 52 74 83
22 24 3 52 74 83
39 24 3 52 74 83
21 24 3 52 74 83
40 24 3 52 74 83
20 24 3 52 74 83
41 24 3 52 74 83
19 24 3 52 74 83
42 24 3 52 74 83
18 24 3 52 74 83
43 24 3 52 74 83
17 24 3 57 83 95
44 24 3 57 83 95
16 24 3 57 83 95
45 24 3 57 83 95
30 25 3 41 59 66
31 25 3 41 59 66
29 25 3 41 59 66
32 25 3 41 59 66
28 25 3 52 74 83
33 25 3 52 74 83
27 25 3 52 74 83
34 25 3 52 74 83
26 25 3 52 74 83
35 25 3 52 74 83
26 16 3 52 74 83
35 16 3 52 74 83
26 17 3 52 74 83
35 17 3 52 74 83
23 25 3 52 74 83
38 25 3 52 74 83
22 25 3 52 74 83
39 25 3 52 74 83
21 25 3 52 74 83
40 25 3 52 74 83
20 25 3 52 74 83
41 25 3 52 74 83
19 25 3 52 74 83
42 25 3 52 74 83
18 25 3 52 74 83
43 25 3 52 74 83
17 25 3 57 83 95
44 25 3 57 83 95
30 8 7 0 106 255
31 8 7 0 106 255
30 26 3 41 59 66
31 26 3 41 59 66
29 26 3 41 59 66
32 26 3 41 59 66
28 26 3 52 74 83
33 26 3 52 74 83
27 26 3 52 74 83
34 26 3 52 74 83
26 26 3 52 74 83
35 26 3 52 74 83
29 8 2 52 74 83
32 8 2 52 74 83
23 26 3 52 74 83
38 26 3 52 74 83
22 26 3 52 74 83
39 26 3 52 74 83
21 26 3 52 74 83
40 26 3 52 74 83
20 26 3 52 74 83
41 26 3 52 74 83
19 26 3 52 74 83
42 26 3 52 74 83
18 26 3 52 74 83
43 26 3 52 74 83
17 26 3 57 83 95
44 26 3 57 83 95
30 27 3 41 59 66
31 27 3 41 59 66
29 27 3 41 59 66
32 27 3 41 59 66
28 27 3 52 74 83
33 27 3 52 74 83
27 27 3 52 74 83
34 27 3 52 74 83
26 27 3 52 74 83
35 27 3 52 74 83
29 7 2 255 52 33
32 7 2 255 52 33
23 27 3 52 74 83
38 27 3 52 74 83
22 27 3 52 74 83
39 27 3 52 74 83
21 27 3 52 74 83
40 27 3 52 74 83
20 27 3 52 74 83
41 27 3 52 74 83
19 27 3 52 74 83
42 27 3 52 74 83
18 27 3 52 74 83
43 27 3 52 74 83
17 27 3 57 83 95
44 27 3 57 83 95
30 8 6 196 205 255
31 8 6 196 205 255
30 28 3 41 59 66
31 28 3 41 59 66
29 28 3 41 59 66
32 28 3 41 59 66
28 28 3 52 74 83
33 28 3 52 74 83
27 28 3 52 74 83
34 28 3 52 74 83
26 28 3 52 74 83
35 28 3 52 74 83
27 9 4 41 59 66
34 9 4 41 59 66
23 28 3 52 74 83
38 28 3 52 74 83
22 28 3 52 74 83
39 28 3 52 74 83
21 28 3 7 7 7
40 28 3 7 7 7
20 28 3 7 7 7
41 28 3 7 7 7
19 28 3 52 74 83
42 28 3 52 74 83
18 28 3 52 74 83
43 28 3 52 74 83
17 28 3 52 74 83
44 28 3 52 74 83
16 28 3 52 74 83
45 28 3 52 74 83
30 29 3 41 59 66
31 29 3 41 59 66
29 29 3 41 59 66
32 29 3 41 59 66
28 29 3 52 74 83
33 29 3 52 74 83
27 29 3 52 74 83
34 29 3 52 74 83
26 29 3 52 74 83
35 29 3 52 74 83
25 29 3 52 74 83
36 29 3 52 74 83
23 29 3 52 74 83
38 29 3 52 74 83
22 29 3 52 74 83
39 29 3 52 74 83
21 24 1 52 74 83
40 24 1 52 74 83
19 29 3 52 74 83
42 29 3 52 74 83
18 29 3 52 74 83
43 29 3 52 74 83
17 29 3 52 74 83
44 29 3 52 74 83
16 29 3 52 74 83
45 29 3 52 74 83
30 30 3 41 59 66
31 30 3 41 59 66
29 30 3 41 59 66
32 30 3 41 59 66
28 30 3 52 74 83
33 30 3 52 74 83
27 30 3 52 74 83
34 30 3 52 74 83
26 30 3 52 74 83
35 30 3 52 74 83
25 30 3 52 74 83
36 30 3 52 74 83
24 30 3 52 74 83
37 30 3 52 74 83
23 30 3 52 74 83
38 30 3 52 74 83
22 30 3 52 74 83
39 30 3 52 74 83
21 27 1 52 74 83
40 27 1 52 74 83
19 30 3 57 83 95
42 30 3 57 83 95
18 30 3 52 74 83
43 30 3 52 74 83
17 30 3 52 74 83
44 30 3 52 74 83
16 30 3 52 74 83
45 30 3 52 74 83
26 16 2 52 74 83
35 16 2 52 74 83
28 7 6 57 83 95
33 7 6 57 83 95
29 7 6 52 74 83
32 7 6 52 74 83
30 7 6 52 74 83
31 7 6 52 74 83
28 6 6 57 83 95
33 6 6 57 83 95
29 6 6 52 74 83
32 6 6 52 74 83
30 6 6 52 74 83
31 6 6 52 74 83
30 5 6 52 74 83
31 5 6 52 74 83
30 4 6 57 83 95
31 4 6 57 83 95
30 3 6 57 83 95
31 3 6 57 83 95
30 2 6 57 83 95
31 2 6 57 83 95
19 29 1 52 74 83
42 29 1 52 74 83
19 21 1 52 74 83
42 21 1 52 74 83
23 30 5 52 74 83
38 30 5 52 74 83
30 0 4 52 74 83
31 0 4 52 74 83
30 1 4 52 74 83
31 1 4 52 74 83
30 2 4 52 74 83
31 2 4 52 74 83
30 3 4 52 74 83
31 3 4 52 74 83
30 4 4 52 74 83
31 4 4 52 74 83
30 5 4 52 74 83
31 5 4 52 74 83
30 6 4 52 74 83
31 6 4 52 74 83
29 6 4 52 74 83
32 6 4 52 74 83
28 6 4 52 74 83
33 6 4 52 74 83
30 7 4 52 74 83
31 7 4 52 74 83
29 7 4 52 74 83
32 7 4 52 74 83
28 7 4 52 74 83
33 7 4 52 74 83
30 8 4 52 74 83
31 8 4 52 74 83
29 8 4 52 74 83
32 8 4 52 74 83
28 8 4 52 74 83
33 8 4 52 74 83
30 9 4 52 74 83
31 9 4 52 74 83
29 9 4 52 74 83
32 9 4 52 74 83
28 9 4 52 74 83
33 9 4 52 74 83
30 10 4 52 74 83
31 10 4 52 74 83
29 10 4 52 74 83
32 10 4 52 74 83
28 10 4 52 74 83
33 10 4 52 74 83
27 10 4 41 59 66
34 10 4 41 59 66
30 11 4 52 74 83
31 11 4 52 74 83
29 11 4 52 74 83
32 11 4 52 74 83
28 11 4 52 74 83
33 11 4 52 74 83
27 11 4 52 74 83
34 11 4 52 74 83
26 11 4 57 83 95
35 11 4 57 83 95
30 12 4 52 74 83
31 12 4 52 74 83
29 12 4 52 74 83
32 12 4 52 74 83
28 12 4 52 74 83
33 12 4 52 74 83
27 12 4 52 74 83
34 12 4 52 74 83
26 12 4 52 74 83
35 12 4 52 74 83
25 12 4 57 83 95
36 12 4 57 83 95
30 13 4 52 74 83
31 13 4 52 74 83
29 13 4 52 74 83
32 13 4 52 74 83
28 13 4 52 74 83
33 13 4 52 74 83
27 13 4 52 74 83
34 13 4 52 74 83
26 13 4 52 74 83
35 13 4 52 74 83
25 13 4 52 74 83
36 13 4 52 74 83
24 13 4 57 83 95
37 13 4 57 83 95
30 14 4 52 74 83
31 14 4 52 74 83
29 14 4 52 74 83
32 14 4 52 74 83
28 14 4 52 74 83
33 14 4 52 74 83
27 14 4 52 74 83
34 14 4 52 74 83
26 14 4 52 74 83
35 14 4 52 74 83
25 14 4 52 74 83
36 14 4 52 74 83
24 14 4 52 74 83
37 14 4 52 74 83
23 14 4 57 83 95
38 14 4 57 83 95
29 13 7 41 59 66
32 13 7 41 59 66
30 15 4 52 74 83
31 15 4 52 74 83
29 15 4 52 74 83
32 15 4 52 74 83
28 15 4 52 74 83
33 15 4 52 74 83
27 15 4 52 74 83
34 15 4 52 74 83
26 15 4 52 74 83
35 15 4 52 74 83
25 15 4 52 74 83
36 15 4 52 74 83
24 15 4 52 74 83
37 15 4 52 74 83
23 15 4 57 83 95
38 15 4 57 83 95
22 15 4 52 74 83
39 15 4 52 74 83
30 16 4 52 74 83
31 16 4 52 74 83
29 16 4 52 74 83
32 16 4 52 74 83
28 16 4 52 74 83
33 16 4 52 74 83
27 16 4 52 74 83
34 16 4 52 74 83
26 16 4 52 74 83
35 16 4 52 74 83
25 16 4 52 74 83
36 16 4 52 74 83
24 16 4 52 74 83
37 16 4 52 74 83
23 16 4 52 74 83
38 16 4 52 74 83
22 16 4 57 83 95
39 16 4 57 83 95
29 12 7 41 59 66
32 12 7 41 59 66
30 17 4 52 74 83
31 17 4 52 74 83
29 17 4 52 74 83
32 17 4 52 74 83
28 17 4 52 74 83
33 17 4 52 74 83
27 17 4 52 74 83
34 17 4 52 74 83
26 17 4 52 74 83
35 17 4 52 74 83
25 17 4 52 74 83
36 17 4 52 74 83
24 17 4 52 74 83
37 17 4 52 74 83
23 17 4 52 74 83
38 17 4 52 74 83
22 17 4 52 74 83
39 17 4 52 74 83
21 17 4 57 83 95
40 17 4 57 83 95
27 20 7 52 74 83
34 20 7 52 74 83
30 18 4 52 74 83
31 18 4 52 74 83
29 18 4 52 74 83
32 18 4 52 74 83
28 18 4 52 74 83
33 18 4 52 74 83
27 18 4 52 74 83
34 18 4 52 74 83
26 18 4 52 74 83
35 18 4 52 74 83
25 18 4 52 74 83
36 18 4 52 74 83
24 18 4 52 74 83
37 18 4 52 74 83
23 18 4 52 74 83
38 18 4 52 74 83
22 18 4 52 74 83
39 18 4 52 74 83
21 18 4 52 74 83
40 18 4 52 74 83
20 18 4 57 83 95
41 18 4 57 83 95
30 19 4 52 74 83
31 19 4 52 74 83
29 19 4 52 74 83
32 19 4 52 74 83
28 19 4 52 74 83
33 19 4 52 74 83
27 19 4 52 74 83
34 19 4 52 74 83
26 19 4 52 74 83
35 19 4 52 74 83
25 19 4 52 74 83
36 19 4 52 74 83
24 19 4 52 74 83
37 19 4 52 74 83
23 19 4 52 74 83
38 19 4 52 74 83
22 19 4 52 74 83
39 19 4 52 74 83
21 19 4 52 74 83
40 19 4 52 74 83
20 19 4 52 74 83
41 19 4 52 74 83
30 20 4 52 74 83
31 20 4 52 74 83
29 20 4 52 74 83
32 20 4 52 74 83
28 20 4 52 74 83
33 20 4 52 74 83
27 20 4 52 74 83
34 20 4 52 74 83
26 20 4 52 74 83
35 20 4 52 74 83
25 20 4 52 74 83
36 20 4 52 74 83
24 20 4 52 74 83
37 20 4 52 74 83
23 20 4 52 74 83
38 20 4 52 74 83
22 20 4 52 74 83
39 20 4 52 74 83
21 20 4 52 74 83
40 20 4 52 74 83
20 20 4 52 74 83
41 20 4 52 74 83
30 21 4 52 74 83
31 21 4 52 74 83
29 21 4 52 74 83
32 21 4 52 74 83
28 21 4 52 74 83
33 21 4 52 74 83
27 21 4 52 74 83
34 21 4 52 74 83
26 21 4 52 74 83
35 21 4 52 74 83
25 21 4 52 74 83
36 21 4 52 74 83
24 21 4 52 74 83
37 21 4 52 74 83
23 21 4 52 74 83
38 21 4 52 74 83
22 21 4 52 74 83
39 21 4 52 74 83
21 21 4 52 74 83
40 21 4 52 74 83
20 21 4 52 74 83
41 21 4 52 74 83
30 22 4 52 74 83
31 22 4 52 74 83
29 22 4 52 74 83
32 22 4 52 74 83
28 22 4 52 74 83
33 22 4 52 74 83
27 22 4 52 74 83
34 22 4 52 74 83
26 22 4 52 74 83
35 22 4 52 74 83
25 22 4 52 74 83
36 22 4 52 74 83
24 22 4 52 74 83
37 22 4 52 74 83
23 22 4 255 52 33
38 22 4 255 52 33
22 22 4 52 74 83
39 22 4 52 74 83
21 22 4 52 74 83
40 22 4 52 74 83
20 22 4 52 74 83
41 22 4 52 74 83
30 23 4 52 74 83
31 23 4 52 74 83
29 23 4 52 74 83
32 23 4 52 74 83
28 23 4 52 74 83
33 23 4 52 74 83
27 23 4 52 74 83
34 23 4 52 74 83
26 23 4 52 74 83
35 23 4 52 74 83
25 23 4 52 74 83
36 23 4 52 74 83
27 8 4 41 59 66
34 8 4 41 59 66
23 23 4 52 74 83
38 23 4 52 74 83
22 23 4 52 74 83
39 23 4 52 74 83
21 23 4 52 74 83
40 23 4 52 74 83
20 23 4 52 74 83
41 23 4 52 74 83
30 24 4 52 74 83
31 24 4 52 74 83
29 24 4 52 74 83
32 24 4 52 74 83
28 24 4 52 74 83
33 24 4 52 74 83
27 24 4 52 74 83
34 24 4 52 74 83
26 24 4 52 74 83
35 24 4 52 74 83
27 7 4 41 59 66
34 7 4 41 59 66
23 24 4 255 52 33
38 24 4 255 52 33
22 24 4 52 74 83
39 24 4 52 74 83
21 24 4 52 74 83
40 24 4 52 74 83
20 24 4 52 74 83
41 24 4 52 74 83
30 25 4 52 74 83
31 25 4 52 74 83
29 25 4 52 74 83
32 25 4 52 74 83
28 25 4 52 74 83
33 25 4 52 74 83
27 25 4 52 74 83
34 25 4 52 74 83
26 25 4 52 74 83
35 25 4 52 74 83
30 31 6 88 88 88
31 31 6 88 88 88
23 25 4 52 74 83
38 25 4 52 74 83
22 25 4 52 74 83
39 25 4 52 74 83
21 25 4 52 74 83
40 25 4 52 74 83
20 25 4 52 74 83
41 25 4 52 74 83
30 26 4 52 74 83
31 26 4 52 74 83
29 26 4 52 74 83
32 26 4 52 74 83
28 26 4 52 74 83
33 26 4 52 74 83
27 26 4 52 74 83
34 26 4 52 74 83
26 26 4 52 74 83
35 26 4 52 74 83
30 9 8 43 68 78
31 9 8 43 68 78
23 26 4 52 74 83
38 26 4 52 74 83
22 26 4 52 74 83
39 26 4 52 74 83
21 26 4 52 74 83
40 26 4 52 74 83
20 26 4 52 74 83
41 26 4 52 74 83
30 27 4 52 74 83
31 27 4 52 74 83
29 27 4 52 74 83
32 27 4 52 74 83
28 27 4 52 74 83
33 27 4 52 74 83
27 27 4 52 74 83
34 27 4 52 74 83
26 27 4 52 74 83
35 27 4 52 74 83
30 6 7 0 106 255
31 6 7 0 106 255
23 27 4 52 74 83
38 27 4 52 74 83
22 27 4 52 74 83
39 27 4 52 74 83
21 27 4 52 74 83
40 27 4 52 74 83
20 27 4 52 74 83
41 27 4 52 74 83
30 28 4 52 74 83
31 28 4 52 74 83
29 28 4 52 74 83
32 28 4 52 74 83
28 28 4 52 74 83
33 28 4 52 74 83
27 28 4 52 74 83
34 28 4 52 74 83
26 28 4 52 74 83
35 28 4 52 74 83
22 18 3 255 52 33
39 18 3 255 52 33
23 28 4 52 74 83
38 28 4 52 74 83
22 28 4 52 74 83
39 28 4 52 74 83
21 28 4 52 74 83
40 28 4 52 74 83
20 28 4 52 74 83
41 28 4 52 74 83
30 29 4 52 74 83
31 29 4 52 74 83
29 29 4 52 74 83
32 29 4 52 74 83
28 29 4 52 74 83
33 29 4 52 74 83
27 29 4 52 74 83
34 29 4 52 74 83
26 29 4 52 74 83
35 29 4 52 74 83
25 29 4 52 74 83
36 29 4 52 74 83
23 29 4 52 74 83
38 29 4 52 74 83
22 29 4 52 74 83
39 29 4 52 74 83
21 29 4 57 83 95
40 29 4 57 83 95
20 29 4 57 83 95
41 29 4 57 83 95
30 30 4 52 74 83
31 30 4 52 74 83
29 30 4 52 74 83
32 30 4 52 74 83
28 30 4 52 74 83
33 30 4 52 74 83
27 30 4 52 74 83
34 30 4 52 74 83
26 30 4 52 74 83
35 30 4 52 74 83
25 30 4 52 74 83
36 30 4 52 74 83
24 30 4 52 74 83
37 30 4 52 74 83
23 30 4 52 74 83
38 30 4 52 74 83
22 30 4 52 74 83
39 30 4 52 74 83
21 25 1 52 74 83
40 25 1 52 74 83
24 30 5 52 74 83
37 30 5 52 74 83
25 30 5 52 74 83
36 30 5 52 74 83
26 30 5 52 74 83
35 30 5 52 74 83
27 30 5 52 74 83
34 30 5 52 74 83
28 30 5 52 74 83
33 30 5 52 74 83
29 30 5 88 88 88
32 30 5 88 88 88
30 30 5 88 88 88
31 30 5 88 88 88
18 29 1 52 74 83
43 29 1 52 74 83
22 29 5 52 74 83
39 29 5 52 74 83
23 29 5 52 74 83
38 29 5 52 74 83
30 0 5 52 74 83
31 0 5 52 74 83
30 1 5 52 74 83
31 1 5 52 74 83
30 2 5 52 74 83
31 2 5 52 74 83
30 3 5 52 74 83
31 3 5 52 74 83
30 4 5 52 74 83
31 4 5 52 74 83
30 5 5 52 74 83
31 5 5 52 74 83
30 6 5 52 74 83
31 6 5 52 74 83
29 6 5 52 74 83
32 6 5 52 74 83
28 6 5 52 74 83
33 6 5 52 74 83
30 7 5 52 74 83
31 7 5 52 74 83
29 7 5 52 74 83
32 7 5 52 74 83
28 7 5 52 74 83
33 7 5 52 74 83
30 8 5 52 74 83
31 8 5 52 74 83
29 8 5 52 74 83
32 8 5 52 74 83
28 8 5 52 74 83
33 8 5 52 74 83
30 9 5 52 74 83
31 9 5 52 74 83
29 9 5 52 74 83
32 9 5 52 74 83
28 9 5 52 74 83
33 9 5 52 74 83
30 10 5 52 74 83
31 10 5 52 74 83
29 10 5 52 74 83
32 10 5 52 74 83
28 10 5 52 74 83
33 10 5 52 74 83
30 1 3 52 74 83
31 1 3 52 74 83
30 11 5 52 74 83
31 11 5 52 74 83
29 11 5 52 74 83
32 11 5 52 74 83
28 11 5 52 74 83
33 11 5 52 74 83
27 11 5 57 83 95
34 11 5 57 83 95
25 19 7 52 74 83
36 19 7 52 74 83
30 12 5 52 74 83
31 12 5 52 74 83
29 12 5 52 74 83
32 12 5 52 74 83
28 12 5 52 74 83
33 12 5 52 74 83
27 12 5 52 74 83
34 12 5 52 74 83
26 12 5 57 83 95
35 12 5 57 83 95
30 15 8 41 59 66
31 15 8 41 59 66
30 13 5 52 74 83
31 13 5 52 74 83
29 13 5 52 74 83
32 13 5 52 74 83
28 13 5 52 74 83
33 13 5 52 74 83
27 13 5 52 74 83
34 13 5 52 74 83
26 13 5 52 74 83
35 13 5 52 74 83
25 13 5 57 83 95
36 13 5 57 83 95
25 18 7 57 83 95
36 18 7 57 83 95
30 14 5 52 74 83
31 14 5 52 74 83
29 14 5 52 74 83
32 14 5 52 74 83
28 14 5 52 74 83
33 14 5 52 74 83
27 14 5 52 74 83
34 14 5 52 74 83
26 14 5 52 74 83
35 14 5 52 74 83
25 14 5 52 74 83
36 14 5 52 74 83
24 14 5 57 83 95
37 14 5 57 83 95
30 15 5 52 74 83
31 15 5 52 74 83
29 15 5 52 74 83
32 15 5 52 74 83
28 15 5 52 74 83
33 15 5 52 74 83
27 15 5 52 74 83
34 15 5 52 74 83
26 15 5 52 74 83
35 15 5 52 74 83
25 15 5 52 74 83
36 15 5 52 74 83
24 15 5 52 74 83
37 15 5 52 74 83
23 15 5 57 83 95
38 15 5 57 83 95
26 20 7 52 74 83
35 20 7 52 74 83
30 16 5 52 74 83
31 16 5 52 74 83
29 16 5 52 74 83
32 16 5 52 74 83
28 16 5 52 74 83
33 16 5 52 74 83
27 16 5 52 74 83
34 16 5 52 74 83
26 16 5 52 74 83
35 16 5 52 74 83
25 16 5 52 74 83
36 16 5 52 74 83
24 16 5 52 74 83
37 16 5 52 74 83
23 16 5 52 74 83
38 16 5 52 74 83
22 16 5 57 83 95
39 16 5 57 83 95
19 28 1 52 74 83
42 28 1 52 74 83
30 17 5 52 74 83
31 17 5 52 74 83
29 17 5 52 74 83
32 17 5 52 74 83
28 17 5 52 74 83
33 17 5 52 74 83
27 17 5 52 74 83
34 17 5 52 74 83
26 17 5 52 74 83
35 17 5 52 74 83
25 17 5 52 74 83
36 17 5 52 74 83
24 17 5 52 74 83
37 17 5 52 74 83
23 17 5 52 74 83
38 17 5 52 74 83
22 17 5 52 74 83
39 17 5 52 74 83
18 28 1 52 74 83
43 28 1 52 74 83
30 18 5 52 74 83
31 18 5 52 74 83
29 18 5 52 74 83
32 18 5 52 74 83
28 18 5 52 74 83
33 18 5 52 74 83
27 18 5 52 74 83
34 18 5 52 74 83
26 18 5 52 74 83
35 18 5 52 74 83
25 18 5 52 74 83
36 18 5 52 74 83
24 18 5 52 74 83
37 18 5 52 74 83
23 18 5 52 74 83
38 18 5 52 74 83
22 18 5 52 74 83
39 18 5 52 74 83
19 27 1 52 74 83
42 27 1 52 74 83
23 17 3 255 52 33
38 17 3 255 52 33
25 23 6 41 59 66
36 23 6 41 59 66
30 19 5 52 74 83
31 19 5 52 74 83
29 19 5 52 74 83
32 19 5 52 74 83
28 19 5 52 74 83
33 19 5 52 74 83
27 19 5 52 74 83
34 19 5 52 74 83
26 19 5 52 74 83
35 19 5 52 74 83
25 19 5 52 74 83
36 19 5 52 74 83
24 19 5 52 74 83
37 19 5 52 74 83
23 19 5 52 74 83
38 19 5 52 74 83
22 19 5 52 74 83
39 19 5 52 74 83
18 27 1 52 74 83
43 27 1 52 74 83
25 22 6 41 59 66
36 22 6 41 59 66
25 21 6 41 59 66
36 21 6 41 59 66
30 20 5 52 74 83
31 20 5 52 74 83
29 20 5 52 74 83
32 20 5 52 74 83
28 20 5 52 74 83
33 20 5 52 74 83
27 20 5 52 74 83
34 20 5 52 74 83
26 20 5 52 74 83
35 20 5 52 74 83
25 20 5 52 74 83
36 20 5 52 74 83
24 20 5 52 74 83
37 20 5 52 74 83
23 20 5 52 74 83
38 20 5 52 74 83
22 20 5 52 74 83
39 20 5 52 74 83
19 26 1 52 74 83
42 26 1 52 74 83
25 20 6 41 59 66
36 20 6 41 59 66
25 19 6 41 59 66
36 19 6 41 59 66
30 21 5 52 74 83
31 21 5 52 74 83
29 21 5 52 74 83
32 21 5 52 74 83
28 21 5 52 74 83
33 21 5 52 74 83
27 21 5 52 74 83
34 21 5 52 74 83
26 21 5 52 74 83
35 21 5 52 74 83
25 21 5 52 74 83
36 21 5 52 74 83
24 21 5 52 74 83
37 21 5 52 74 83
23 21 5 57 83 95
38 21 5 57 83 95
22 21 5 57 83 95
39 21 5 57 83 95
18 26 1 52 74 83
43 26 1 52 74 83
25 18 6 41 59 66
36 18 6 41 59 66
25 17 6 41 59 66
36 17 6 41 59 66
30 22 5 52 74 83
31 22 5 52 74 83
29 22 5 52 74 83
32 22 5 52 74 83
28 22 5 52 74 83
33 22 5 52 74 83
27 22 5 52 74 83
34 22 5 52 74 83
26 22 5 52 74 83
35 22 5 52 74 83
25 22 5 52 74 83
36 22 5 52 74 83
24 22 5 52 74 83
37 22 5 52 74 83
30 20 7 52 74 83
31 20 7 52 74 83
20 29 1 52 74 83
41 29 1 52 74 83
19 25 1 52 74 83
42 25 1 52 74 83
30 23 5 52 74 83
31 23 5 52 74 83
29 23 5 52 74 83
32 23 5 52 74 83
28 23 5 52 74 83
33 23 5 52 74 83
27 23 5 52 74 83
34 23 5 52 74 83
26 23 5 52 74 83
35 23 5 52 74 83
25 23 5 52 74 83
36 23 5 52 74 83
23 23 5 57 83 95
38 23 5 57 83 95
22 23 5 57 83 95
39 23 5 57 83 95
22 30 1 52 74 83
39 30 1 52 74 83
18 25 1 52 74 83
43 25 1 52 74 83
30 24 5 52 74 83
31 24 5 52 74 83
29 24 5 52 74 83
32 24 5 52 74 83
28 24 5 52 74 83
33 24 5 52 74 83
27 24 5 52 74 83
34 24 5 52 74 83
26 24 5 52 74 83
35 24 5 52 74 83
24 16 3 255 52 33
37 16 3 255 52 33
26 19 7 52 74 83
35 19 7 52 74 83
22 29 1 52 74 83
39 29 1 52 74 83
19 24 1 52 74 83
42 24 1 52 74 83
30 25 5 52 74 83
31 25 5 52 74 83
29 25 5 52 74 83
32 25 5 52 74 83
28 25 5 52 74 83
33 25 5 52 74 83
27 25 5 52 74 83
34 25 5 52 74 83
26 25 5 52 74 83
35 25 5 52 74 83
25 15 3 255 52 33
36 15 3 255 52 33
23 25 5 52 74 83
38 25 5 52 74 83
22 25 5 52 74 83
39 25 5 52 74 83
22 28 1 52 74 83
39 28 1 52 74 83
18 24 1 52 74 83
43 24 1 52 74 83
30 26 5 52 74 83
31 26 5 52 74 83
29 26 5 52 74 83
32 26 5 52 74 83
28 26 5 52 74 83
33 26 5 52 74 83
27 26 5 52 74 83
34 26 5 52 74 83
26 26 5 52 74 83
35 26 5 52 74 83
26 14 3 255 52 33
35 14 3 255 52 33
23 26 5 52 74 83
38 26 5 52 74 83
22 26 5 52 74 83
39 26 5 52 74 83
22 27 1 52 74 83
39 27 1 52 74 83
19 23 1 52 74 83
42 23 1 52 74 83
30 27 5 52 74 83
31 27 5 52 74 83
29 27 5 52 74 83
32 27 5 52 74 83
28 27 5 52 74 83
33 27 5 52 74 83
27 27 5 52 74 83
34 27 5 52 74 83
26 27 5 52 74 83
35 27 5 52 74 83
27 13 3 255 52 33
34 13 3 255 52 33
23 27 5 52 74 83
38 27 5 52 74 83
22 27 5 52 74 83
39 27 5 52 74 83
22 26 1 52 74 83
39 26 1 52 74 83
18 23 1 52 74 83
43 23 1 52 74 83
30 28 5 88 88 88
31 28 5 88 88 88
29 28 5 88 88 88
32 28 5 88 88 88
28 28 5 52 74 83
33 28 5 52 74 83
27 28 5 52 74 83
34 28 5 52 74 83
26 28 5 52 74 83
35 28 5 52 74 83
22 18 2 52 74 83
39 18 2 52 74 83
23 28 5 52 74 83
38 28 5 52 74 83
22 28 5 52 74 83
39 28 5 52 74 83
22 25 1 52 74 83
39 25 1 52 74 83
19 22 1 52 74 83
42 22 1 52 74 83
30 29 5 88 88 88
31 29 5 88 88 88
29 29 5 88 88 88
32 29 5 88 88 88
28 29 5 52 74 83
33 29 5 52 74 83
27 29 5 52 74 83
34 29 5 52 74 83
26 29 5 52 74 83
35 29 5 52 74 83
25 29 5 52 74 83
36 29 5 52 74 83
23 17 2 52 74 83
38 17 2 52 74 83
18 31 2 52 74 83
43 31 2 52 74 83
20 27 1 52 74 83
41 27 1 52 74 83
21 26 1 52 74 83
40 26 1 52 74 83
18 31 3 57 83 95
43 31 3 57 83 95
17 31 3 57 83 95
44 31 3 57 83 95
21 29 1 52 74 83
40 29 1 52 74 83
16 31 3 57 83 95
45 31 3 57 83 95
23 31 2 52 74 83
38 31 2 52 74 83
21 28 1 52 74 83
40 28 1 52 74 83
22 24 1 52 74 83
39 24 1 52 74 83
18 22 1 52 74 83
43 22 1 52 74 83
24 31 2 52 74 83
37 31 2 52 74 83
23 31 3 52 74 83
38 31 3 52 74 83
25 31 2 52 74 83
36 31 2 52 74 83
24 31 3 7 7 7
37 31 3 7 7 7
23 31 4 52 74 83
38 31 4 52 74 83
20 28 1 52 74 83
41 28 1 52 74 83
26 31 2 52 74 83
35 31 2 52 74 83
25 31 3 255 15 107
36 31 3 255 15 107
24 31 4 7 7 7
37 31 4 7 7 7
23 31 5 57 83 95
38 31 5 57 83 95
27 31 2 52 74 83
34 31 2 52 74 83
26 31 3 255 15 107
35 31 3 255 15 107
25 31 4 255 15 107
36 31 4 255 15 107
24 31 5 52 74 83
37 31 5 52 74 83
28 31 2 52 74 83
33 31 2 52 74 83
27 31 3 7 7 7
34 31 3 7 7 7
26 31 4 255 15 107
35 31 4 255 15 107
25 31 5 52 74 83
36 31 5 52 74 83
22 22 1 52 74 83
39 22 1 52 74 83
28 31 3 7 7 7
33 31 3 7 7 7
27 31 4 7 7 7
34 31 4 7 7 7
26 31 5 52 74 83
35 31 5 52 74 83
22 21 1 52 74 83
39 21 1 52 74 83
29 31 3 41 59 66
32 31 3 41 59 66
28 31 4 255 15 107
33 31 4 255 15 107
27 31 5 52 74 83
34 31 5 52 74 83
26 31 6 41 59 66
35 31 6 41 59 66
30 31 3 41 59 66
31 31 3 41 59 66
29 31 4 255 15 107
32 31 4 255 15 107
28 31 5 52 74 83
33 31 5 52 74 83
27 31 6 41 59 66
34 31 6 41 59 66
30 31 4 255 15 107
31 31 4 255 15 107
29 31 5 88 88 88
32 31 5 88 88 88
28 31 6 41 59 66
33 31 6 41 59 66
30 31 5 88 88 88
31 31 5 88 88 88
19 19 1 52 74 83
42 19 1 52 74 83
17 21 1 52 74 83
44 21 1 52 74 83
16 22 1 52 74 83
45 22 1 52 74 83
17 22 1 52 74 83
44 22 1 52 74 83
16 23 1 52 74 83
45 23 1 52 74 83
17 23 1 52 74 83
44 23 1 52 74 83
16 24 1 52 74 83
45 24 1 52 74 83
17 24 1 52 74 83
44 24 1 52 74 83
16 25 1 52 74 83
45 25 1 52 74 83
17 25 1 52 74 83
44 25 1 52 74 83
16 26 1 52 74 83
45 26 1 52 74 83
17 26 1 52 74 83
44 26 1 52 74 83
16 27 1 52 74 83
45 27 1 52 74 83
17 27 1 52 74 83
44 27 1 52 74 83
16 28 1 52 74 83
45 28 1 52 74 83
17 28 1 52 74 83
44 28 1 52 74 83
16 29 1 52 74 83
45 29 1 52 74 83
17 29 1 52 74 83
44 29 1 52 74 83
16 30 1 52 74 83
45 30 1 52 74 83
17 30 1 52 74 83
44 30 1 52 74 83
16 31 1 52 74 83
45 31 1 52 74 83
17 31 1 52 74 83
44 31 1 52 74 83
29 11 7 41 59 66
32 11 7 41 59 66
18 20 1 52 74 83
43 20 1 52 74 83
28 15 7 52 74 83
33 15 7 52 74 83
27 15 7 52 74 83
34 15 7 52 74 83
26 15 7 57 83 95
35 15 7 57 83 95
30 14 7 52 74 83
31 14 7 52 74 83
29 14 7 52 74 83
32 14 7 52 74 83
28 14 7 52 74 83
33 14 7 52 74 83
27 14 7 57 83 95
34 14 7 57 83 95
26 14 7 57 83 95
35 14 7 57 83 95
24 20 6 52 74 83
37 20 6 52 74 83
24 19 6 52 74 83
37 19 6 52 74 83
24 18 6 57 83 95
37 18 6 57 83 95
25 20 7 52 74 83
36 20 7 52 74 83
18 31 1 52 74 83
43 31 1 52 74 83
18 21 1 52 74 83
43 21 1 52 74 83
19 20 1 52 74 83
42 20 1 52 74 83
21 17 1 52 74 83
40 17 1 52 74 83
20 18 1 52 74 83
41 18 1 52 74 83
21 18 1 52 74 83
40 18 1 52 74 83
20 19 1 52 74 83
41 19 1 52 74 83
21 19 1 52 74 83
40 19 1 52 74 83
20 20 1 52 74 83
41 20 1 52 74 83
21 20 1 52 74 83
40 20 1 52 74 83
20 21 1 52 74 83
41 21 1 52 74 83
21 21 1 52 74 83
40 21 1 52 74 83
20 22 1 52 74 83
41 22 1 52 74 83
21 22 1 52 74 83
40 22 1 52 74 83
20 23 1 52 74 83
41 23 1 52 74 83
21 23 1 52 74 83
40 23 1 52 74 83
20 24 1 52 74 83
41 24 1 52 74 83
26 33 6 88 88 88
35 33 6 88 88 88
28 33 6 88 88 88
33 33 6 88 88 88
26 33 5 88 88 88
35 33 5 88 88 88
28 33 5 88 88 88
33 33 5 88 88 88
26 32 7 88 88 88
35 32 7 88 88 88
26 33 7 88 88 88
35 33 7 88 88 88
28 32 7 88 88 88
33 32 7 88 88 88
28 33 7 88 88 88
33 33 7 88 88 88
27 28 6 41 59 66
34 28 6 41 59 66
26 28 6 41 59 66
35 28 6 41 59 66
27 29 6 41 59 66
34 29 6 41 59 66
26 29 6 41 59 66
35 29 6 41 59 66
27 30 6 41 59 66
34 30 6 41 59 66
26 30 6 41 59 66
35 30 6 41 59 66
29 9 2 52 74 83
32 9 2 52 74 83
25 29 6 52 74 83
36 29 6 52 74 83
25 15 2 52 74 83
36 15 2 52 74 83
25 30 6 52 74 83
36 30 6 52 74 83
24 30 6 52 74 83
37 30 6 52 74 83
27 28 7 57 83 95
34 28 7 57 83 95
26 28 7 57 83 95
35 28 7 57 83 95
27 13 2 52 74 83
34 13 2 52 74 83
26 14 2 52 74 83
35 14 2 52 74 83
25 28 6 57 83 95
36 28 6 57 83 95
25 27 5 52 74 83
36 27 5 52 74 83
24 25 3 41 59 66
37 25 3 41 59 66
24 25 4 52 74 83
37 25 4 52 74 83
24 25 5 52 74 83
37 25 5 52 74 83
25 28 5 52 74 83
36 28 5 52 74 83
25 27 4 52 74 83
36 27 4 52 74 83
24 24 3 41 59 66
37 24 3 41 59 66
24 24 4 52 74 83
37 24 4 52 74 83
24 24 5 52 74 83
37 24 5 52 74 83
25 28 4 52 74 83
36 28 4 52 74 83
25 27 3 41 59 66
36 27 3 41 59 66
24 26 3 41 59 66
37 26 3 41 59 66
24 26 4 52 74 83
37 26 4 52 74 83
24 26 5 52 74 83
37 26 5 52 74 83
25 28 3 41 59 66
36 28 3 41 59 66
24 28 4 52 74 83
37 28 4 52 74 83
25 25 3 41 59 66
36 25 3 41 59 66
25 25 4 52 74 83
36 25 4 52 74 83
25 25 5 52 74 83
36 25 5 52 74 83
24 28 3 41 59 66
37 28 3 41 59 66
24 28 5 52 74 83
37 28 5 52 74 83
24 23 3 52 74 83
37 23 3 52 74 83
24 23 4 52 74 83
37 23 4 52 74 83
24 23 5 52 74 83
37 23 5 52 74 83
24 29 6 57 83 95
37 29 6 57 83 95
24 29 3 41 59 66
37 29 3 41 59 66
25 24 3 52 74 83
36 24 3 52 74 83
25 24 4 52 74 83
36 24 4 52 74 83
25 24 5 52 74 83
36 24 5 52 74 83
25 24 6 41 59 66
36 24 6 41 59 66
24 29 5 52 74 83
37 29 5 52 74 83
24 28 6 57 83 95
37 28 6 57 83 95
24 27 3 41 59 66
37 27 3 41 59 66
24 27 4 52 74 83
37 27 4 52 74 83
24 27 5 52 74 83
37 27 5 52 74 83
24 29 4 52 74 83
37 29 4 52 74 83
25 26 6 52 74 83
36 26 6 52 74 83
25 26 3 41 59 66
36 26 3 41 59 66
25 26 4 52 74 83
36 26 4 52 74 83
25 26 5 52 74 83
36 26 5 52 74 83
25 24 2 52 74 83
36 24 2 52 74 83
24 23 2 52 74 83
37 23 2 52 74 83
24 16 2 52 74 83
37 16 2 52 74 83
25 16 2 52 74 83
36 16 2 52 74 83
26 32 4 255 15 107
35 32 4 255 15 107
26 33 4 255 15 107
35 33 4 255 15 107
25 32 4 255 15 107
36 32 4 255 15 107
25 33 4 255 15 107
36 33 4 255 15 107
30 32 4 255 15 107
31 32 4 255 15 107
30 33 4 255 15 107
31 33 4 255 15 107
29 32 4 255 15 107
32 32 4 255 15 107
29 33 4 255 15 107
32 33 4 255 15 107
28 32 4 255 15 107
33 32 4 255 15 107
28 33 4 255 15 107
33 33 4 255 15 107
28 36 4 255 15 107
33 36 4 255 15 107
26 36 4 255 15 107
35 36 4 255 15 107
26 38 4 255 15 107
35 38 4 255 15 107
28 37 4 255 15 107
33 37 4 255 15 107
25 36 4 255 15 107
36 36 4 255 15 107
28 35 4 255 15 107
33 35 4 255 15 107
25 38 4 255 15 107
36 38 4 255 15 107
28 39 4 255 15 107
33 39 4 255 15 107
28 34 4 255 15 107
33 34 4 255 15 107
26 35 4 255 15 107
35 35 4 255 15 107
25 35 4 255 15 107
36 35 4 255 15 107
25 34 4 255 15 107
36 34 4 255 15 107
26 34 4 255 15 107
35 34 4 255 15 107
7 26 1 88 88 88
54 26 1 88 88 88
