ply
format ascii 1.0
comment : MagicaVoxel @ Ephtracy
element vertex 600
property float x
property float z
property float y
property uchar red
property uchar green
property uchar blue
end_header
46 125 81 51 0 255
51 125 81 51 0 255
52 125 81 51 0 255
53 125 81 51 0 255
54 125 81 51 0 255
55 125 81 51 0 255
57 125 81 51 0 255
61 125 81 51 0 255
65 125 81 51 0 255
69 125 81 51 0 255
70 125 81 51 0 255
71 125 81 51 0 255
72 125 81 51 0 255
74 125 81 51 0 255
77 125 81 51 0 255
78 125 81 51 0 255
46 125 82 51 0 255
51 125 82 51 0 255
57 125 82 51 0 255
61 125 82 51 0 255
65 125 82 51 0 255
69 125 82 51 0 255
74 125 82 51 0 255
77 125 82 51 0 255
46 125 83 51 0 255
51 125 83 51 0 255
57 125 83 51 0 255
58 125 83 51 0 255
59 125 83 51 0 255
60 125 83 51 0 255
61 125 83 51 0 255
65 125 83 51 0 255
69 125 83 51 0 255
74 125 83 51 0 255
76 125 83 51 0 255
77 125 83 51 0 255
46 125 84 51 0 255
47 125 84 51 0 255
48 125 84 51 0 255
51 125 84 51 0 255
58 125 84 51 0 255
60 125 84 51 0 255
65 125 84 51 0 255
69 125 84 51 0 255
70 125 84 51 0 255
71 125 84 51 0 255
72 125 84 51 0 255
74 125 84 51 0 255
75 125 84 51 0 255
76 125 84 51 0 255
46 125 85 51 0 255
48 125 85 51 0 255
49 125 85 51 0 255
51 125 85 51 0 255
58 125 85 51 0 255
60 125 85 51 0 255
64 125 85 51 0 255
65 125 85 51 0 255
66 125 85 51 0 255
69 125 85 51 0 255
74 125 85 51 0 255
76 125 85 51 0 255
77 125 85 51 0 255
46 125 86 51 0 255
48 125 86 51 0 255
49 125 86 51 0 255
51 125 86 51 0 255
58 125 86 51 0 255
59 125 86 51 0 255
60 125 86 51 0 255
64 125 86 51 0 255
66 125 86 51 0 255
69 125 86 51 0 255
74 125 86 51 0 255
76 125 86 51 0 255
77 125 86 51 0 255
46 125 87 51 0 255
47 125 87 51 0 255
48 125 87 51 0 255
51 125 87 51 0 255
59 125 87 51 0 255
63 125 87 51 0 255
67 125 87 51 0 255
69 125 87 51 0 255
70 125 87 51 0 255
71 125 87 51 0 255
72 125 87 51 0 255
74 125 87 51 0 255
75 125 87 51 0 255
76 125 87 51 0 255
48 124 85 51 0 255
49 124 85 51 0 255
48 124 84 51 0 255
48 124 86 51 0 255
49 124 86 51 0 255
47 124 84 51 0 255
48 124 87 51 0 255
46 124 84 51 0 255
47 124 87 51 0 255
46 124 83 51 0 255
46 124 85 51 0 255
46 124 87 51 0 255
46 124 82 51 0 255
46 124 86 51 0 255
46 124 81 51 0 255
49 123 86 51 0 255
48 123 86 51 0 255
49 123 85 51 0 255
48 123 85 51 0 255
48 123 87 51 0 255
48 123 84 51 0 255
47 123 87 51 0 255
47 123 84 51 0 255
46 123 87 51 0 255
46 123 84 51 0 255
46 123 86 51 0 255
46 123 83 51 0 255
46 123 85 51 0 255
46 123 82 51 0 255
46 123 81 51 0 255
49 122 86 51 0 255
48 122 86 51 0 255
49 122 85 51 0 255
48 122 85 51 0 255
48 122 87 51 0 255
48 122 84 51 0 255
47 122 87 51 0 255
47 122 84 51 0 255
46 122 87 51 0 255
46 122 84 51 0 255
46 122 86 51 0 255
46 122 83 51 0 255
46 122 85 51 0 255
46 122 82 51 0 255
46 122 81 51 0 255
51 124 86 51 0 255
51 124 85 51 0 255
51 124 87 51 0 255
51 124 84 51 0 255
51 124 83 51 0 255
51 124 82 51 0 255
51 124 81 51 0 255
52 124 81 51 0 255
53 124 81 51 0 255
54 124 81 51 0 255
55 124 81 51 0 255
51 123 86 51 0 255
51 123 85 51 0 255
51 123 87 51 0 255
51 123 84 51 0 255
51 123 83 51 0 255
51 123 82 51 0 255
51 123 81 51 0 255
52 123 81 51 0 255
53 123 81 51 0 255
54 123 81 51 0 255
55 123 81 51 0 255
51 122 86 51 0 255
51 122 85 51 0 255
51 122 87 51 0 255
51 122 84 51 0 255
51 122 83 51 0 255
51 122 82 51 0 255
51 122 81 51 0 255
52 122 81 51 0 255
53 122 81 51 0 255
54 122 81 51 0 255
55 122 81 51 0 255
58 124 86 51 0 255
59 124 86 51 0 255
58 124 85 51 0 255
60 124 86 51 0 255
59 124 87 51 0 255
58 124 84 51 0 255
60 124 85 51 0 255
58 124 83 51 0 255
60 124 84 51 0 255
57 124 83 51 0 255
59 124 83 51 0 255
60 124 83 51 0 255
57 124 82 51 0 255
61 124 83 51 0 255
57 124 81 51 0 255
61 124 82 51 0 255
61 124 81 51 0 255
58 123 86 51 0 255
59 123 86 51 0 255
58 123 85 51 0 255
60 123 86 51 0 255
59 123 87 51 0 255
58 123 84 51 0 255
60 123 85 51 0 255
58 123 83 51 0 255
60 123 84 51 0 255
57 123 83 51 0 255
59 123 83 51 0 255
60 123 83 51 0 255
57 123 82 51 0 255
61 123 83 51 0 255
57 123 81 51 0 255
61 123 82 51 0 255
61 123 81 51 0 255
58 122 86 51 0 255
59 122 86 51 0 255
58 122 85 51 0 255
60 122 86 51 0 255
59 122 87 51 0 255
58 122 84 51 0 255
60 122 85 51 0 255
58 122 83 51 0 255
60 122 84 51 0 255
57 122 83 51 0 255
59 122 83 51 0 255
60 122 83 51 0 255
57 122 82 51 0 255
61 122 83 51 0 255
57 122 81 51 0 255
61 122 82 51 0 255
61 122 81 51 0 255
65 124 85 51 0 255
64 124 85 51 0 255
66 124 85 51 0 255
65 124 84 51 0 255
64 124 86 51 0 255
66 124 86 51 0 255
65 124 83 51 0 255
65 124 82 51 0 255
65 124 81 51 0 255
65 123 85 51 0 255
64 123 85 51 0 255
66 123 85 51 0 255
65 123 84 51 0 255
64 123 86 51 0 255
66 123 86 51 0 255
65 123 83 51 0 255
65 123 82 51 0 255
65 123 81 51 0 255
65 122 85 51 0 255
64 122 85 51 0 255
66 122 85 51 0 255
65 122 84 51 0 255
64 122 86 51 0 255
66 122 86 51 0 255
65 122 83 51 0 255
65 122 82 51 0 255
65 122 81 51 0 255
69 124 86 51 0 255
69 124 85 51 0 255
69 124 87 51 0 255
69 124 84 51 0 255
70 124 87 51 0 255
70 124 84 51 0 255
69 124 83 51 0 255
71 124 87 51 0 255
71 124 84 51 0 255
69 124 82 51 0 255
72 124 87 51 0 255
72 124 84 51 0 255
69 124 81 51 0 255
70 124 81 51 0 255
71 124 81 51 0 255
72 124 81 51 0 255
69 123 86 51 0 255
69 123 85 51 0 255
69 123 87 51 0 255
69 123 84 51 0 255
70 123 87 51 0 255
70 123 84 51 0 255
69 123 83 51 0 255
71 123 87 51 0 255
71 123 84 51 0 255
69 123 82 51 0 255
72 123 87 51 0 255
72 123 84 51 0 255
69 123 81 51 0 255
70 123 81 51 0 255
71 123 81 51 0 255
72 123 81 51 0 255
69 122 86 51 0 255
69 122 85 51 0 255
69 122 87 51 0 255
69 122 84 51 0 255
70 122 87 51 0 255
70 122 84 51 0 255
69 122 83 51 0 255
71 122 87 51 0 255
71 122 84 51 0 255
69 122 82 51 0 255
72 122 87 51 0 255
72 122 84 51 0 255
69 122 81 51 0 255
70 122 81 51 0 255
71 122 81 51 0 255
72 122 81 51 0 255
74 124 84 51 0 255
75 124 84 51 0 255
74 124 83 51 0 255
74 124 85 51 0 255
76 124 84 51 0 255
74 124 82 51 0 255
74 124 86 51 0 255
76 124 83 51 0 255
76 124 85 51 0 255
74 124 81 51 0 255
74 124 87 51 0 255
77 124 83 51 0 255
77 124 85 51 0 255
76 124 86 51 0 255
75 124 87 51 0 255
77 124 82 51 0 255
77 124 86 51 0 255
76 124 87 51 0 255
77 124 81 51 0 255
78 124 81 51 0 255
74 123 84 51 0 255
75 123 84 51 0 255
74 123 83 51 0 255
74 123 85 51 0 255
76 123 84 51 0 255
74 123 82 51 0 255
74 123 86 51 0 255
76 123 83 51 0 255
76 123 85 51 0 255
74 123 81 51 0 255
74 123 87 51 0 255
77 123 83 51 0 255
77 123 85 51 0 255
76 123 86 51 0 255
75 123 87 51 0 255
77 123 82 51 0 255
77 123 86 51 0 255
76 123 87 51 0 255
77 123 81 51 0 255
78 123 81 51 0 255
74 122 84 51 0 255
75 122 84 51 0 255
74 122 83 51 0 255
74 122 85 51 0 255
76 122 84 51 0 255
74 122 82 51 0 255
74 122 86 51 0 255
76 122 83 51 0 255
76 122 85 51 0 255
74 122 81 51 0 255
74 122 87 51 0 255
77 122 83 51 0 255
77 122 85 51 0 255
76 122 86 51 0 255
75 122 87 51 0 255
77 122 82 51 0 255
77 122 86 51 0 255
76 122 87 51 0 255
77 122 81 51 0 255
78 122 81 51 0 255
63 124 87 51 0 255
63 123 87 51 0 255
63 122 87 51 0 255
67 124 87 51 0 255
67 123 87 51 0 255
67 122 87 51 0 255
87 125 89 51 0 255
81 125 89 51 0 255
82 125 90 51 0 255
83 125 90 51 0 255
84 125 90 51 0 255
85 125 90 51 0 255
86 125 90 51 0 255
82 125 78 51 0 255
83 125 78 51 0 255
84 125 78 51 0 255
85 125 78 51 0 255
86 125 78 51 0 255
81 125 79 51 0 255
87 125 79 51 0 255
88 125 80 51 0 255
88 125 81 51 0 255
88 125 82 51 0 255
88 125 83 51 0 255
84 125 84 51 0 255
85 125 84 51 0 255
86 125 84 51 0 255
87 125 84 51 0 255
88 125 85 51 0 255
88 125 86 51 0 255
88 125 87 51 0 255
88 125 88 51 0 255
80 125 88 51 0 255
80 125 89 51 0 255
81 125 88 51 0 255
82 125 91 51 0 255
83 125 91 51 0 255
84 125 91 51 0 255
85 125 91 51 0 255
86 125 91 51 0 255
88 125 89 51 0 255
87 125 90 51 0 255
88 125 90 51 0 255
89 125 85 51 0 255
89 125 86 51 0 255
89 125 87 51 0 255
89 125 88 51 0 255
84 125 85 51 0 255
85 125 85 51 0 255
86 125 85 51 0 255
87 125 85 51 0 255
89 125 80 51 0 255
89 125 81 51 0 255
89 125 82 51 0 255
89 125 83 51 0 255
88 125 79 51 0 255
88 125 78 51 0 255
87 125 78 51 0 255
82 125 77 51 0 255
83 125 77 51 0 255
84 125 77 51 0 255
85 125 77 51 0 255
86 125 77 51 0 255
80 125 80 51 0 255
81 125 80 51 0 255
80 125 79 51 0 255
85 124 91 51 0 255
84 124 91 51 0 255
86 124 91 51 0 255
85 124 90 51 0 255
83 124 91 51 0 255
84 124 90 51 0 255
86 124 90 51 0 255
82 124 91 51 0 255
83 124 90 51 0 255
87 124 90 51 0 255
82 124 90 51 0 255
88 124 90 51 0 255
87 124 89 51 0 255
88 124 89 51 0 255
88 124 88 51 0 255
89 124 88 51 0 255
88 124 87 51 0 255
89 124 87 51 0 255
88 124 86 51 0 255
89 124 86 51 0 255
88 124 85 51 0 255
89 124 85 51 0 255
87 124 85 51 0 255
86 124 85 51 0 255
87 124 84 51 0 255
85 124 85 51 0 255
86 124 84 51 0 255
84 124 85 51 0 255
85 124 84 51 0 255
84 124 84 51 0 255
85 123 91 51 0 255
84 123 91 51 0 255
86 123 91 51 0 255
85 123 90 51 0 255
83 123 91 51 0 255
84 123 90 51 0 255
86 123 90 51 0 255
82 123 91 51 0 255
83 123 90 51 0 255
87 123 90 51 0 255
82 123 90 51 0 255
88 123 90 51 0 255
87 123 89 51 0 255
88 123 89 51 0 255
88 123 88 51 0 255
89 123 88 51 0 255
88 123 87 51 0 255
89 123 87 51 0 255
88 123 86 51 0 255
89 123 86 51 0 255
88 123 85 51 0 255
89 123 85 51 0 255
87 123 85 51 0 255
86 123 85 51 0 255
87 123 84 51 0 255
85 123 85 51 0 255
86 123 84 51 0 255
84 123 85 51 0 255
85 123 84 51 0 255
84 123 84 51 0 255
84 122 91 51 0 255
83 122 91 51 0 255
85 122 91 51 0 255
84 122 90 51 0 255
82 122 91 51 0 255
83 122 90 51 0 255
86 122 91 51 0 255
85 122 90 51 0 255
82 122 90 51 0 255
86 122 90 51 0 255
87 122 90 51 0 255
88 122 90 51 0 255
87 122 89 51 0 255
88 122 89 51 0 255
88 122 88 51 0 255
89 122 88 51 0 255
88 122 87 51 0 255
89 122 87 51 0 255
88 122 86 51 0 255
89 122 86 51 0 255
88 122 85 51 0 255
89 122 85 51 0 255
87 122 85 51 0 255
86 122 85 51 0 255
87 122 84 51 0 255
85 122 85 51 0 255
86 122 84 51 0 255
84 122 85 51 0 255
85 122 84 51 0 255
84 122 84 51 0 255
80 124 89 51 0 255
81 124 89 51 0 255
80 124 88 51 0 255
81 124 88 51 0 255
80 123 89 51 0 255
81 123 89 51 0 255
80 123 88 51 0 255
81 123 88 51 0 255
80 122 89 51 0 255
81 122 89 51 0 255
80 122 88 51 0 255
81 122 88 51 0 255
88 124 81 51 0 255
89 124 81 51 0 255
88 124 80 51 0 255
88 124 82 51 0 255
89 124 80 51 0 255
89 124 82 51 0 255
88 124 79 51 0 255
88 124 83 51 0 255
89 124 83 51 0 255
87 124 79 51 0 255
88 124 78 51 0 255
87 124 78 51 0 255
86 124 78 51 0 255
85 124 78 51 0 255
86 124 77 51 0 255
84 124 78 51 0 255
85 124 77 51 0 255
83 124 78 51 0 255
84 124 77 51 0 255
82 124 78 51 0 255
83 124 77 51 0 255
82 124 77 51 0 255
88 123 81 51 0 255
89 123 81 51 0 255
88 123 80 51 0 255
88 123 82 51 0 255
89 123 80 51 0 255
89 123 82 51 0 255
88 123 79 51 0 255
88 123 83 51 0 255
89 123 83 51 0 255
87 123 79 51 0 255
88 123 78 51 0 255
87 123 78 51 0 255
86 123 78 51 0 255
85 123 78 51 0 255
86 123 77 51 0 255
84 123 78 51 0 255
85 123 77 51 0 255
83 123 78 51 0 255
84 123 77 51 0 255
82 123 78 51 0 255
83 123 77 51 0 255
82 123 77 51 0 255
88 122 81 51 0 255
89 122 81 51 0 255
88 122 80 51 0 255
88 122 82 51 0 255
89 122 80 51 0 255
89 122 82 51 0 255
88 122 79 51 0 255
88 122 83 51 0 255
89 122 83 51 0 255
87 122 79 51 0 255
88 122 78 51 0 255
87 122 78 51 0 255
86 122 78 51 0 255
85 122 78 51 0 255
86 122 77 51 0 255
84 122 78 51 0 255
85 122 77 51 0 255
83 122 78 51 0 255
84 122 77 51 0 255
82 122 78 51 0 255
83 122 77 51 0 255
82 122 77 51 0 255
81 124 79 51 0 255
80 124 79 51 0 255
81 124 80 51 0 255
80 124 80 51 0 255
81 123 80 51 0 255
80 123 80 51 0 255
81 123 79 51 0 255
80 123 79 51 0 255
81 122 79 51 0 255
80 122 79 51 0 255
81 122 80 51 0 255
80 122 80 51 0 255
