ply
format ascii 1.0
comment : MagicaVoxel @ Ephtracy
element vertex 592
property float x
property float z
property float y
property uchar red
property uchar green
property uchar blue
end_header
46 125 81 255 255 51
51 125 81 255 255 51
52 125 81 255 255 51
53 125 81 255 255 51
54 125 81 255 255 51
55 125 81 255 255 51
57 125 81 255 255 51
61 125 81 255 255 51
65 125 81 255 255 51
69 125 81 255 255 51
70 125 81 255 255 51
71 125 81 255 255 51
72 125 81 255 255 51
74 125 81 255 255 51
77 125 81 255 255 51
78 125 81 255 255 51
46 125 82 255 255 51
51 125 82 255 255 51
57 125 82 255 255 51
61 125 82 255 255 51
65 125 82 255 255 51
69 125 82 255 255 51
74 125 82 255 255 51
77 125 82 255 255 51
46 125 83 255 255 51
51 125 83 255 255 51
57 125 83 255 255 51
58 125 83 255 255 51
59 125 83 255 255 51
60 125 83 255 255 51
61 125 83 255 255 51
65 125 83 255 255 51
69 125 83 255 255 51
74 125 83 255 255 51
76 125 83 255 255 51
77 125 83 255 255 51
46 125 84 255 255 51
47 125 84 255 255 51
48 125 84 255 255 51
51 125 84 255 255 51
58 125 84 255 255 51
60 125 84 255 255 51
65 125 84 255 255 51
69 125 84 255 255 51
70 125 84 255 255 51
71 125 84 255 255 51
72 125 84 255 255 51
74 125 84 255 255 51
75 125 84 255 255 51
76 125 84 255 255 51
46 125 85 255 255 51
48 125 85 255 255 51
49 125 85 255 255 51
51 125 85 255 255 51
58 125 85 255 255 51
60 125 85 255 255 51
64 125 85 255 255 51
65 125 85 255 255 51
66 125 85 255 255 51
69 125 85 255 255 51
74 125 85 255 255 51
76 125 85 255 255 51
77 125 85 255 255 51
46 125 86 255 255 51
48 125 86 255 255 51
49 125 86 255 255 51
51 125 86 255 255 51
58 125 86 255 255 51
59 125 86 255 255 51
60 125 86 255 255 51
64 125 86 255 255 51
66 125 86 255 255 51
69 125 86 255 255 51
74 125 86 255 255 51
76 125 86 255 255 51
77 125 86 255 255 51
46 125 87 255 255 51
47 125 87 255 255 51
48 125 87 255 255 51
51 125 87 255 255 51
59 125 87 255 255 51
63 125 87 255 255 51
67 125 87 255 255 51
69 125 87 255 255 51
70 125 87 255 255 51
71 125 87 255 255 51
72 125 87 255 255 51
74 125 87 255 255 51
75 125 87 255 255 51
76 125 87 255 255 51
48 124 85 255 255 51
49 124 85 255 255 51
48 124 84 255 255 51
48 124 86 255 255 51
49 124 86 255 255 51
47 124 84 255 255 51
48 124 87 255 255 51
46 124 84 255 255 51
47 124 87 255 255 51
46 124 83 255 255 51
46 124 85 255 255 51
46 124 87 255 255 51
46 124 82 255 255 51
46 124 86 255 255 51
46 124 81 255 255 51
49 123 86 255 255 51
48 123 86 255 255 51
49 123 85 255 255 51
48 123 85 255 255 51
48 123 87 255 255 51
48 123 84 255 255 51
47 123 87 255 255 51
47 123 84 255 255 51
46 123 87 255 255 51
46 123 84 255 255 51
46 123 86 255 255 51
46 123 83 255 255 51
46 123 85 255 255 51
46 123 82 255 255 51
46 123 81 255 255 51
49 122 86 255 255 51
48 122 86 255 255 51
49 122 85 255 255 51
48 122 85 255 255 51
48 122 87 255 255 51
48 122 84 255 255 51
47 122 87 255 255 51
47 122 84 255 255 51
46 122 87 255 255 51
46 122 84 255 255 51
46 122 86 255 255 51
46 122 83 255 255 51
46 122 85 255 255 51
46 122 82 255 255 51
46 122 81 255 255 51
51 124 86 255 255 51
51 124 85 255 255 51
51 124 87 255 255 51
51 124 84 255 255 51
51 124 83 255 255 51
51 124 82 255 255 51
51 124 81 255 255 51
52 124 81 255 255 51
53 124 81 255 255 51
54 124 81 255 255 51
55 124 81 255 255 51
51 123 86 255 255 51
51 123 85 255 255 51
51 123 87 255 255 51
51 123 84 255 255 51
51 123 83 255 255 51
51 123 82 255 255 51
51 123 81 255 255 51
52 123 81 255 255 51
53 123 81 255 255 51
54 123 81 255 255 51
55 123 81 255 255 51
51 122 86 255 255 51
51 122 85 255 255 51
51 122 87 255 255 51
51 122 84 255 255 51
51 122 83 255 255 51
51 122 82 255 255 51
51 122 81 255 255 51
52 122 81 255 255 51
53 122 81 255 255 51
54 122 81 255 255 51
55 122 81 255 255 51
58 124 86 255 255 51
59 124 86 255 255 51
58 124 85 255 255 51
60 124 86 255 255 51
59 124 87 255 255 51
58 124 84 255 255 51
60 124 85 255 255 51
58 124 83 255 255 51
60 124 84 255 255 51
57 124 83 255 255 51
59 124 83 255 255 51
60 124 83 255 255 51
57 124 82 255 255 51
61 124 83 255 255 51
57 124 81 255 255 51
61 124 82 255 255 51
61 124 81 255 255 51
58 123 86 255 255 51
59 123 86 255 255 51
58 123 85 255 255 51
60 123 86 255 255 51
59 123 87 255 255 51
58 123 84 255 255 51
60 123 85 255 255 51
58 123 83 255 255 51
60 123 84 255 255 51
57 123 83 255 255 51
59 123 83 255 255 51
60 123 83 255 255 51
57 123 82 255 255 51
61 123 83 255 255 51
57 123 81 255 255 51
61 123 82 255 255 51
61 123 81 255 255 51
58 122 86 255 255 51
59 122 86 255 255 51
58 122 85 255 255 51
60 122 86 255 255 51
59 122 87 255 255 51
58 122 84 255 255 51
60 122 85 255 255 51
58 122 83 255 255 51
60 122 84 255 255 51
57 122 83 255 255 51
59 122 83 255 255 51
60 122 83 255 255 51
57 122 82 255 255 51
61 122 83 255 255 51
57 122 81 255 255 51
61 122 82 255 255 51
61 122 81 255 255 51
65 124 85 255 255 51
64 124 85 255 255 51
66 124 85 255 255 51
65 124 84 255 255 51
64 124 86 255 255 51
66 124 86 255 255 51
65 124 83 255 255 51
65 124 82 255 255 51
65 124 81 255 255 51
65 123 85 255 255 51
64 123 85 255 255 51
66 123 85 255 255 51
65 123 84 255 255 51
64 123 86 255 255 51
66 123 86 255 255 51
65 123 83 255 255 51
65 123 82 255 255 51
65 123 81 255 255 51
65 122 85 255 255 51
64 122 85 255 255 51
66 122 85 255 255 51
65 122 84 255 255 51
64 122 86 255 255 51
66 122 86 255 255 51
65 122 83 255 255 51
65 122 82 255 255 51
65 122 81 255 255 51
69 124 86 255 255 51
69 124 85 255 255 51
69 124 87 255 255 51
69 124 84 255 255 51
70 124 87 255 255 51
70 124 84 255 255 51
69 124 83 255 255 51
71 124 87 255 255 51
71 124 84 255 255 51
69 124 82 255 255 51
72 124 87 255 255 51
72 124 84 255 255 51
69 124 81 255 255 51
70 124 81 255 255 51
71 124 81 255 255 51
72 124 81 255 255 51
69 123 86 255 255 51
69 123 85 255 255 51
69 123 87 255 255 51
69 123 84 255 255 51
70 123 87 255 255 51
70 123 84 255 255 51
69 123 83 255 255 51
71 123 87 255 255 51
71 123 84 255 255 51
69 123 82 255 255 51
72 123 87 255 255 51
72 123 84 255 255 51
69 123 81 255 255 51
70 123 81 255 255 51
71 123 81 255 255 51
72 123 81 255 255 51
69 122 86 255 255 51
69 122 85 255 255 51
69 122 87 255 255 51
69 122 84 255 255 51
70 122 87 255 255 51
70 122 84 255 255 51
69 122 83 255 255 51
71 122 87 255 255 51
71 122 84 255 255 51
69 122 82 255 255 51
72 122 87 255 255 51
72 122 84 255 255 51
69 122 81 255 255 51
70 122 81 255 255 51
71 122 81 255 255 51
72 122 81 255 255 51
74 124 84 255 255 51
75 124 84 255 255 51
74 124 83 255 255 51
74 124 85 255 255 51
76 124 84 255 255 51
74 124 82 255 255 51
74 124 86 255 255 51
76 124 83 255 255 51
76 124 85 255 255 51
74 124 81 255 255 51
74 124 87 255 255 51
77 124 83 255 255 51
77 124 85 255 255 51
76 124 86 255 255 51
75 124 87 255 255 51
77 124 82 255 255 51
77 124 86 255 255 51
76 124 87 255 255 51
77 124 81 255 255 51
78 124 81 255 255 51
74 123 84 255 255 51
75 123 84 255 255 51
74 123 83 255 255 51
74 123 85 255 255 51
76 123 84 255 255 51
74 123 82 255 255 51
74 123 86 255 255 51
76 123 83 255 255 51
76 123 85 255 255 51
74 123 81 255 255 51
74 123 87 255 255 51
77 123 83 255 255 51
77 123 85 255 255 51
76 123 86 255 255 51
75 123 87 255 255 51
77 123 82 255 255 51
77 123 86 255 255 51
76 123 87 255 255 51
77 123 81 255 255 51
78 123 81 255 255 51
74 122 84 255 255 51
75 122 84 255 255 51
74 122 83 255 255 51
74 122 85 255 255 51
76 122 84 255 255 51
74 122 82 255 255 51
74 122 86 255 255 51
76 122 83 255 255 51
76 122 85 255 255 51
74 122 81 255 255 51
74 122 87 255 255 51
77 122 83 255 255 51
77 122 85 255 255 51
76 122 86 255 255 51
75 122 87 255 255 51
77 122 82 255 255 51
77 122 86 255 255 51
76 122 87 255 255 51
77 122 81 255 255 51
78 122 81 255 255 51
63 124 87 255 255 51
63 123 87 255 255 51
63 122 87 255 255 51
67 124 87 255 255 51
67 123 87 255 255 51
67 122 87 255 255 51
81 125 86 255 255 51
82 125 86 255 255 51
82 125 87 255 255 51
83 125 87 255 255 51
83 125 88 255 255 51
84 125 88 255 255 51
84 125 89 255 255 51
85 125 89 255 255 51
86 125 89 255 255 51
85 125 88 255 255 51
86 125 88 255 255 51
87 125 88 255 255 51
88 125 88 255 255 51
87 125 87 255 255 51
88 125 87 255 255 51
88 125 86 255 255 51
87 125 85 255 255 51
88 125 85 255 255 51
86 125 84 255 255 51
87 125 84 255 255 51
85 125 82 255 255 51
86 125 82 255 255 51
85 125 83 255 255 51
86 125 83 255 255 51
84 125 82 255 255 51
83 125 81 255 255 51
84 125 81 255 255 51
82 125 80 255 255 51
83 125 80 255 255 51
81 125 79 255 255 51
82 125 79 255 255 51
83 125 79 255 255 51
84 125 79 255 255 51
81 125 78 255 255 51
82 125 78 255 255 51
83 125 78 255 255 51
84 125 78 255 255 51
85 125 78 255 255 51
86 125 78 255 255 51
87 125 78 255 255 51
88 125 78 255 255 51
89 125 78 255 255 51
85 125 79 255 255 51
86 125 79 255 255 51
87 125 79 255 255 51
88 125 79 255 255 51
89 125 79 255 255 51
84 125 80 255 255 51
85 125 81 255 255 51
87 125 83 255 255 51
88 125 84 255 255 51
89 125 85 255 255 51
89 125 86 255 255 51
89 125 87 255 255 51
81 125 85 255 255 51
82 125 85 255 255 51
83 125 86 255 255 51
84 125 87 255 255 51
85 124 88 255 255 51
84 124 88 255 255 51
86 124 88 255 255 51
85 124 89 255 255 51
83 124 88 255 255 51
84 124 87 255 255 51
84 124 89 255 255 51
87 124 88 255 255 51
86 124 89 255 255 51
83 124 87 255 255 51
88 124 88 255 255 51
87 124 87 255 255 51
82 124 87 255 255 51
83 124 86 255 255 51
88 124 87 255 255 51
82 124 86 255 255 51
89 124 87 255 255 51
88 124 86 255 255 51
81 124 86 255 255 51
82 124 85 255 255 51
89 124 86 255 255 51
88 124 85 255 255 51
81 124 85 255 255 51
89 124 85 255 255 51
87 124 85 255 255 51
88 124 84 255 255 51
87 124 84 255 255 51
86 124 84 255 255 51
87 124 83 255 255 51
86 124 83 255 255 51
85 124 83 255 255 51
86 124 82 255 255 51
85 124 82 255 255 51
84 124 82 255 255 51
85 124 81 255 255 51
84 124 81 255 255 51
83 124 81 255 255 51
84 124 80 255 255 51
83 124 80 255 255 51
84 124 79 255 255 51
82 124 80 255 255 51
83 124 79 255 255 51
85 124 79 255 255 51
84 124 78 255 255 51
82 124 79 255 255 51
83 124 78 255 255 51
86 124 79 255 255 51
85 124 78 255 255 51
81 124 79 255 255 51
82 124 78 255 255 51
87 124 79 255 255 51
86 124 78 255 255 51
81 124 78 255 255 51
88 124 79 255 255 51
87 124 78 255 255 51
89 124 79 255 255 51
88 124 78 255 255 51
89 124 78 255 255 51
85 123 88 255 255 51
84 123 88 255 255 51
86 123 88 255 255 51
85 123 89 255 255 51
83 123 88 255 255 51
84 123 87 255 255 51
84 123 89 255 255 51
87 123 88 255 255 51
86 123 89 255 255 51
83 123 87 255 255 51
88 123 88 255 255 51
87 123 87 255 255 51
82 123 87 255 255 51
83 123 86 255 255 51
88 123 87 255 255 51
82 123 86 255 255 51
89 123 87 255 255 51
88 123 86 255 255 51
81 123 86 255 255 51
82 123 85 255 255 51
89 123 86 255 255 51
88 123 85 255 255 51
81 123 85 255 255 51
89 123 85 255 255 51
87 123 85 255 255 51
88 123 84 255 255 51
87 123 84 255 255 51
86 123 84 255 255 51
87 123 83 255 255 51
86 123 83 255 255 51
85 123 83 255 255 51
86 123 82 255 255 51
85 123 82 255 255 51
84 123 82 255 255 51
85 123 81 255 255 51
84 123 81 255 255 51
83 123 81 255 255 51
84 123 80 255 255 51
83 123 80 255 255 51
84 123 79 255 255 51
82 123 80 255 255 51
83 123 79 255 255 51
85 123 79 255 255 51
84 123 78 255 255 51
82 123 79 255 255 51
83 123 78 255 255 51
86 123 79 255 255 51
85 123 78 255 255 51
81 123 79 255 255 51
82 123 78 255 255 51
87 123 79 255 255 51
86 123 78 255 255 51
81 123 78 255 255 51
88 123 79 255 255 51
87 123 78 255 255 51
89 123 79 255 255 51
88 123 78 255 255 51
89 123 78 255 255 51
85 122 89 255 255 51
84 122 89 255 255 51
86 122 89 255 255 51
85 122 88 255 255 51
84 122 88 255 255 51
86 122 88 255 255 51
83 122 88 255 255 51
84 122 87 255 255 51
87 122 88 255 255 51
83 122 87 255 255 51
88 122 88 255 255 51
87 122 87 255 255 51
82 122 87 255 255 51
83 122 86 255 255 51
88 122 87 255 255 51
82 122 86 255 255 51
89 122 87 255 255 51
88 122 86 255 255 51
81 122 86 255 255 51
82 122 85 255 255 51
89 122 86 255 255 51
88 122 85 255 255 51
81 122 85 255 255 51
89 122 85 255 255 51
87 122 85 255 255 51
88 122 84 255 255 51
87 122 84 255 255 51
86 122 84 255 255 51
87 122 83 255 255 51
86 122 83 255 255 51
85 122 83 255 255 51
86 122 82 255 255 51
85 122 82 255 255 51
84 122 82 255 255 51
85 122 81 255 255 51
84 122 81 255 255 51
83 122 81 255 255 51
84 122 80 255 255 51
83 122 80 255 255 51
84 122 79 255 255 51
82 122 80 255 255 51
83 122 79 255 255 51
85 122 79 255 255 51
84 122 78 255 255 51
82 122 79 255 255 51
83 122 78 255 255 51
86 122 79 255 255 51
85 122 78 255 255 51
81 122 79 255 255 51
82 122 78 255 255 51
87 122 79 255 255 51
86 122 78 255 255 51
81 122 78 255 255 51
88 122 79 255 255 51
87 122 78 255 255 51
89 122 79 255 255 51
88 122 78 255 255 51
89 122 78 255 255 51
