ply
format ascii 1.0
comment : MagicaVoxel @ Ephtracy
element vertex 4977
property float x
property float z
property float y
property uchar red
property uchar green
property uchar blue
origin 20 40 20
explode
end_header
20 32 53 0 0 119
20 31 53 0 0 119
20 30 53 0 0 119
21 29 53 0 0 119
20 29 53 221 0 0
21 28 53 0 0 119
20 28 53 221 0 0
21 27 53 0 0 119
20 27 53 221 0 0
21 26 53 0 0 119
20 26 53 221 0 0
21 25 53 0 0 119
20 25 53 221 0 0
21 24 53 0 0 119
20 24 53 221 0 0
21 23 53 0 0 119
20 23 53 221 0 0
21 22 53 0 0 119
20 22 53 221 0 0
21 21 53 170 170 170
20 21 53 0 0 119
21 20 53 0 0 119
20 20 53 0 0 119
21 19 53 0 0 119
20 19 53 0 0 119
21 18 53 0 0 119
20 18 53 0 0 119
21 17 53 170 170 170
20 17 53 0 0 119
21 16 53 0 0 119
20 16 53 221 0 0
21 15 53 0 0 119
20 15 53 221 0 0
21 14 53 0 0 119
20 14 53 221 0 0
18 1 40 0 0 119
21 13 53 0 0 119
20 13 53 221 0 0
21 12 53 0 0 119
20 12 53 221 0 0
21 11 53 0 0 119
20 11 53 221 0 0
21 10 53 0 0 119
20 10 53 221 0 0
21 9 53 0 0 119
20 9 53 221 0 0
20 8 53 0 0 119
20 7 53 0 0 119
20 6 53 0 0 119
20 32 52 0 0 119
20 31 52 0 0 119
21 30 52 0 0 119
20 30 52 221 0 0
21 29 52 0 0 119
20 29 52 221 0 0
21 28 52 0 0 119
20 28 52 221 0 0
19 9 48 0 0 119
21 27 52 0 0 119
18 5 48 221 0 0
20 27 52 221 0 0
21 26 52 0 0 119
19 1 41 0 0 119
20 26 52 221 0 0
20 2 41 0 0 119
21 25 52 0 0 119
20 1 42 0 0 119
20 25 52 221 0 0
18 2 41 0 0 119
21 24 52 0 0 119
18 1 42 0 0 119
20 24 52 221 0 0
19 1 40 0 0 119
19 9 47 0 0 119
19 8 48 0 0 119
19 10 48 0 0 119
21 23 52 0 0 119
20 23 52 221 0 0
21 22 52 170 170 170
20 22 52 0 0 119
21 21 52 170 170 170
20 21 52 0 0 119
21 20 52 0 0 119
20 20 52 0 0 119
21 19 52 0 0 119
20 19 52 0 0 119
21 18 52 170 170 170
20 18 52 0 0 119
21 17 52 170 170 170
20 17 52 0 0 119
19 9 46 0 0 119
19 8 47 0 0 119
19 10 47 0 0 119
19 7 48 0 0 119
19 11 48 0 0 119
21 16 52 170 170 170
20 16 52 0 0 119
21 15 52 0 0 119
20 15 52 221 0 0
21 14 52 170 170 170
20 14 52 221 0 0
18 5 47 221 0 0
21 13 52 0 0 119
20 13 52 221 0 0
20 2 40 0 0 119
21 12 52 0 0 119
20 1 39 0 0 119
20 12 52 221 0 0
18 2 40 0 0 119
19 9 45 0 0 119
19 8 46 0 0 119
19 10 46 0 0 119
19 7 47 0 0 119
19 11 47 0 0 119
19 6 48 0 0 119
19 12 48 0 0 119
21 11 52 0 0 119
18 1 39 0 0 119
20 11 52 221 0 0
19 2 41 0 0 119
21 10 52 0 0 119
19 1 42 0 0 119
20 10 52 221 0 0
21 9 52 0 0 119
20 9 52 221 0 0
21 8 52 0 0 119
20 8 52 221 0 0
20 7 52 0 0 119
20 6 52 0 0 119
19 9 44 0 0 119
19 8 45 0 0 119
19 10 45 0 0 119
19 7 46 0 0 119
19 11 46 0 0 119
19 6 47 0 0 119
19 12 47 0 0 119
19 5 48 0 0 119
19 13 48 0 0 119
20 32 51 0 0 119
21 31 51 0 0 119
20 31 51 221 0 0
21 30 51 0 0 119
20 30 51 221 0 0
21 29 51 0 0 119
20 29 51 221 0 0
21 28 51 0 0 119
20 28 51 221 0 0
21 27 51 0 0 119
20 27 51 221 0 0
21 26 51 0 0 119
19 9 43 0 0 119
19 8 44 0 0 119
19 10 44 0 0 119
19 7 45 0 0 119
19 11 45 0 0 119
19 6 46 0 0 119
19 12 46 0 0 119
19 5 47 0 0 119
19 13 47 0 0 119
19 4 48 0 0 119
19 14 48 0 0 119
20 26 51 221 0 0
18 5 46 221 0 0
21 25 51 170 170 170
20 25 51 221 0 0
21 24 51 170 170 170
20 24 51 221 0 0
20 2 42 0 0 119
21 23 51 0 0 119
20 1 43 0 0 119
20 23 51 0 0 119
21 22 51 136 136 136
20 22 51 0 0 119
19 9 42 0 0 119
19 8 43 0 0 119
19 10 43 0 0 119
19 7 44 0 0 119
19 11 44 0 0 119
19 6 45 0 0 119
19 12 45 0 0 119
19 5 46 0 0 119
19 13 46 0 0 119
19 4 47 0 0 119
19 14 47 0 0 119
21 21 51 136 136 136
19 15 48 0 0 119
20 21 51 221 0 0
21 20 51 136 136 136
20 20 51 0 0 119
21 19 51 136 136 136
20 19 51 0 0 119
21 18 51 136 136 136
20 18 51 0 0 119
21 17 51 136 136 136
20 17 51 221 0 0
21 16 51 136 136 136
20 16 51 0 0 119
19 9 41 0 0 119
19 8 42 0 0 119
19 10 42 0 0 119
19 7 43 0 0 119
19 11 43 0 0 119
19 6 44 0 0 119
19 12 44 0 0 119
19 5 45 0 0 119
19 13 45 0 0 119
19 4 46 0 0 119
19 14 46 0 0 119
21 15 51 170 170 170
19 15 47 0 0 119
20 15 51 0 0 119
21 14 51 170 170 170
20 14 51 221 0 0
21 13 51 0 0 119
20 13 51 221 0 0
21 12 51 170 170 170
18 5 45 221 0 0
20 12 51 221 0 0
21 11 51 0 0 119
20 11 51 221 0 0
21 10 51 0 0 119
18 2 42 0 0 119
19 9 40 0 0 119
19 8 41 0 0 119
19 10 41 0 0 119
19 7 42 0 0 119
19 11 42 0 0 119
19 6 43 0 0 119
19 12 43 0 0 119
19 5 44 0 0 119
19 13 44 0 0 119
19 4 45 0 0 119
19 14 45 0 0 119
20 10 51 221 0 0
19 15 46 0 0 119
18 1 43 0 0 119
21 9 51 0 0 119
20 9 51 221 0 0
21 8 51 0 0 119
20 8 51 221 0 0
21 7 51 0 0 119
20 7 51 221 0 0
20 6 51 0 0 119
21 32 50 0 0 119
20 32 50 221 0 0
21 31 50 0 0 119
20 31 50 221 0 0
21 30 50 0 0 119
20 30 50 221 0 0
19 9 39 0 0 119
19 8 40 0 0 119
19 10 40 0 0 119
19 7 41 0 0 119
19 11 41 0 0 119
19 6 42 0 0 119
19 12 42 0 0 119
19 5 43 0 0 119
19 13 43 0 0 119
19 4 44 0 0 119
19 14 44 0 0 119
21 29 50 0 0 119
19 15 45 0 0 119
20 29 50 221 0 0
21 28 50 0 0 119
20 28 50 221 0 0
21 27 50 170 170 170
20 27 50 0 0 119
21 26 50 0 0 119
20 26 50 0 0 119
21 25 50 170 170 170
18 5 44 221 0 0
20 25 50 0 0 119
21 24 50 136 136 136
20 24 50 0 0 119
21 23 50 136 136 136
20 23 50 0 0 119
19 9 38 0 0 119
19 8 39 0 0 119
19 10 39 0 0 119
19 7 40 0 0 119
19 11 40 0 0 119
19 6 41 0 0 119
19 12 41 0 0 119
19 5 42 0 0 119
19 13 42 0 0 119
19 4 43 0 0 119
19 14 43 0 0 119
21 22 50 136 136 136
19 15 44 221 0 0
20 22 50 0 0 119
21 21 50 136 136 136
20 21 50 0 0 119
21 20 50 221 0 0
20 20 50 0 0 119
21 19 50 136 136 136
20 19 50 0 0 119
21 18 50 136 136 136
20 18 50 0 0 119
21 17 50 136 136 136
20 17 50 0 0 119
21 16 50 136 136 136
20 16 50 0 0 119
21 15 50 136 136 136
19 9 37 0 0 119
19 8 38 0 0 119
19 10 38 0 0 119
19 7 39 0 0 119
19 11 39 0 0 119
19 6 40 0 0 119
19 12 40 0 0 119
19 5 41 0 0 119
19 13 41 0 0 119
19 4 42 0 0 119
19 14 42 0 0 119
20 15 50 0 0 119
19 15 43 221 0 0
21 14 50 136 136 136
20 14 50 0 0 119
21 13 50 170 170 170
20 13 50 0 0 119
21 12 50 170 170 170
20 12 50 0 0 119
18 5 43 221 0 0
21 11 50 0 0 119
20 11 50 221 0 0
21 10 50 0 0 119
20 10 50 221 0 0
21 9 50 0 0 119
20 9 50 221 0 0
21 8 50 0 0 119
19 9 36 0 0 119
19 8 37 0 0 119
19 10 37 0 0 119
19 7 38 0 0 119
19 11 38 0 0 119
19 6 39 0 0 119
19 12 39 0 0 119
19 5 40 0 0 119
19 13 40 0 0 119
19 4 41 0 0 119
19 14 41 0 0 119
20 8 50 221 0 0
19 15 42 221 0 0
21 7 50 0 0 119
20 7 50 221 0 0
21 6 50 0 0 119
20 6 50 221 0 0
21 32 49 0 0 119
20 32 49 221 0 0
21 31 49 0 0 119
20 31 49 221 0 0
21 30 49 0 0 119
20 30 49 221 0 0
21 29 49 0 0 119
20 29 49 221 0 0
21 28 49 0 0 119
20 28 49 221 0 0
21 27 49 170 170 170
20 27 49 0 0 119
19 9 35 0 0 119
19 8 36 0 0 119
19 10 36 0 0 119
19 7 37 0 0 119
19 11 37 0 0 119
19 6 38 0 0 119
19 12 38 0 0 119
19 5 39 0 0 119
19 13 39 0 0 119
19 4 40 0 0 119
19 14 40 0 0 119
21 26 49 170 170 170
19 15 41 221 0 0
20 26 49 0 0 119
21 25 49 136 136 136
20 25 49 0 0 119
21 24 49 136 136 136
20 24 49 0 0 119
21 23 49 136 136 136
20 23 49 0 0 119
17 5 42 0 0 119
18 5 42 221 0 0
21 22 49 136 136 136
20 22 49 0 0 119
21 21 49 221 0 0
20 21 49 0 0 119
21 20 49 238 238 238
20 20 49 0 0 119
21 19 49 119 119 119
20 19 49 0 0 119
19 9 34 0 0 119
19 8 35 0 0 119
19 10 35 0 0 119
19 7 36 0 0 119
19 11 36 0 0 119
19 6 37 0 0 119
19 12 37 0 0 119
19 5 38 0 0 119
19 13 38 0 0 119
19 4 39 0 0 119
19 14 39 0 0 119
21 18 49 119 119 119
19 15 40 221 0 0
20 18 49 0 0 119
21 17 49 119 119 119
20 17 49 0 0 119
21 16 49 136 136 136
20 16 49 0 0 119
21 15 49 136 136 136
20 15 49 0 0 119
21 14 49 136 136 136
20 14 49 0 0 119
21 13 49 136 136 136
20 13 49 0 0 119
21 12 49 170 170 170
20 12 49 0 0 119
21 11 49 0 0 119
20 11 49 221 0 0
21 10 49 170 170 170
20 10 49 221 0 0
21 9 49 0 0 119
19 9 33 0 0 119
19 8 34 0 0 119
19 10 34 0 0 119
19 7 35 0 0 119
19 11 35 0 0 119
19 6 36 0 0 119
19 12 36 0 0 119
19 5 37 0 0 119
19 13 37 0 0 119
19 4 38 0 0 119
19 14 38 0 0 119
20 9 49 221 0 0
19 15 39 221 0 0
21 8 49 0 0 119
20 8 49 221 0 0
21 7 49 0 0 119
20 7 49 221 0 0
21 6 49 0 0 119
20 6 49 221 0 0
21 32 48 0 0 119
20 32 48 221 0 0
18 5 41 221 0 0
21 31 48 0 0 119
20 31 48 221 0 0
21 30 48 0 0 119
20 30 48 221 0 0
20 1 41 0 0 119
21 29 48 0 0 119
18 1 41 0 0 119
20 29 48 221 0 0
19 9 32 221 0 0
19 8 33 0 0 119
19 10 33 0 0 119
19 7 34 0 0 119
19 11 34 0 0 119
19 6 35 0 0 119
19 12 35 0 0 119
19 5 36 0 0 119
19 13 36 0 0 119
19 4 37 0 0 119
19 14 37 0 0 119
20 1 40 0 0 119
19 15 38 221 0 0
21 28 48 0 0 119
20 28 48 221 0 0
21 27 48 0 0 119
20 27 48 0 0 119
21 26 48 136 136 136
20 26 48 0 0 119
21 25 48 136 136 136
20 25 48 0 0 119
21 24 48 136 136 136
20 24 48 0 0 119
21 23 48 119 119 119
20 23 48 0 0 119
21 22 48 119 119 119
20 22 48 0 0 119
21 21 48 119 119 119
20 21 48 0 0 119
21 20 48 221 0 0
20 20 48 0 0 119
21 19 48 238 238 238
19 8 32 221 0 0
19 10 32 221 0 0
19 7 33 0 0 119
19 11 33 0 0 119
19 6 34 0 0 119
19 12 34 0 0 119
19 5 35 0 0 119
19 13 35 0 0 119
19 4 36 0 0 119
19 14 36 0 0 119
20 19 48 0 0 119
19 15 37 221 0 0
21 18 48 119 119 119
20 18 48 0 0 119
21 17 48 119 119 119
20 17 48 0 0 119
21 16 48 119 119 119
20 16 48 0 0 119
18 5 40 221 0 0
21 15 48 119 119 119
20 15 48 0 0 119
21 14 48 136 136 136
20 14 48 0 0 119
21 13 48 136 136 136
20 13 48 0 0 119
21 12 48 136 136 136
20 12 48 0 0 119
21 11 48 170 170 170
20 11 48 221 0 0
21 10 48 170 170 170
20 10 48 221 0 0
21 9 48 0 0 119
20 9 48 221 0 0
21 8 48 0 0 119
19 7 32 221 0 0
19 11 32 221 0 0
19 6 33 0 0 119
19 12 33 0 0 119
19 5 34 0 0 119
19 13 34 0 0 119
19 4 35 0 0 119
19 14 35 0 0 119
20 8 48 221 0 0
19 15 36 221 0 0
21 7 48 0 0 119
20 7 48 221 0 0
21 6 48 0 0 119
20 6 48 221 0 0
21 32 47 0 0 119
20 32 47 221 0 0
21 31 47 0 0 119
20 31 47 221 0 0
21 30 47 0 0 119
20 30 47 221 0 0
21 29 47 170 170 170
20 29 47 221 0 0
21 28 47 170 170 170
20 28 47 221 0 0
21 27 47 136 136 136
20 27 47 0 0 119
21 26 47 136 136 136
17 5 39 0 0 119
18 5 39 221 0 0
20 26 47 0 0 119
21 25 47 119 119 119
20 25 47 0 0 119
21 24 47 119 119 119
20 24 47 0 0 119
21 23 47 119 119 119
19 6 32 221 0 0
19 12 32 221 0 0
19 5 33 0 0 119
19 13 33 0 0 119
19 4 34 0 0 119
19 14 34 0 0 119
20 23 47 0 0 119
19 15 35 221 0 0
21 22 47 119 119 119
20 22 47 0 0 119
21 21 47 119 119 119
20 21 47 0 0 119
21 20 47 119 119 119
20 20 47 0 0 119
21 19 47 238 238 238
20 19 47 0 0 119
21 18 47 119 119 119
20 18 47 0 0 119
21 17 47 119 119 119
20 17 47 0 0 119
21 16 47 119 119 119
20 16 47 0 0 119
21 15 47 119 119 119
20 15 47 0 0 119
21 14 47 119 119 119
20 14 47 0 0 119
21 13 47 119 119 119
20 13 47 0 0 119
21 12 47 136 136 136
20 12 47 0 0 119
21 11 47 136 136 136
20 11 47 221 0 0
21 10 47 170 170 170
20 10 47 221 0 0
21 9 47 0 0 119
19 5 32 221 0 0
19 13 32 221 0 0
19 4 33 0 0 119
19 14 33 0 0 119
20 9 47 221 0 0
19 15 34 221 0 0
21 8 47 0 0 119
19 16 35 0 0 119
20 8 47 221 0 0
21 7 47 0 0 119
20 7 47 221 0 0
21 6 47 0 0 119
20 6 47 221 0 0
18 5 38 221 0 0
21 32 46 0 0 119
20 32 46 221 0 0
21 31 46 0 0 119
20 31 46 221 0 0
21 30 46 0 0 119
20 30 46 221 0 0
21 29 46 0 0 119
20 29 46 221 0 0
21 28 46 136 136 136
20 28 46 221 0 0
21 27 46 136 136 136
20 27 46 0 0 119
21 26 46 136 136 136
20 26 46 0 0 119
21 25 46 119 119 119
20 25 46 0 0 119
21 24 46 119 119 119
20 24 46 0 0 119
21 23 46 119 119 119
20 23 46 0 0 119
21 22 46 119 119 119
20 22 46 0 0 119
19 4 32 221 0 0
19 14 32 221 0 0
21 21 46 17 17 17
19 15 33 221 0 0
20 21 46 0 0 119
19 16 34 0 0 119
19 17 35 0 0 119
21 20 46 17 17 17
20 20 46 0 0 119
21 19 46 17 17 17
20 19 46 0 0 119
21 18 46 17 17 17
20 18 46 0 0 119
21 17 46 17 17 17
20 17 46 0 0 119
21 16 46 119 119 119
20 16 46 0 0 119
21 15 46 119 119 119
20 15 46 0 0 119
21 14 46 119 119 119
20 14 46 0 0 119
18 5 37 221 0 0
21 13 46 119 119 119
20 13 46 0 0 119
21 12 46 136 136 136
20 12 46 0 0 119
21 11 46 136 136 136
20 11 46 221 0 0
21 10 46 136 136 136
20 10 46 221 0 0
21 9 46 170 170 170
20 9 46 221 0 0
21 8 46 0 0 119
20 8 46 221 0 0
21 7 46 0 0 119
20 7 46 221 0 0
19 15 32 221 0 0
21 6 46 0 0 119
19 16 33 0 0 119
19 17 34 0 0 119
19 18 35 0 0 119
20 6 46 221 0 0
21 32 45 0 0 119
20 32 45 221 0 0
21 31 45 0 0 119
20 31 45 221 0 0
21 30 45 170 170 170
20 30 45 221 0 0
21 29 45 170 170 170
20 29 45 221 0 0
21 28 45 136 136 136
20 28 45 221 0 0
21 27 45 136 136 136
20 27 45 0 0 119
21 26 45 119 119 119
20 26 45 0 0 119
21 25 45 119 119 119
20 25 45 0 0 119
21 24 45 119 119 119
20 24 45 0 0 119
21 23 45 119 119 119
20 23 45 0 0 119
21 22 45 17 17 17
20 22 45 0 0 119
21 21 45 17 17 17
20 21 45 0 0 119
21 20 45 17 17 17
20 20 45 0 0 119
21 19 45 17 17 17
19 16 32 0 0 119
19 17 33 0 0 119
19 18 34 0 0 119
19 19 35 0 0 119
20 19 45 0 0 119
18 5 36 221 0 0
21 18 45 17 17 17
20 18 45 0 0 119
21 17 45 17 17 17
20 17 45 0 0 119
21 16 45 17 17 17
20 16 45 0 0 119
21 15 45 119 119 119
20 15 45 0 0 119
21 14 45 119 119 119
20 14 45 0 0 119
21 13 45 119 119 119
20 13 45 0 0 119
21 12 45 119 119 119
20 12 45 0 0 119
21 11 45 136 136 136
20 11 45 221 0 0
21 10 45 136 136 136
20 10 45 221 0 0
21 9 45 170 170 170
20 9 45 221 0 0
21 8 45 170 170 170
20 8 45 221 0 0
19 16 31 0 0 119
19 17 32 0 0 119
19 18 33 0 0 119
19 19 34 0 0 119
19 20 35 0 0 119
21 7 45 0 0 119
20 7 45 221 0 0
21 6 45 0 0 119
20 6 45 221 0 0
21 32 44 0 0 119
20 32 44 221 0 0
21 31 44 0 0 119
20 31 44 221 0 0
21 30 44 0 0 119
20 30 44 221 0 0
21 29 44 136 136 136
20 29 44 221 0 0
21 28 44 136 136 136
20 28 44 221 0 0
21 27 44 136 136 136
20 27 44 0 0 119
21 26 44 119 119 119
20 26 44 0 0 119
18 5 35 221 0 0
21 25 44 119 119 119
20 25 44 0 0 119
19 16 30 221 0 0
19 17 31 0 0 119
19 18 32 0 0 119
19 19 33 0 0 119
19 20 34 0 0 119
19 21 35 0 0 119
21 24 44 119 119 119
20 24 44 0 0 119
21 23 44 17 17 17
20 23 44 0 0 119
21 22 44 17 17 17
20 22 44 0 0 119
21 21 44 17 17 17
20 21 44 0 0 119
21 20 44 17 17 17
20 20 44 0 0 119
21 19 44 17 17 17
20 19 44 0 0 119
21 18 44 17 17 17
20 18 44 0 0 119
21 17 44 238 238 238
20 17 44 0 0 119
21 16 44 238 238 238
20 16 44 0 0 119
21 15 44 17 17 17
20 15 44 0 0 119
19 16 29 221 0 0
19 17 30 221 0 0
19 18 31 0 0 119
19 19 32 0 0 119
19 20 33 0 0 119
19 21 34 0 0 119
19 22 35 0 0 119
21 14 44 119 119 119
20 14 44 0 0 119
21 13 44 119 119 119
20 13 44 0 0 119
21 12 44 119 119 119
20 12 44 0 0 119
21 11 44 136 136 136
20 11 44 221 0 0
21 10 44 136 136 136
20 10 44 221 0 0
21 9 44 136 136 136
20 9 44 221 0 0
21 8 44 0 0 119
20 8 44 221 0 0
21 7 44 0 0 119
20 7 44 221 0 0
21 6 44 0 0 119
20 6 44 221 0 0
19 16 28 221 0 0
19 17 29 221 0 0
19 18 30 221 0 0
19 19 31 0 0 119
19 20 32 0 0 119
19 21 33 0 0 119
19 22 34 0 0 119
19 23 35 0 0 119
21 32 43 0 0 119
18 5 34 221 0 0
20 32 43 221 0 0
21 31 43 170 170 170
20 31 43 221 0 0
21 30 43 170 170 170
20 30 43 221 0 0
21 29 43 136 136 136
20 29 43 221 0 0
21 28 43 136 136 136
20 28 43 221 0 0
21 27 43 119 119 119
20 27 43 0 0 119
21 26 43 119 119 119
20 26 43 0 0 119
21 25 43 119 119 119
20 25 43 0 0 119
19 16 27 221 0 0
19 17 28 221 0 0
19 18 29 221 0 0
19 19 30 221 0 0
19 20 31 0 0 119
19 21 32 0 0 119
19 22 33 0 0 119
19 23 34 0 0 119
19 24 35 0 0 119
21 24 43 17 17 17
20 24 43 0 0 119
21 23 43 17 17 17
20 23 43 0 0 119
21 22 43 17 17 17
20 22 43 0 0 119
21 21 43 17 17 17
20 21 43 0 0 119
21 20 43 17 17 17
20 20 43 0 0 119
21 19 43 17 17 17
20 19 43 0 0 119
21 18 43 17 17 17
20 18 43 0 0 119
21 17 43 17 17 17
20 17 43 0 0 119
19 16 26 0 0 119
19 17 27 221 0 0
19 18 28 221 0 0
19 19 29 221 0 0
19 20 30 221 0 0
19 21 31 0 0 119
19 22 32 0 0 119
19 23 33 0 0 119
19 24 34 0 0 119
19 25 35 0 0 119
21 16 43 238 238 238
20 16 43 0 0 119
21 15 43 17 17 17
20 15 43 0 0 119
21 14 43 17 17 17
20 14 43 0 0 119
21 13 43 119 119 119
20 13 43 0 0 119
21 12 43 119 119 119
20 12 43 0 0 119
21 11 43 119 119 119
18 5 33 221 0 0
20 11 43 221 0 0
21 10 43 136 136 136
20 10 43 221 0 0
19 16 25 0 0 119
19 17 26 0 0 119
19 18 27 221 0 0
19 19 28 221 0 0
19 20 29 221 0 0
19 21 30 221 0 0
19 22 31 0 0 119
19 23 32 0 0 119
19 24 33 0 0 119
19 25 34 0 0 119
19 26 35 0 0 119
21 9 43 136 136 136
20 9 43 221 0 0
21 8 43 170 170 170
20 8 43 221 0 0
21 7 43 170 170 170
20 7 43 221 0 0
21 6 43 0 0 119
20 6 43 221 0 0
21 32 42 0 0 119
20 32 42 221 0 0
21 31 42 0 0 119
20 31 42 221 0 0
21 30 42 170 170 170
20 30 42 221 0 0
21 29 42 136 136 136
19 17 25 0 0 119
19 18 26 0 0 119
19 19 27 221 0 0
19 20 28 221 0 0
19 21 29 221 0 0
19 22 30 221 0 0
19 23 31 0 0 119
19 24 32 0 0 119
19 25 33 0 0 119
19 26 34 0 0 119
20 29 42 221 0 0
21 28 42 136 136 136
20 28 42 221 0 0
21 27 42 119 119 119
20 27 42 0 0 119
21 26 42 119 119 119
20 26 42 0 0 119
21 25 42 119 119 119
20 25 42 0 0 119
18 5 32 221 0 0
21 24 42 17 17 17
20 24 42 0 0 119
21 23 42 17 17 17
20 23 42 0 0 119
19 18 25 0 0 119
19 19 26 0 0 119
19 20 27 221 0 0
19 21 28 221 0 0
19 22 29 221 0 0
19 23 30 221 0 0
19 24 31 0 0 119
19 25 32 0 0 119
19 26 33 0 0 119
21 22 42 17 17 17
20 22 42 0 0 119
21 21 42 17 17 17
20 21 42 0 0 119
21 20 42 17 17 17
20 20 42 0 0 119
21 19 42 17 17 17
20 19 42 0 0 119
21 18 42 17 17 17
20 18 42 0 0 119
21 17 42 17 17 17
20 17 42 0 0 119
21 16 42 17 17 17
20 16 42 0 0 119
19 19 25 0 0 119
19 20 26 0 0 119
19 21 27 221 0 0
19 22 28 221 0 0
19 23 29 221 0 0
19 24 30 221 0 0
19 25 31 0 0 119
19 26 32 0 0 119
21 15 42 17 17 17
20 15 42 0 0 119
21 14 42 17 17 17
20 14 42 0 0 119
21 13 42 119 119 119
20 13 42 0 0 119
21 12 42 119 119 119
20 12 42 0 0 119
21 11 42 119 119 119
20 11 42 221 0 0
21 10 42 136 136 136
20 10 42 221 0 0
21 9 42 136 136 136
20 9 42 221 0 0
19 20 25 0 0 119
19 21 26 0 0 119
19 22 27 221 0 0
19 23 28 221 0 0
19 24 29 221 0 0
19 25 30 221 0 0
19 26 31 0 0 119
21 8 42 170 170 170
20 8 42 221 0 0
21 7 42 0 0 119
20 7 42 221 0 0
21 6 42 0 0 119
20 6 42 221 0 0
21 32 41 0 0 119
20 32 41 221 0 0
21 31 41 0 0 119
20 31 41 221 0 0
21 30 41 0 0 119
20 30 41 221 0 0
21 29 41 136 136 136
20 29 41 221 0 0
19 21 25 0 0 119
19 22 26 0 0 119
19 23 27 221 0 0
19 24 28 221 0 0
19 25 29 221 0 0
19 26 30 221 0 0
21 28 41 136 136 136
20 28 41 221 0 0
21 27 41 119 119 119
20 27 41 0 0 119
21 26 41 119 119 119
20 26 41 0 0 119
21 25 41 119 119 119
20 25 41 0 0 119
21 24 41 17 17 17
20 24 41 0 0 119
21 23 41 17 17 17
20 23 41 0 0 119
21 22 41 17 17 17
20 22 41 0 0 119
19 22 25 0 0 119
19 23 26 0 0 119
19 24 27 221 0 0
19 25 28 221 0 0
19 26 29 221 0 0
21 21 41 17 17 17
20 21 41 0 0 119
21 20 41 17 17 17
20 20 41 0 0 119
21 19 41 17 17 17
20 19 41 0 0 119
21 18 41 17 17 17
20 18 41 0 0 119
21 17 41 17 17 17
20 17 41 0 0 119
21 16 41 17 17 17
20 16 41 0 0 119
21 15 41 17 17 17
20 15 41 0 0 119
19 23 25 0 0 119
19 24 26 0 0 119
19 25 27 221 0 0
19 26 28 221 0 0
21 14 41 17 17 17
20 14 41 0 0 119
21 13 41 119 119 119
20 13 41 0 0 119
21 12 41 119 119 119
20 12 41 0 0 119
21 11 41 119 119 119
20 11 41 221 0 0
21 10 41 136 136 136
20 10 41 221 0 0
21 33 48 0 0 119
21 23 26 0 0 119
21 3 44 0 0 119
21 35 43 0 0 119
19 24 25 0 0 119
19 25 26 0 0 119
19 26 27 221 0 0
21 5 45 0 0 119
21 33 44 0 0 119
21 34 44 0 0 119
21 34 43 0 0 119
21 33 43 0 0 119
21 5 43 0 0 119
21 5 47 0 0 119
21 34 42 0 0 119
21 33 42 0 0 119
21 4 43 0 0 119
21 4 44 0 0 119
21 5 44 0 0 119
21 34 41 0 0 119
21 33 41 0 0 119
19 25 25 0 0 119
19 26 26 0 0 119
21 5 48 0 0 119
21 34 40 0 0 119
21 23 54 0 0 119
21 3 43 0 0 119
21 35 42 0 0 119
21 23 55 0 0 119
21 33 40 0 0 119
21 34 39 0 0 119
21 33 39 0 0 119
21 34 38 0 0 119
21 33 38 0 0 119
21 15 55 0 0 119
21 5 35 0 0 119
21 15 54 0 0 119
19 26 25 0 0 119
21 22 54 0 0 119
21 22 55 0 0 119
21 5 42 0 0 119
21 34 37 0 0 119
21 33 47 0 0 119
21 33 37 0 0 119
21 3 42 0 0 119
21 35 41 0 0 119
21 5 34 0 0 119
21 4 42 0 0 119
21 34 36 0 0 119
21 33 36 0 0 119
21 5 33 0 0 119
19 17 50 0 0 119
19 16 49 0 0 119
19 15 31 0 0 119
19 14 30 0 0 119
19 13 29 0 0 119
21 23 27 0 0 119
18 33 45 221 0 0
19 12 28 0 0 119
21 23 28 0 0 119
19 11 27 0 0 119
17 15 55 0 0 119
18 33 44 221 0 0
19 10 26 0 0 119
19 9 25 0 0 119
20 10 25 0 0 119
18 10 25 0 0 119
18 33 46 221 0 0
20 26 57 0 0 119
18 34 45 221 0 0
18 26 57 0 0 119
19 25 57 0 0 119
20 25 56 0 0 119
18 25 56 0 0 119
18 33 43 221 0 0
19 24 56 0 0 119
18 34 44 221 0 0
19 23 55 0 0 119
21 22 25 0 0 119
19 22 54 0 0 119
21 22 26 0 0 119
18 33 47 221 0 0
19 21 53 0 0 119
18 34 46 221 0 0
21 22 27 0 0 119
19 20 52 0 0 119
19 19 51 0 0 119
21 4 36 0 0 119
19 18 50 0 0 119
21 5 36 0 0 119
18 33 42 221 0 0
19 17 49 0 0 119
18 34 43 221 0 0
21 22 28 0 0 119
18 35 44 221 0 0
19 16 48 0 0 119
17 14 54 0 0 119
19 15 30 0 0 119
21 23 25 0 0 119
18 33 48 221 0 0
19 14 29 0 0 119
19 13 28 0 0 119
19 12 27 0 0 119
21 35 44 0 0 119
19 11 26 0 0 119
21 4 45 0 0 119
19 10 25 0 0 119
20 11 25 0 0 119
20 10 24 0 0 119
18 11 25 0 0 119
18 33 41 221 0 0
18 10 24 0 0 119
18 34 42 221 0 0
19 26 57 0 0 119
18 35 43 221 0 0
20 26 56 0 0 119
18 26 56 0 0 119
21 9 41 136 136 136
19 25 56 0 0 119
19 24 55 0 0 119
19 23 54 0 0 119
19 22 53 0 0 119
19 21 52 0 0 119
19 20 51 0 0 119
19 19 50 0 0 119
19 18 49 0 0 119
19 17 48 0 0 119
19 16 47 0 0 119
19 15 29 0 0 119
19 14 28 0 0 119
19 13 27 0 0 119
19 12 26 0 0 119
19 11 25 0 0 119
18 33 40 221 0 0
19 10 24 0 0 119
18 34 41 221 0 0
20 12 25 0 0 119
18 35 42 221 0 0
20 11 24 0 0 119
18 12 25 0 0 119
18 11 24 0 0 119
20 12 23 0 0 119
20 27 56 0 0 119
20 9 41 221 0 0
18 27 56 0 0 119
19 26 56 0 0 119
20 26 55 0 0 119
18 26 55 0 0 119
19 25 55 0 0 119
19 24 54 0 0 119
19 23 53 0 0 119
19 22 52 0 0 119
19 21 51 0 0 119
19 20 50 0 0 119
19 19 49 0 0 119
19 18 48 0 0 119
19 17 47 0 0 119
19 16 46 0 0 119
21 21 25 0 0 119
18 33 39 221 0 0
19 15 28 0 0 119
18 34 40 221 0 0
21 21 26 0 0 119
18 35 41 221 0 0
19 14 27 0 0 119
19 13 26 0 0 119
21 21 27 0 0 119
19 12 25 0 0 119
19 12 23 0 0 119
19 11 24 0 0 119
21 8 41 0 0 119
20 12 24 0 0 119
20 8 41 221 0 0
21 33 46 0 0 119
21 16 55 0 0 119
18 12 24 0 0 119
20 13 23 0 0 119
21 3 41 0 0 119
21 16 54 0 0 119
20 28 56 0 0 119
18 28 56 0 0 119
19 27 56 0 0 119
20 27 55 0 0 119
18 27 55 0 0 119
19 26 55 0 0 119
19 25 54 0 0 119
18 33 38 221 0 0
21 21 28 0 0 119
18 34 39 221 0 0
19 24 53 0 0 119
18 35 40 221 0 0
21 7 41 0 0 119
21 35 40 0 0 119
19 23 52 0 0 119
19 22 51 0 0 119
19 21 50 0 0 119
19 20 49 0 0 119
19 19 48 0 0 119
19 18 47 0 0 119
19 17 46 0 0 119
20 7 41 221 0 0
19 16 45 0 0 119
21 6 41 0 0 119
18 12 23 0 0 119
19 15 27 0 0 119
19 14 26 0 0 119
19 13 25 0 0 119
19 13 23 0 0 119
19 12 24 0 0 119
20 13 24 0 0 119
18 13 24 0 0 119
20 15 22 0 0 119
20 14 23 0 0 119
18 33 37 221 0 0
19 28 56 0 0 119
18 34 38 221 0 0
20 28 55 0 0 119
18 35 39 221 0 0
18 28 55 0 0 119
19 27 55 0 0 119
20 33 48 221 0 0
19 26 54 0 0 119
19 25 53 0 0 119
19 24 52 0 0 119
19 23 51 0 0 119
19 22 50 0 0 119
20 6 41 221 0 0
21 32 40 0 0 119
20 32 40 221 0 0
19 21 49 0 0 119
19 20 48 0 0 119
19 19 47 0 0 119
19 18 46 0 0 119
19 17 45 0 0 119
19 16 44 0 0 119
18 13 23 0 0 119
19 15 26 0 0 119
19 15 22 0 0 119
19 14 25 0 0 119
18 33 36 221 0 0
19 14 23 0 0 119
18 34 37 221 0 0
19 13 24 0 0 119
18 35 38 221 0 0
20 14 24 0 0 119
18 14 24 0 0 119
20 16 22 0 0 119
21 34 45 0 0 119
20 15 23 0 0 119
21 20 25 0 0 119
20 29 55 0 0 119
21 20 26 0 0 119
21 4 46 0 0 119
21 31 40 0 0 119
20 31 40 221 0 0
21 30 40 170 170 170
18 29 55 0 0 119
21 20 27 0 0 119
19 28 55 0 0 119
21 20 28 0 0 119
20 28 54 0 0 119
21 4 37 0 0 119
18 28 54 0 0 119
21 5 37 0 0 119
19 27 54 0 0 119
19 26 53 0 0 119
18 33 35 221 0 0
19 25 52 0 0 119
18 34 36 221 0 0
19 24 51 0 0 119
18 35 37 221 0 0
19 23 50 0 0 119
19 22 49 0 0 119
19 21 48 0 0 119
19 20 47 0 0 119
19 19 46 0 0 119
19 18 45 0 0 119
19 17 44 0 0 119
19 16 43 0 0 119
18 15 22 0 0 119
18 14 23 0 0 119
19 16 22 0 0 119
20 30 40 221 0 0
21 29 40 136 136 136
20 29 40 221 0 0
19 15 25 0 0 119
19 15 23 0 0 119
19 14 24 0 0 119
20 17 22 0 0 119
20 16 23 0 0 119
19 29 55 0 0 119
20 29 54 0 0 119
18 29 54 0 0 119
19 28 54 0 0 119
19 27 53 0 0 119
19 26 52 0 0 119
19 25 51 0 0 119
18 34 35 221 0 0
19 24 50 0 0 119
18 35 36 221 0 0
21 33 45 0 0 119
19 23 49 0 0 119
19 22 48 0 0 119
19 21 47 0 0 119
19 20 46 0 0 119
20 33 47 221 0 0
19 19 45 0 0 119
19 18 44 0 0 119
19 17 43 0 0 119
19 16 42 0 0 119
21 28 40 136 136 136
18 27 54 221 0 0
20 28 40 221 0 0
21 27 40 119 119 119
20 27 40 0 0 119
18 16 22 0 0 119
18 15 23 0 0 119
19 17 22 0 0 119
19 16 23 0 0 119
19 15 24 0 0 119
21 17 55 0 0 119
20 18 22 0 0 119
19 13 56 0 0 119
20 17 23 0 0 119
19 12 55 0 0 119
19 11 54 0 0 119
20 30 54 0 0 119
18 30 54 0 0 119
19 10 53 0 0 119
19 9 52 0 0 119
19 29 54 0 0 119
19 28 53 0 0 119
19 8 51 0 0 119
19 27 52 0 0 119
19 26 51 0 0 119
19 7 50 0 0 119
19 25 50 0 0 119
19 6 49 0 0 119
19 24 49 0 0 119
19 5 31 0 0 119
19 23 48 0 0 119
21 3 40 0 0 119
21 35 39 0 0 119
18 26 54 221 0 0
21 26 40 119 119 119
20 26 40 0 0 119
21 25 40 119 119 119
19 4 30 0 0 119
19 22 47 0 0 119
20 5 30 0 0 119
19 21 46 0 0 119
18 5 30 0 0 119
19 20 45 0 0 119
20 17 58 0 0 119
19 19 44 0 0 119
18 17 58 0 0 119
19 18 43 0 0 119
19 17 42 0 0 119
19 16 58 0 0 119
19 16 41 0 0 119
18 17 22 0 0 119
20 16 57 0 0 119
18 16 57 0 0 119
18 16 23 0 0 119
19 18 22 0 0 119
19 15 57 0 0 119
19 14 56 0 0 119
19 17 23 0 0 119
19 13 55 0 0 119
19 16 24 0 0 119
19 12 54 0 0 119
20 19 22 0 0 119
19 11 53 0 0 119
20 18 23 0 0 119
20 31 54 0 0 119
21 34 46 0 0 119
18 25 54 221 0 0
20 25 40 0 0 119
21 24 40 17 17 17
20 24 40 0 0 119
19 10 52 0 0 119
18 31 54 0 0 119
19 9 51 0 0 119
19 30 54 0 0 119
21 17 54 0 0 119
21 23 40 17 17 17
19 29 53 0 0 119
19 8 50 0 0 119
20 33 46 221 0 0
19 7 49 0 0 119
19 6 31 0 0 119
19 28 52 0 0 119
19 27 51 0 0 119
19 5 30 0 0 119
20 5 29 0 0 119
19 26 50 0 0 119
19 25 49 0 0 119
18 5 29 0 0 119
19 24 48 0 0 119
20 18 58 0 0 119
19 23 47 0 0 119
18 18 58 0 0 119
19 22 46 0 0 119
19 17 58 0 0 119
19 21 45 0 0 119
20 17 57 0 0 119
19 20 44 0 0 119
18 17 57 0 0 119
18 25 55 221 0 0
18 24 54 221 0 0
20 23 40 0 0 119
21 22 40 17 17 17
20 22 40 0 0 119
19 16 57 0 0 119
19 19 43 0 0 119
19 15 56 0 0 119
19 18 42 0 0 119
19 14 55 0 0 119
19 17 41 0 0 119
19 16 40 0 0 119
18 30 29 221 0 0
19 13 54 0 0 119
19 12 53 0 0 119
18 18 22 0 0 119
18 17 23 0 0 119
19 11 52 0 0 119
19 10 51 0 0 119
19 19 22 0 0 119
19 18 23 0 0 119
19 9 50 0 0 119
19 8 49 0 0 119
19 17 24 0 0 119
19 7 31 0 0 119
20 20 22 0 0 119
19 6 30 0 0 119
20 19 23 0 0 119
19 5 29 0 0 119
19 31 54 0 0 119
20 6 29 0 0 119
21 21 40 17 17 17
20 5 28 0 0 119
19 30 53 0 0 119
18 6 29 0 0 119
18 24 55 221 0 0
18 23 54 221 0 0
20 21 40 0 0 119
21 20 40 17 17 17
20 20 40 0 0 119
19 29 52 0 0 119
18 5 28 0 0 119
19 28 51 0 0 119
20 19 58 0 0 119
19 27 50 0 0 119
18 19 58 0 0 119
19 26 49 0 0 119
18 30 28 221 0 0
19 18 58 0 0 119
18 29 29 221 0 0
19 25 48 0 0 119
19 24 47 0 0 119
20 18 57 0 0 119
18 18 57 0 0 119
19 23 46 0 0 119
19 22 45 0 0 119
19 17 57 0 0 119
19 21 44 0 0 119
19 16 56 0 0 119
19 20 43 0 0 119
19 15 55 0 0 119
19 19 42 0 0 119
19 14 54 0 0 119
19 18 41 0 0 119
19 17 40 0 0 119
19 16 39 0 0 119
19 13 53 0 0 119
20 33 45 221 0 0
19 12 52 0 0 119
18 19 22 0 0 119
18 23 55 221 0 0
18 22 54 221 0 0
21 19 40 17 17 17
20 19 40 0 0 119
21 18 40 17 17 17
19 11 51 0 0 119
18 18 23 0 0 119
19 10 50 0 0 119
19 20 22 0 0 119
19 9 49 0 0 119
19 19 23 0 0 119
21 19 25 0 0 119
21 3 39 0 0 119
21 35 38 0 0 119
18 29 28 221 0 0
18 28 29 221 0 0
19 8 31 0 0 119
19 18 24 0 0 119
19 7 30 0 0 119
20 21 22 0 0 119
19 6 29 0 0 119
20 20 23 0 0 119
19 5 28 0 0 119
20 18 40 0 0 119
20 6 28 0 0 119
19 31 53 0 0 119
18 6 28 0 0 119
21 17 40 17 17 17
20 20 58 0 0 119
19 30 52 0 0 119
18 20 58 0 0 119
21 19 26 0 0 119
18 23 56 221 0 0
18 22 55 221 0 0
18 21 54 221 0 0
20 17 40 0 0 119
21 16 40 17 17 17
20 16 40 0 0 119
19 29 51 0 0 119
19 19 58 0 0 119
19 28 50 0 0 119
20 19 57 0 0 119
19 27 49 0 0 119
18 19 57 0 0 119
19 26 48 0 0 119
18 29 27 221 0 0
18 28 28 221 0 0
18 27 29 221 0 0
19 25 47 0 0 119
19 18 57 0 0 119
19 24 46 0 0 119
19 17 56 0 0 119
19 23 45 0 0 119
19 16 55 0 0 119
19 22 44 0 0 119
19 15 54 0 0 119
19 21 43 0 0 119
19 14 53 0 0 119
19 20 42 0 0 119
19 13 52 0 0 119
19 19 41 0 0 119
19 12 51 0 0 119
19 18 40 0 0 119
19 11 50 0 0 119
18 22 56 221 0 0
18 21 55 221 0 0
18 20 54 221 0 0
21 15 40 17 17 17
20 15 40 0 0 119
21 14 40 17 17 17
19 10 49 0 0 119
19 17 39 0 0 119
19 9 31 0 0 119
19 16 38 0 0 119
19 8 30 0 0 119
18 20 22 0 0 119
18 19 23 0 0 119
18 28 27 221 0 0
18 27 28 221 0 0
18 26 29 221 0 0
19 7 29 0 0 119
19 21 22 0 0 119
19 6 28 0 0 119
19 20 23 0 0 119
21 19 27 0 0 119
19 19 24 0 0 119
20 7 28 0 0 119
20 33 44 221 0 0
20 6 27 0 0 119
20 22 22 0 0 119
18 7 28 0 0 119
20 21 23 0 0 119
18 6 27 0 0 119
19 32 53 0 0 119
20 21 58 0 0 119
18 21 58 0 0 119
20 14 40 0 0 119
18 21 56 221 0 0
18 20 55 221 0 0
18 19 54 221 0 0
21 13 40 119 119 119
20 13 40 0 0 119
21 12 40 119 119 119
19 31 52 0 0 119
19 20 58 0 0 119
19 30 51 0 0 119
20 20 57 0 0 119
19 29 50 0 0 119
18 20 57 0 0 119
19 19 57 0 0 119
19 28 49 0 0 119
18 27 27 221 0 0
18 26 28 221 0 0
18 25 29 221 0 0
19 27 48 0 0 119
20 12 40 0 0 119
19 26 47 0 0 119
21 11 40 119 119 119
19 25 46 0 0 119
20 11 40 221 0 0
19 24 45 0 0 119
21 10 40 136 136 136
19 23 44 0 0 119
20 10 40 221 0 0
19 22 43 0 0 119
21 9 40 136 136 136
19 21 42 0 0 119
20 9 40 221 0 0
19 20 41 0 0 119
21 19 28 0 0 119
19 19 40 0 0 119
18 20 56 221 0 0
18 19 55 221 0 0
18 18 54 221 0 0
21 8 40 170 170 170
20 8 40 221 0 0
21 7 40 0 0 119
20 7 40 221 0 0
19 18 39 0 0 119
21 6 40 0 0 119
19 17 38 0 0 119
20 6 40 221 0 0
19 16 37 0 0 119
18 21 22 0 0 119
18 27 26 221 0 0
18 26 27 221 0 0
18 25 28 221 0 0
18 24 29 221 0 0
21 32 39 0 0 119
18 20 23 0 0 119
20 32 39 221 0 0
19 22 22 0 0 119
21 31 39 170 170 170
19 21 23 0 0 119
20 31 39 221 0 0
19 20 24 0 0 119
21 30 39 170 170 170
20 23 22 0 0 119
20 30 39 221 0 0
20 22 23 0 0 119
21 29 39 136 136 136
20 33 52 0 0 119
19 18 56 0 0 119
18 33 52 0 0 119
19 32 52 0 0 119
18 19 56 221 0 0
18 18 55 221 0 0
18 17 54 221 0 0
20 29 39 221 0 0
21 28 39 136 136 136
20 28 39 221 0 0
21 27 39 119 119 119
19 17 55 0 0 119
19 31 51 0 0 119
20 27 39 0 0 119
19 30 50 0 0 119
19 16 54 0 0 119
19 29 49 0 0 119
19 28 48 0 0 119
18 26 26 221 0 0
18 25 27 221 0 0
18 24 28 221 0 0
18 23 29 221 0 0
20 33 43 221 0 0
19 15 53 0 0 119
19 27 47 0 0 119
19 14 52 0 0 119
19 26 46 0 0 119
19 13 51 0 0 119
19 25 45 0 0 119
19 12 50 0 0 119
19 24 44 0 0 119
19 11 49 0 0 119
19 23 43 0 0 119
19 10 31 0 0 119
19 22 42 0 0 119
19 9 30 0 0 119
19 21 41 0 0 119
19 20 40 0 0 119
19 19 39 0 0 119
18 18 56 221 0 0
18 17 55 221 0 0
18 16 54 221 0 0
21 26 39 119 119 119
20 26 39 0 0 119
21 25 39 119 119 119
20 25 39 0 0 119
19 18 38 0 0 119
21 24 39 17 17 17
19 17 37 0 0 119
20 24 39 0 0 119
19 16 36 0 0 119
17 9 27 0 0 119
21 8 29 0 0 119
18 25 26 221 0 0
18 24 27 221 0 0
18 23 28 221 0 0
18 22 29 221 0 0
19 2 40 0 0 119
17 8 28 0 0 119
19 1 39 0 0 119
17 7 29 0 0 119
20 2 39 0 0 119
21 23 39 17 17 17
20 1 38 0 0 119
18 22 22 0 0 119
18 2 39 0 0 119
18 21 23 0 0 119
18 1 38 0 0 119
19 23 22 0 0 119
19 3 41 0 0 119
19 22 23 0 0 119
19 2 42 0 0 119
19 21 24 0 0 119
20 23 23 0 0 119
18 17 56 221 0 0
18 16 55 221 0 0
18 15 54 221 0 0
20 23 39 0 0 119
21 22 39 17 17 17
20 22 39 0 0 119
19 33 52 0 0 119
19 1 43 0 0 119
20 33 51 0 0 119
20 2 43 0 0 119
18 33 51 0 0 119
20 1 44 0 0 119
19 32 51 0 0 119
18 25 25 221 0 0
18 24 26 221 0 0
18 23 27 221 0 0
18 22 28 221 0 0
18 21 29 221 0 0
19 31 50 0 0 119
18 2 43 0 0 119
19 30 49 0 0 119
18 1 44 0 0 119
19 29 48 0 0 119
19 3 40 0 0 119
19 28 47 0 0 119
19 8 29 0 0 119
19 27 46 0 0 119
19 7 28 0 0 119
19 26 45 0 0 119
19 25 44 0 0 119
19 24 43 0 0 119
19 6 27 0 0 119
20 33 42 221 0 0
19 23 42 0 0 119
19 22 41 0 0 119
18 16 56 221 0 0
18 15 55 221 0 0
18 14 54 221 0 0
21 21 39 17 17 17
20 21 39 0 0 119
21 20 39 17 17 17
20 7 27 0 0 119
19 21 40 0 0 119
18 7 27 0 0 119
19 20 39 0 0 119
20 22 58 0 0 119
19 19 38 0 0 119
19 18 37 0 0 119
21 3 38 0 0 119
18 24 25 221 0 0
18 23 26 221 0 0
18 22 27 221 0 0
18 21 28 221 0 0
18 20 29 221 0 0
18 22 58 0 0 119
19 17 36 0 0 119
19 21 58 0 0 119
20 34 50 0 0 119
20 21 57 0 0 119
18 34 50 0 0 119
18 21 57 0 0 119
20 35 49 0 0 119
19 2 39 0 0 119
18 35 49 0 0 119
19 1 38 0 0 119
17 11 26 0 0 119
20 2 38 0 0 119
17 10 27 0 0 119
20 1 37 0 0 119
21 35 37 0 0 119
17 9 28 0 0 119
18 15 56 221 0 0
18 14 55 221 0 0
18 13 54 221 0 0
20 20 39 0 0 119
21 19 39 17 17 17
20 19 39 0 0 119
17 8 29 0 0 119
18 2 38 0 0 119
21 18 39 17 17 17
18 1 37 0 0 119
20 18 39 0 0 119
18 4 45 221 0 0
17 5 32 0 0 119
17 13 25 0 0 119
18 23 25 221 0 0
18 22 26 221 0 0
18 21 27 221 0 0
18 20 28 221 0 0
18 19 29 221 0 0
19 3 42 0 0 119
17 12 26 0 0 119
19 2 43 0 0 119
18 23 22 0 0 119
19 1 44 0 0 119
18 22 23 0 0 119
20 2 44 0 0 119
19 23 23 0 0 119
18 2 44 0 0 119
19 22 24 0 0 119
19 3 39 0 0 119
20 24 23 0 0 119
19 2 38 0 0 119
19 33 51 0 0 119
18 4 44 221 0 0
20 33 50 0 0 119
18 33 50 0 0 119
19 32 50 0 0 119
18 13 55 221 0 0
18 12 54 221 0 0
21 17 39 17 17 17
20 17 39 0 0 119
21 16 39 17 17 17
19 1 37 0 0 119
19 31 49 0 0 119
20 2 37 0 0 119
19 30 48 0 0 119
18 4 46 221 0 0
19 29 47 0 0 119
19 28 46 0 0 119
18 23 24 221 0 0
18 22 25 221 0 0
18 21 26 221 0 0
18 20 27 221 0 0
18 19 28 221 0 0
18 18 29 221 0 0
20 1 36 0 0 119
19 27 45 0 0 119
18 2 37 0 0 119
19 26 44 0 0 119
19 20 57 0 0 119
19 25 43 0 0 119
19 19 56 0 0 119
19 24 42 0 0 119
19 23 41 0 0 119
19 22 40 0 0 119
19 18 55 0 0 119
20 33 41 221 0 0
19 17 54 0 0 119
18 4 43 221 0 0
18 3 44 221 0 0
19 16 53 0 0 119
19 21 39 0 0 119
19 15 52 0 0 119
19 20 38 0 0 119
18 11 54 221 0 0
20 16 39 0 0 119
21 15 39 17 17 17
20 15 39 0 0 119
19 19 37 0 0 119
19 14 51 0 0 119
19 18 36 0 0 119
18 1 36 0 0 119
19 34 50 0 0 119
19 3 43 0 0 119
20 34 49 0 0 119
18 22 24 221 0 0
18 21 25 221 0 0
18 20 26 221 0 0
18 19 27 221 0 0
18 18 28 221 0 0
18 17 29 221 0 0
19 13 50 0 0 119
18 34 49 0 0 119
19 12 49 0 0 119
19 35 49 0 0 119
19 11 31 0 0 119
20 35 48 0 0 119
19 10 30 0 0 119
18 35 48 0 0 119
19 9 29 0 0 119
20 36 47 0 0 119
19 2 44 0 0 119
17 11 27 0 0 119
18 4 42 221 0 0
18 3 43 221 0 0
20 2 45 0 0 119
17 10 28 0 0 119
18 2 45 0 0 119
17 9 29 0 0 119
19 3 38 0 0 119
21 14 39 17 17 17
20 14 39 0 0 119
21 13 39 119 119 119
19 2 37 0 0 119
20 13 39 0 0 119
21 12 39 119 119 119
20 12 39 0 0 119
17 5 33 0 0 119
21 3 37 0 0 119
21 35 36 0 0 119
18 21 24 221 0 0
18 20 25 221 0 0
18 19 26 221 0 0
18 18 27 221 0 0
18 17 28 221 0 0
18 16 29 221 0 0
19 1 36 0 0 119
17 4 34 0 0 119
20 2 36 0 0 119
17 15 24 0 0 119
18 2 36 0 0 119
17 14 25 0 0 119
19 3 44 0 0 119
17 13 26 0 0 119
19 2 45 0 0 119
17 12 27 0 0 119
20 3 45 0 0 119
18 4 41 221 0 0
18 3 42 221 0 0
18 23 23 0 0 119
20 2 46 0 0 119
19 24 23 0 0 119
18 3 45 0 0 119
19 23 24 0 0 119
18 2 46 0 0 119
20 25 23 0 0 119
19 3 37 0 0 119
20 24 24 0 0 119
19 33 50 0 0 119
19 2 36 0 0 119
20 33 49 0 0 119
20 2 35 0 0 119
18 33 49 0 0 119
18 2 35 0 0 119
18 20 24 221 0 0
18 19 25 221 0 0
18 18 26 221 0 0
18 17 27 221 0 0
18 16 28 221 0 0
18 15 29 221 0 0
19 3 45 0 0 119
19 32 49 0 0 119
19 2 46 0 0 119
19 31 48 0 0 119
20 3 46 0 0 119
19 30 47 0 0 119
20 2 47 0 0 119
19 29 46 0 0 119
18 3 46 0 0 119
19 28 45 0 0 119
18 4 40 221 0 0
18 3 41 221 0 0
19 27 44 0 0 119
18 2 47 0 0 119
19 26 43 0 0 119
19 3 36 0 0 119
19 25 42 0 0 119
19 2 35 0 0 119
19 24 41 0 0 119
20 3 35 0 0 119
19 23 40 0 0 119
20 2 34 0 0 119
19 22 39 0 0 119
19 21 38 0 0 119
18 19 24 221 0 0
18 18 25 221 0 0
18 17 26 221 0 0
18 16 27 221 0 0
18 15 28 221 0 0
18 14 29 221 0 0
18 3 35 0 0 119
19 20 37 0 0 119
18 2 34 0 0 119
19 19 36 0 0 119
19 3 46 0 0 119
19 34 49 0 0 119
19 2 47 0 0 119
20 34 48 0 0 119
19 8 28 0 0 119
18 4 39 221 0 0
18 3 40 221 0 0
18 34 48 0 0 119
19 35 48 0 0 119
21 5 46 0 0 119
20 35 47 0 0 119
21 3 36 0 0 119
21 34 35 0 0 119
18 35 47 0 0 119
19 36 47 0 0 119
18 18 24 221 0 0
18 17 25 221 0 0
18 16 26 221 0 0
18 15 27 221 0 0
18 14 28 221 0 0
18 13 29 221 0 0
20 36 46 0 0 119
19 7 27 0 0 119
17 11 28 0 0 119
17 10 29 0 0 119
21 11 39 119 119 119
20 8 27 0 0 119
20 33 40 221 0 0
20 7 26 0 0 119
18 4 38 221 0 0
18 3 39 221 0 0
20 11 39 221 0 0
21 10 39 136 136 136
20 10 39 221 0 0
17 5 34 0 0 119
18 17 24 221 0 0
18 16 25 221 0 0
18 15 26 221 0 0
18 14 27 221 0 0
18 13 28 221 0 0
18 12 29 221 0 0
17 4 35 0 0 119
18 8 27 0 0 119
17 3 36 0 0 119
18 7 26 0 0 119
17 16 24 0 0 119
20 23 58 0 0 119
17 15 25 0 0 119
18 4 37 221 0 0
18 3 38 221 0 0
17 14 26 0 0 119
17 13 27 0 0 119
17 12 28 0 0 119
18 24 23 0 0 119
18 16 24 221 0 0
18 15 25 221 0 0
18 14 26 221 0 0
18 13 27 221 0 0
18 12 28 221 0 0
18 11 29 221 0 0
18 23 58 0 0 119
19 25 23 0 0 119
19 22 58 0 0 119
19 24 24 0 0 119
20 22 57 0 0 119
20 26 23 0 0 119
18 4 36 221 0 0
18 3 37 221 0 0
20 33 32 221 0 0
20 25 24 0 0 119
21 33 32 0 0 119
19 33 49 0 0 119
18 15 24 221 0 0
18 14 25 221 0 0
18 13 26 221 0 0
18 12 27 221 0 0
18 11 28 221 0 0
18 10 29 221 0 0
20 3 47 0 0 119
19 32 48 0 0 119
18 3 47 0 0 119
19 31 47 0 0 119
19 3 35 0 0 119
18 4 35 221 0 0
18 3 36 221 0 0
19 30 46 0 0 119
19 29 45 0 0 119
18 22 57 0 0 119
19 28 44 0 0 119
19 21 57 0 0 119
18 13 25 221 0 0
18 12 26 221 0 0
18 11 27 221 0 0
18 10 28 221 0 0
18 9 29 221 0 0
19 27 43 0 0 119
19 2 34 0 0 119
19 26 42 0 0 119
20 3 34 0 0 119
18 4 34 221 0 0
19 25 41 0 0 119
19 24 40 0 0 119
19 23 39 0 0 119
19 22 38 0 0 119
19 21 37 0 0 119
21 4 35 0 0 119
21 34 34 0 0 119
18 11 26 221 0 0
18 10 27 221 0 0
18 9 28 221 0 0
18 8 29 221 0 0
19 20 36 0 0 119
20 2 33 0 0 119
18 36 47 0 0 119
19 34 48 0 0 119
20 34 47 0 0 119
18 34 47 0 0 119
19 35 47 0 0 119
20 35 46 0 0 119
18 35 46 0 0 119
19 36 46 0 0 119
18 3 34 0 0 119
18 9 27 221 0 0
18 8 28 221 0 0
18 7 29 221 0 0
18 2 33 0 0 119
20 36 45 0 0 119
20 37 44 0 0 119
17 11 29 0 0 119
21 9 39 136 136 136
20 9 39 221 0 0
21 8 39 170 170 170
20 8 39 221 0 0
17 5 35 0 0 119
17 4 36 0 0 119
17 3 37 0 0 119
21 18 25 0 0 119
20 7 54 0 0 119
21 4 38 0 0 119
21 5 38 0 0 119
17 17 24 0 0 119
17 16 25 0 0 119
17 15 26 0 0 119
17 14 27 0 0 119
17 13 28 0 0 119
17 12 29 0 0 119
18 25 23 0 0 119
18 24 24 0 0 119
21 4 34 0 0 119
21 18 26 0 0 119
21 18 27 0 0 119
21 18 28 0 0 119
19 26 23 0 0 119
18 7 54 0 0 119
19 25 24 0 0 119
20 26 24 0 0 119
19 33 48 0 0 119
21 7 39 170 170 170
19 32 47 0 0 119
19 3 47 0 0 119
19 31 46 0 0 119
20 5 52 0 0 119
19 30 45 0 0 119
20 4 51 0 0 119
19 29 44 0 0 119
20 4 47 0 0 119
19 28 43 0 0 119
20 3 48 0 0 119
19 27 42 0 0 119
18 5 52 0 0 119
19 26 41 0 0 119
19 20 56 0 0 119
19 25 40 0 0 119
19 19 55 0 0 119
19 24 39 0 0 119
19 23 38 0 0 119
19 22 37 0 0 119
19 18 54 0 0 119
20 33 39 221 0 0
19 17 53 0 0 119
19 21 36 0 0 119
19 16 52 0 0 119
18 36 46 0 0 119
19 15 51 0 0 119
19 34 47 0 0 119
19 14 50 0 0 119
19 35 46 0 0 119
19 13 49 0 0 119
20 35 45 0 0 119
19 12 31 0 0 119
18 35 45 0 0 119
19 11 30 0 0 119
19 36 45 0 0 119
18 4 51 0 0 119
19 37 44 0 0 119
18 4 47 0 0 119
20 36 44 0 0 119
18 3 48 0 0 119
20 37 43 0 0 119
19 3 34 0 0 119
20 7 39 221 0 0
19 2 33 0 0 119
21 6 39 0 0 119
20 3 33 0 0 119
20 6 39 221 0 0
18 3 33 0 0 119
21 32 38 0 0 119
20 10 56 0 0 119
20 32 38 221 0 0
18 10 56 0 0 119
17 5 36 0 0 119
20 9 55 0 0 119
17 4 37 0 0 119
18 9 55 0 0 119
17 3 38 0 0 119
20 8 54 0 0 119
17 18 24 0 0 119
18 8 54 0 0 119
17 17 25 0 0 119
19 7 54 0 0 119
17 16 26 0 0 119
17 15 27 0 0 119
17 14 28 0 0 119
21 31 38 0 0 119
17 13 29 0 0 119
19 6 53 0 0 119
20 31 38 221 0 0
19 10 29 0 0 119
18 26 23 0 0 119
19 9 28 0 0 119
18 25 24 0 0 119
21 30 38 170 170 170
19 26 24 0 0 119
19 8 27 0 0 119
20 33 38 221 0 0
19 7 26 0 0 119
20 27 24 0 0 119
20 8 26 0 0 119
20 26 25 0 0 119
18 8 26 0 0 119
19 33 47 0 0 119
19 23 58 0 0 119
19 32 46 0 0 119
20 23 57 0 0 119
19 31 45 0 0 119
18 23 57 0 0 119
19 30 44 0 0 119
19 22 57 0 0 119
19 29 43 0 0 119
19 28 42 0 0 119
19 27 41 0 0 119
20 30 38 221 0 0
19 26 40 0 0 119
19 5 52 0 0 119
19 25 39 0 0 119
19 4 51 0 0 119
19 24 38 0 0 119
19 3 48 0 0 119
19 23 37 0 0 119
20 5 51 0 0 119
19 22 36 0 0 119
20 4 50 0 0 119
18 36 45 0 0 119
20 4 48 0 0 119
18 37 44 0 0 119
20 3 49 0 0 119
19 34 46 0 0 119
18 5 51 0 0 119
19 35 45 0 0 119
18 4 50 0 0 119
19 36 44 0 0 119
18 4 48 0 0 119
19 37 43 0 0 119
18 3 49 0 0 119
20 36 43 0 0 119
19 3 33 0 0 119
20 37 42 0 0 119
20 4 33 0 0 119
21 29 38 136 136 136
20 3 32 0 0 119
20 29 38 221 0 0
21 28 38 136 136 136
18 4 33 0 0 119
20 28 38 221 0 0
19 21 56 0 0 119
21 27 38 136 136 136
19 20 55 0 0 119
17 5 37 0 0 119
21 33 35 0 0 119
17 4 38 0 0 119
19 19 54 0 0 119
20 33 37 221 0 0
19 18 53 0 0 119
17 3 39 0 0 119
19 17 52 0 0 119
17 19 24 0 0 119
19 16 51 0 0 119
17 18 25 0 0 119
19 15 50 0 0 119
17 17 26 0 0 119
19 14 49 0 0 119
17 16 27 0 0 119
19 13 31 0 0 119
17 15 28 0 0 119
19 12 30 0 0 119
20 27 38 0 0 119
18 3 32 0 0 119
21 26 38 119 119 119
20 12 57 0 0 119
20 26 38 0 0 119
18 12 57 0 0 119
18 26 24 0 0 119
20 11 56 0 0 119
20 28 24 0 0 119
19 27 24 0 0 119
20 27 25 0 0 119
19 33 46 0 0 119
18 11 56 0 0 119
19 32 45 0 0 119
19 10 56 0 0 119
19 31 44 0 0 119
20 10 55 0 0 119
19 30 43 0 0 119
18 10 55 0 0 119
19 29 42 0 0 119
19 9 55 0 0 119
19 28 41 0 0 119
20 9 54 0 0 119
19 27 40 0 0 119
18 9 54 0 0 119
19 26 39 0 0 119
19 8 54 0 0 119
19 25 38 0 0 119
19 24 37 0 0 119
19 23 36 0 0 119
21 25 38 119 119 119
18 36 44 0 0 119
19 7 53 0 0 119
18 37 43 0 0 119
19 34 45 0 0 119
19 35 44 0 0 119
20 25 38 0 0 119
19 36 43 0 0 119
19 11 29 0 0 119
19 37 42 0 0 119
19 10 28 0 0 119
20 36 42 0 0 119
20 37 41 0 0 119
21 24 38 119 119 119
19 9 27 0 0 119
20 33 36 221 0 0
19 8 26 0 0 119
20 24 38 0 0 119
21 23 38 17 17 17
20 23 38 0 0 119
21 22 38 17 17 17
17 5 38 0 0 119
17 4 39 0 0 119
20 9 26 0 0 119
17 3 40 0 0 119
18 9 26 0 0 119
17 20 24 0 0 119
20 24 57 0 0 119
17 19 25 0 0 119
18 24 57 0 0 119
17 18 26 0 0 119
19 23 57 0 0 119
17 17 27 0 0 119
19 22 56 0 0 119
17 16 28 0 0 119
19 6 52 0 0 119
20 22 38 0 0 119
21 21 38 17 17 17
20 21 38 0 0 119
21 20 38 17 17 17
20 20 38 0 0 119
19 5 51 0 0 119
18 27 24 0 0 119
19 4 50 0 0 119
18 26 25 0 0 119
19 3 49 0 0 119
19 28 24 0 0 119
20 5 50 0 0 119
20 28 25 0 0 119
20 4 49 0 0 119
19 27 25 0 0 119
18 5 50 0 0 119
19 33 45 0 0 119
18 4 49 0 0 119
19 32 44 0 0 119
19 3 32 0 0 119
19 31 43 0 0 119
20 4 32 0 0 119
19 30 42 0 0 119
20 18 54 0 0 119
19 29 41 0 0 119
19 28 40 0 0 119
19 27 39 0 0 119
19 26 38 0 0 119
19 25 37 0 0 119
19 24 36 0 0 119
20 3 31 0 0 119
18 36 43 0 0 119
18 4 32 0 0 119
18 37 42 0 0 119
18 3 31 0 0 119
19 34 44 0 0 119
20 13 57 0 0 119
19 35 43 0 0 119
18 13 57 0 0 119
19 36 42 0 0 119
19 21 55 0 0 119
19 37 41 0 0 119
19 20 54 0 0 119
20 36 41 0 0 119
21 33 34 0 0 119
20 37 40 0 0 119
19 19 53 0 0 119
21 18 55 0 0 119
21 19 38 17 17 17
20 19 38 0 0 119
21 18 38 17 17 17
20 18 38 0 0 119
21 17 38 17 17 17
21 18 54 0 0 119
20 17 38 0 0 119
21 16 38 17 17 17
20 16 38 0 0 119
21 15 38 17 17 17
20 15 38 0 0 119
21 14 38 119 119 119
20 14 38 0 0 119
21 5 32 0 0 119
17 4 40 0 0 119
17 3 41 0 0 119
17 21 24 0 0 119
17 20 25 0 0 119
17 19 26 0 0 119
21 11 54 0 0 119
21 12 54 0 0 119
20 18 55 221 0 0
20 17 54 221 0 0
20 19 54 0 0 119
17 18 27 0 0 119
17 17 28 0 0 119
21 13 38 119 119 119
20 13 38 0 0 119
21 12 38 119 119 119
20 12 38 0 0 119
21 9 29 0 0 119
21 10 29 0 0 119
20 33 35 221 0 0
19 18 52 0 0 119
21 11 38 136 136 136
18 28 24 0 0 119
21 13 54 0 0 119
18 27 25 0 0 119
21 31 29 0 0 119
21 14 54 0 0 119
19 17 51 0 0 119
20 29 25 0 0 119
21 11 29 0 0 119
21 12 29 0 0 119
21 13 29 0 0 119
21 14 29 0 0 119
19 28 25 0 0 119
20 28 26 0 0 119
19 27 26 0 0 119
21 17 25 0 0 119
21 17 26 0 0 119
21 4 39 0 0 119
21 5 39 0 0 119
19 33 44 0 0 119
19 32 43 0 0 119
20 11 38 221 0 0
21 25 29 0 0 119
21 26 29 0 0 119
21 27 29 0 0 119
21 28 29 0 0 119
21 29 29 0 0 119
21 30 29 0 0 119
19 16 50 0 0 119
19 31 42 0 0 119
19 15 49 0 0 119
19 30 41 0 0 119
19 29 40 0 0 119
19 28 39 0 0 119
19 27 38 0 0 119
19 26 37 0 0 119
19 25 36 0 0 119
20 18 56 221 0 0
20 17 55 221 0 0
20 19 55 0 0 119
20 16 54 221 0 0
20 20 54 0 0 119
18 36 42 0 0 119
18 37 41 0 0 119
19 34 43 0 0 119
19 35 42 0 0 119
19 36 41 0 0 119
19 37 40 0 0 119
19 14 31 0 0 119
20 36 40 0 0 119
19 13 30 0 0 119
20 37 39 0 0 119
21 17 27 0 0 119
17 11 54 0 0 119
21 10 38 136 136 136
20 10 38 221 0 0
19 12 29 0 0 119
21 9 38 136 136 136
19 12 57 0 0 119
20 9 38 221 0 0
20 12 56 0 0 119
21 8 38 170 170 170
20 5 43 221 0 0
20 8 38 221 0 0
20 18 29 221 0 0
21 7 38 170 170 170
20 7 38 221 0 0
18 12 56 0 0 119
21 6 38 0 0 119
19 11 56 0 0 119
17 5 40 0 0 119
20 11 55 0 0 119
20 6 38 221 0 0
18 11 55 0 0 119
21 32 37 0 0 119
19 10 55 0 0 119
20 32 37 221 0 0
20 10 54 0 0 119
17 5 48 0 0 119
18 10 54 0 0 119
17 4 41 0 0 119
19 9 54 0 0 119
17 3 42 0 0 119
19 8 53 0 0 119
17 22 24 0 0 119
19 7 52 0 0 119
17 21 25 0 0 119
19 6 51 0 0 119
17 20 26 0 0 119
20 5 42 221 0 0
19 5 50 0 0 119
17 19 27 0 0 119
20 17 56 221 0 0
20 19 56 221 0 0
20 16 55 221 0 0
20 20 55 221 0 0
20 15 54 221 0 0
20 21 54 221 0 0
17 18 28 0 0 119
21 31 37 0 0 119
20 31 37 221 0 0
21 30 37 0 0 119
20 30 37 221 0 0
21 29 37 0 0 119
18 28 25 0 0 119
19 4 49 0 0 119
19 29 25 0 0 119
20 5 49 0 0 119
21 17 28 0 0 119
20 29 37 221 0 0
20 29 26 0 0 119
18 5 49 0 0 119
19 28 26 0 0 119
19 11 28 0 0 119
19 27 27 0 0 119
19 10 27 0 0 119
20 5 44 221 0 0
19 33 43 0 0 119
20 4 43 221 0 0
21 33 33 0 0 119
20 18 28 221 0 0
20 17 29 221 0 0
20 19 29 221 0 0
19 32 42 0 0 119
19 9 26 0 0 119
20 33 34 221 0 0
20 10 26 0 0 119
19 31 41 0 0 119
20 9 25 0 0 119
19 30 40 0 0 119
18 10 26 0 0 119
19 29 39 0 0 119
18 9 25 0 0 119
19 28 38 0 0 119
20 25 57 0 0 119
19 27 37 0 0 119
18 25 57 0 0 119
19 26 36 0 0 119
21 19 55 0 0 119
19 24 57 0 0 119
19 27 31 0 0 119
19 3 31 0 0 119
18 36 41 0 0 119
20 4 31 0 0 119
18 37 40 0 0 119
20 5 41 221 0 0
18 4 31 0 0 119
20 4 42 221 0 0
19 34 42 0 0 119
21 19 54 0 0 119
19 35 41 0 0 119
19 36 40 0 0 119
20 16 56 221 0 0
20 20 56 221 0 0
20 15 55 221 0 0
20 21 55 221 0 0
20 14 54 221 0 0
20 22 54 221 0 0
19 37 39 0 0 119
20 36 39 0 0 119
20 37 38 0 0 119
17 13 55 0 0 119
17 12 54 0 0 119
21 28 37 136 136 136
20 15 58 0 0 119
20 28 37 221 0 0
18 15 58 0 0 119
21 27 37 136 136 136
20 14 57 0 0 119
20 27 37 0 0 119
18 14 57 0 0 119
21 26 37 119 119 119
19 13 57 0 0 119
20 26 37 0 0 119
20 5 45 221 0 0
20 13 56 0 0 119
20 4 44 221 0 0
21 25 37 119 119 119
20 3 43 221 0 0
18 13 56 0 0 119
20 18 27 221 0 0
20 17 28 221 0 0
20 19 28 221 0 0
20 16 29 221 0 0
20 20 29 221 0 0
20 25 37 0 0 119
19 12 56 0 0 119
21 24 37 119 119 119
20 12 55 0 0 119
20 24 37 0 0 119
18 12 55 0 0 119
17 5 41 0 0 119
19 11 55 0 0 119
21 23 37 119 119 119
19 10 54 0 0 119
20 23 37 0 0 119
19 9 53 0 0 119
17 5 47 0 0 119
19 8 52 0 0 119
17 4 46 0 0 119
17 4 42 0 0 119
17 3 43 0 0 119
17 23 24 0 0 119
17 22 25 0 0 119
17 21 26 0 0 119
20 5 40 221 0 0
17 20 27 0 0 119
20 4 41 221 0 0
20 24 56 0 0 119
20 3 42 221 0 0
20 33 33 221 0 0
17 19 28 0 0 119
21 22 37 17 17 17
20 22 37 0 0 119
21 7 29 0 0 119
20 15 56 221 0 0
20 21 56 221 0 0
20 14 55 221 0 0
20 22 55 221 0 0
20 13 54 221 0 0
20 23 54 221 0 0
21 21 37 17 17 17
20 21 37 0 0 119
18 29 25 0 0 119
18 28 26 0 0 119
20 30 26 0 0 119
19 29 26 0 0 119
18 24 56 0 0 119
19 28 27 0 0 119
19 23 56 0 0 119
19 27 30 0 0 119
19 22 55 0 0 119
19 27 28 0 0 119
19 21 54 0 0 119
19 33 42 0 0 119
20 5 46 221 0 0
19 20 53 0 0 119
20 4 45 221 0 0
19 32 41 0 0 119
20 3 44 221 0 0
19 19 52 0 0 119
21 30 28 0 0 119
20 34 43 221 0 0
20 18 26 221 0 0
20 17 27 221 0 0
20 19 27 221 0 0
20 16 28 221 0 0
20 20 28 221 0 0
20 15 29 221 0 0
20 21 29 221 0 0
19 31 40 0 0 119
19 18 51 0 0 119
19 30 39 0 0 119
19 7 51 0 0 119
19 29 38 0 0 119
19 6 50 0 0 119
19 28 37 0 0 119
19 5 49 0 0 119
19 28 31 0 0 119
19 4 31 0 0 119
19 27 36 0 0 119
20 5 31 0 0 119
19 27 32 0 0 119
20 4 30 0 0 119
18 36 40 0 0 119
21 29 28 0 0 119
21 28 28 0 0 119
18 5 31 0 0 119
20 5 39 221 0 0
18 37 39 0 0 119
20 4 40 221 0 0
18 4 30 0 0 119
20 3 41 221 0 0
19 34 41 0 0 119
21 27 28 0 0 119
20 34 42 221 0 0
21 26 28 0 0 119
21 25 28 0 0 119
21 9 28 0 0 119
21 10 28 0 0 119
21 11 28 0 0 119
20 22 56 221 0 0
20 13 55 221 0 0
20 23 55 221 0 0
20 12 54 221 0 0
20 24 54 221 0 0
19 35 40 0 0 119
19 36 39 0 0 119
19 37 38 0 0 119
20 36 38 0 0 119
20 37 37 0 0 119
17 15 56 0 0 119
20 16 58 0 0 119
17 14 55 0 0 119
18 16 58 0 0 119
17 13 54 0 0 119
19 15 58 0 0 119
21 20 37 17 17 17
20 5 47 221 0 0
20 15 57 0 0 119
20 4 46 221 0 0
20 20 37 0 0 119
21 12 28 0 0 119
18 15 57 0 0 119
21 13 28 0 0 119
20 34 44 221 0 0
21 14 28 0 0 119
20 35 43 221 0 0
20 18 25 221 0 0
20 17 26 221 0 0
20 19 26 221 0 0
20 16 27 221 0 0
20 20 27 221 0 0
20 15 28 221 0 0
20 21 28 221 0 0
20 14 29 221 0 0
20 22 29 221 0 0
21 19 37 17 17 17
19 14 57 0 0 119
20 19 37 0 0 119
20 14 56 0 0 119
21 18 37 17 17 17
20 18 37 0 0 119
21 17 37 17 17 17
21 16 25 0 0 119
21 16 26 0 0 119
21 16 27 0 0 119
21 16 28 0 0 119
20 17 37 0 0 119
21 4 40 0 0 119
21 5 40 0 0 119
21 24 28 0 0 119
21 8 28 0 0 119
20 5 38 221 0 0
21 29 27 0 0 119
20 4 39 221 0 0
21 28 27 0 0 119
20 3 40 221 0 0
21 27 27 0 0 119
21 26 27 0 0 119
20 34 41 221 0 0
21 25 27 0 0 119
20 35 42 221 0 0
21 24 27 0 0 119
21 16 37 17 17 17
20 16 37 0 0 119
21 15 37 119 119 119
20 15 37 0 0 119
20 23 56 221 0 0
21 14 37 119 119 119
20 24 55 221 0 0
20 11 54 221 0 0
20 25 54 221 0 0
20 14 37 0 0 119
17 5 46 0 0 119
17 4 45 0 0 119
17 4 43 0 0 119
17 3 44 0 0 119
17 23 25 0 0 119
17 22 26 0 0 119
21 20 55 0 0 119
21 20 54 0 0 119
17 21 27 0 0 119
20 5 48 221 0 0
21 14 27 0 0 119
21 13 27 0 0 119
21 12 27 0 0 119
21 11 27 0 0 119
21 10 27 0 0 119
21 9 27 0 0 119
20 34 45 221 0 0
21 27 26 0 0 119
20 35 44 221 0 0
21 26 26 0 0 119
20 18 24 221 0 0
20 17 25 221 0 0
20 19 25 221 0 0
20 16 26 221 0 0
20 20 26 221 0 0
20 15 27 221 0 0
20 21 27 221 0 0
20 14 28 221 0 0
20 22 28 221 0 0
20 13 29 221 0 0
20 23 29 221 0 0
21 25 26 0 0 119
21 24 26 0 0 119
17 20 28 0 0 119
21 13 37 119 119 119
20 13 37 0 0 119
21 12 37 119 119 119
20 12 37 0 0 119
21 11 37 136 136 136
21 15 25 0 0 119
21 15 26 0 0 119
21 15 27 0 0 119
21 14 26 0 0 119
21 13 26 0 0 119
21 12 26 0 0 119
20 5 37 221 0 0
21 11 26 0 0 119
20 4 38 221 0 0
21 25 25 0 0 119
20 3 39 221 0 0
21 24 25 0 0 119
21 15 28 0 0 119
20 34 40 221 0 0
20 11 37 221 0 0
20 35 41 221 0 0
18 29 26 0 0 119
20 31 26 0 0 119
20 32 27 0 0 119
21 4 41 0 0 119
21 5 41 0 0 119
19 30 26 0 0 119
20 30 27 0 0 119
20 25 55 221 0 0
21 14 25 0 0 119
20 26 54 221 0 0
19 29 27 0 0 119
19 28 30 0 0 119
19 28 28 0 0 119
19 27 29 0 0 119
19 33 41 0 0 119
19 32 40 0 0 119
21 13 25 0 0 119
21 23 24 0 0 119
21 22 24 0 0 119
21 21 24 0 0 119
21 20 24 0 0 119
21 19 24 0 0 119
21 18 24 0 0 119
21 17 24 0 0 119
21 16 24 0 0 119
20 34 46 221 0 0
21 15 24 0 0 119
19 31 39 0 0 119
21 21 55 0 0 119
21 21 54 0 0 119
20 17 24 221 0 0
20 19 24 221 0 0
20 16 25 221 0 0
20 20 25 221 0 0
20 15 26 221 0 0
20 21 26 221 0 0
20 14 27 221 0 0
20 22 27 221 0 0
20 13 28 221 0 0
20 23 28 221 0 0
20 12 29 221 0 0
20 24 29 221 0 0
20 31 29 221 0 0
20 30 28 221 0 0
20 29 27 221 0 0
19 30 38 0 0 119
21 24 54 0 0 119
21 25 54 0 0 119
20 30 29 221 0 0
20 29 28 221 0 0
20 28 27 221 0 0
20 27 26 221 0 0
20 34 34 221 0 0
21 26 54 0 0 119
20 5 36 221 0 0
21 27 54 0 0 119
20 4 37 221 0 0
21 13 55 0 0 119
20 3 38 221 0 0
21 14 55 0 0 119
19 29 37 0 0 119
20 34 39 221 0 0
20 29 29 221 0 0
20 35 40 221 0 0
20 7 29 221 0 0
20 28 28 221 0 0
20 8 28 221 0 0
20 27 27 221 0 0
20 9 27 221 0 0
20 26 26 221 0 0
20 25 25 221 0 0
20 35 36 221 0 0
20 34 35 221 0 0
19 29 31 0 0 119
20 27 54 221 0 0
19 28 36 0 0 119
19 28 32 0 0 119
19 27 35 0 0 119
19 27 33 0 0 119
20 5 32 221 0 0
18 36 39 0 0 119
18 37 38 0 0 119
19 34 40 0 0 119
19 35 39 0 0 119
19 36 38 0 0 119
20 28 29 221 0 0
20 8 29 221 0 0
20 27 28 221 0 0
20 9 28 221 0 0
20 26 27 221 0 0
20 10 27 221 0 0
20 25 26 221 0 0
20 11 26 221 0 0
20 24 25 221 0 0
20 23 24 221 0 0
20 16 24 221 0 0
20 20 24 221 0 0
20 15 25 221 0 0
20 21 25 221 0 0
20 14 26 221 0 0
20 22 26 221 0 0
20 13 27 221 0 0
20 23 27 221 0 0
20 12 28 221 0 0
20 24 28 221 0 0
20 11 29 221 0 0
20 25 29 221 0 0
20 35 37 221 0 0
20 34 36 221 0 0
19 37 37 0 0 119
21 24 55 0 0 119
20 4 34 221 0 0
21 25 55 0 0 119
20 5 33 221 0 0
21 15 56 0 0 119
21 16 56 0 0 119
21 17 56 0 0 119
20 5 35 221 0 0
21 18 56 0 0 119
20 4 36 221 0 0
21 19 56 0 0 119
20 3 37 221 0 0
21 20 56 0 0 119
20 27 29 221 0 0
20 34 38 221 0 0
20 9 29 221 0 0
20 35 39 221 0 0
20 26 28 221 0 0
20 10 28 221 0 0
20 25 27 221 0 0
20 11 27 221 0 0
20 24 26 221 0 0
20 12 26 221 0 0
20 23 25 221 0 0
20 13 25 221 0 0
20 22 24 221 0 0
21 21 56 0 0 119
20 36 37 0 0 119
20 35 38 221 0 0
20 37 36 0 0 119
20 34 37 221 0 0
17 16 56 0 0 119
21 22 56 0 0 119
20 3 36 221 0 0
21 23 56 0 0 119
20 4 35 221 0 0
18 14 56 0 0 119
20 5 34 221 0 0
20 26 29 221 0 0
20 10 29 221 0 0
20 25 28 221 0 0
20 11 28 221 0 0
20 24 27 221 0 0
20 15 24 221 0 0
20 21 24 221 0 0
20 14 25 221 0 0
20 22 25 221 0 0
20 13 26 221 0 0
20 23 26 221 0 0
20 12 27 221 0 0
21 10 37 136 136 136
20 10 37 221 0 0
21 9 37 0 0 119
20 9 37 221 0 0
21 8 37 0 0 119
20 8 37 221 0 0
21 7 37 0 0 119
20 7 37 221 0 0
21 6 37 0 0 119
20 6 37 221 0 0
21 32 36 0 0 119
20 32 36 221 0 0
21 31 36 0 0 119
20 31 36 221 0 0
21 30 36 0 0 119
20 30 36 221 0 0
21 29 36 170 170 170
20 29 36 221 0 0
21 28 36 136 136 136
20 28 36 221 0 0
21 27 36 136 136 136
20 27 36 0 0 119
21 26 36 136 136 136
20 26 36 0 0 119
21 25 36 119 119 119
20 25 36 0 0 119
21 24 36 119 119 119
20 24 36 0 0 119
21 23 36 119 119 119
20 23 36 0 0 119
21 22 36 119 119 119
20 22 36 0 0 119
21 21 36 17 17 17
20 21 36 0 0 119
21 20 36 17 17 17
20 20 36 0 0 119
21 19 36 17 17 17
20 19 36 0 0 119
21 18 36 17 17 17
20 18 36 0 0 119
21 17 36 17 17 17
20 17 36 0 0 119
21 16 36 119 119 119
20 16 36 0 0 119
21 15 36 119 119 119
20 15 36 0 0 119
21 14 36 119 119 119
20 14 36 0 0 119
21 13 36 119 119 119
20 13 36 0 0 119
21 12 36 136 136 136
20 12 36 0 0 119
21 11 36 136 136 136
20 11 36 221 0 0
21 10 36 136 136 136
20 10 36 221 0 0
21 9 36 170 170 170
20 9 36 221 0 0
21 8 36 0 0 119
20 8 36 221 0 0
21 7 36 0 0 119
20 7 36 221 0 0
21 6 36 0 0 119
20 6 36 221 0 0
21 32 35 0 0 119
20 32 35 221 0 0
21 31 35 0 0 119
20 31 35 221 0 0
21 30 35 0 0 119
20 30 35 221 0 0
21 29 35 170 170 170
20 29 35 221 0 0
21 28 35 170 170 170
20 28 35 221 0 0
21 27 35 136 136 136
20 27 35 0 0 119
21 26 35 136 136 136
20 26 35 0 0 119
17 33 42 0 0 119
21 25 35 119 119 119
20 25 35 0 0 119
21 24 35 119 119 119
20 24 35 0 0 119
21 23 35 119 119 119
20 23 35 0 0 119
21 22 35 119 119 119
20 22 35 0 0 119
21 21 35 119 119 119
20 21 35 0 0 119
21 20 35 119 119 119
20 20 35 0 0 119
21 19 35 119 119 119
20 19 35 0 0 119
21 18 35 119 119 119
20 18 35 0 0 119
21 17 35 119 119 119
20 17 35 0 0 119
17 34 42 0 0 119
17 33 41 0 0 119
17 33 43 0 0 119
21 16 35 119 119 119
20 16 35 0 0 119
21 15 35 119 119 119
20 15 35 0 0 119
21 14 35 119 119 119
20 14 35 0 0 119
21 13 35 119 119 119
20 13 35 0 0 119
21 12 35 136 136 136
20 12 35 0 0 119
21 11 35 136 136 136
20 11 35 221 0 0
21 10 35 170 170 170
20 10 35 221 0 0
21 9 35 170 170 170
20 9 35 221 0 0
21 8 35 0 0 119
20 8 35 221 0 0
21 7 35 0 0 119
17 35 42 0 0 119
17 34 41 0 0 119
17 34 43 0 0 119
17 33 40 0 0 119
17 33 44 0 0 119
20 7 35 221 0 0
21 6 35 0 0 119
20 6 35 221 0 0
21 32 34 0 0 119
20 32 34 221 0 0
21 31 34 0 0 119
20 31 34 221 0 0
21 30 34 0 0 119
20 30 34 221 0 0
21 29 34 0 0 119
20 29 34 221 0 0
21 28 34 0 0 119
20 28 34 221 0 0
21 27 34 170 170 170
20 27 34 0 0 119
21 26 34 136 136 136
20 26 34 0 0 119
21 25 34 136 136 136
20 25 34 0 0 119
21 24 34 136 136 136
17 35 41 0 0 119
17 35 43 0 0 119
17 34 40 0 0 119
17 34 44 0 0 119
17 33 39 0 0 119
17 33 45 0 0 119
20 24 34 0 0 119
21 23 34 119 119 119
20 23 34 0 0 119
21 22 34 119 119 119
20 22 34 0 0 119
21 21 34 119 119 119
20 21 34 0 0 119
21 20 34 119 119 119
20 20 34 0 0 119
21 19 34 119 119 119
20 19 34 0 0 119
21 18 34 119 119 119
20 18 34 0 0 119
21 17 34 119 119 119
20 17 34 0 0 119
21 16 34 119 119 119
20 16 34 0 0 119
21 15 34 119 119 119
20 15 34 0 0 119
21 14 34 136 136 136
20 14 34 0 0 119
21 13 34 136 136 136
17 35 40 0 0 119
17 35 44 0 0 119
17 34 39 0 0 119
17 34 45 0 0 119
17 33 38 0 0 119
17 33 46 0 0 119
20 13 34 0 0 119
21 12 34 136 136 136
20 12 34 0 0 119
21 11 34 0 0 119
20 11 34 221 0 0
21 10 34 0 0 119
20 10 34 221 0 0
21 9 34 170 170 170
20 9 34 221 0 0
21 8 34 0 0 119
20 8 34 221 0 0
21 7 34 0 0 119
20 7 34 221 0 0
21 6 34 0 0 119
20 6 34 221 0 0
21 32 33 0 0 119
20 32 33 221 0 0
21 31 33 0 0 119
20 31 33 221 0 0
21 30 33 0 0 119
20 30 33 221 0 0
21 29 33 0 0 119
20 29 33 221 0 0
17 35 39 0 0 119
17 34 38 0 0 119
17 34 46 0 0 119
17 33 37 0 0 119
17 33 47 0 0 119
21 28 33 170 170 170
20 28 33 221 0 0
21 27 33 170 170 170
20 27 33 221 0 0
21 26 33 170 170 170
20 26 33 221 0 0
21 25 33 136 136 136
20 25 33 221 0 0
21 24 33 136 136 136
20 24 33 221 0 0
21 23 33 136 136 136
20 23 33 221 0 0
21 22 33 136 136 136
17 26 54 0 0 119
20 22 33 221 0 0
21 21 33 119 119 119
20 21 33 221 0 0
21 20 33 119 119 119
20 20 33 221 0 0
21 19 33 119 119 119
20 19 33 221 0 0
21 18 33 119 119 119
20 18 33 221 0 0
21 17 33 119 119 119
17 25 54 0 0 119
17 35 38 0 0 119
17 34 37 0 0 119
17 33 36 0 0 119
17 33 48 0 0 119
20 17 33 221 0 0
21 16 33 136 136 136
20 16 33 221 0 0
21 15 33 136 136 136
20 15 33 221 0 0
21 14 33 136 136 136
20 14 33 221 0 0
21 13 33 136 136 136
20 13 33 221 0 0
21 12 33 170 170 170
20 12 33 221 0 0
21 11 33 0 0 119
17 27 54 0 0 119
20 11 33 221 0 0
21 10 33 0 0 119
20 10 33 221 0 0
21 9 33 0 0 119
20 9 33 221 0 0
21 8 33 0 0 119
20 8 33 221 0 0
21 7 33 0 0 119
20 7 33 221 0 0
21 6 33 0 0 119
20 6 33 221 0 0
17 24 54 0 0 119
17 25 55 0 0 119
17 35 37 0 0 119
17 34 36 0 0 119
17 33 35 0 0 119
21 32 32 0 0 119
20 32 32 221 0 0
21 31 32 0 0 119
20 31 32 221 0 0
21 30 32 0 0 119
20 30 32 221 0 0
21 29 32 0 0 119
20 29 32 221 0 0
21 28 32 0 0 119
20 28 32 221 0 0
21 27 32 170 170 170
20 27 32 221 0 0
21 26 32 0 0 119
20 26 32 221 0 0
21 25 32 170 170 170
20 25 32 221 0 0
21 24 32 136 136 136
20 24 32 221 0 0
21 23 32 136 136 136
20 23 32 221 0 0
21 22 32 136 136 136
20 22 32 221 0 0
21 21 32 136 136 136
20 21 32 221 0 0
17 23 54 0 0 119
17 24 55 0 0 119
17 35 36 0 0 119
17 34 35 0 0 119
17 33 34 0 0 119
21 20 32 136 136 136
20 20 32 221 0 0
21 19 32 136 136 136
20 19 32 221 0 0
21 18 32 136 136 136
20 18 32 221 0 0
21 17 32 136 136 136
20 17 32 221 0 0
17 28 29 0 0 119
21 16 32 136 136 136
20 16 32 221 0 0
21 15 32 136 136 136
20 15 32 221 0 0
21 14 32 136 136 136
20 14 32 221 0 0
21 13 32 170 170 170
20 13 32 221 0 0
21 12 32 170 170 170
20 12 32 221 0 0
21 11 32 170 170 170
20 11 32 221 0 0
21 10 32 0 0 119
17 22 54 0 0 119
17 23 55 0 0 119
17 34 34 0 0 119
18 33 34 0 0 119
17 33 33 0 0 119
20 10 32 221 0 0
21 9 32 0 0 119
20 9 32 221 0 0
17 29 29 0 0 119
21 8 32 0 0 119
20 8 32 221 0 0
21 7 32 0 0 119
20 7 32 221 0 0
17 27 29 0 0 119
17 28 28 0 0 119
21 6 32 0 0 119
20 6 32 221 0 0
21 32 31 0 0 119
20 32 31 221 0 0
21 31 31 0 0 119
20 31 31 221 0 0
21 30 31 0 0 119
20 30 31 221 0 0
21 29 31 0 0 119
20 29 31 221 0 0
21 28 31 0 0 119
20 28 31 221 0 0
21 27 31 0 0 119
20 27 31 221 0 0
17 21 54 0 0 119
17 22 55 0 0 119
17 23 56 0 0 119
18 34 34 0 0 119
19 33 34 0 0 119
18 33 33 0 0 119
17 33 32 0 0 119
21 26 31 0 0 119
20 26 31 221 0 0
17 30 29 0 0 119
17 29 28 0 0 119
21 25 31 170 170 170
20 25 31 221 0 0
21 24 31 170 170 170
20 24 31 221 0 0
17 26 29 0 0 119
17 27 28 0 0 119
17 28 27 0 0 119
21 23 31 170 170 170
20 23 31 221 0 0
21 22 31 136 136 136
20 22 31 221 0 0
21 21 31 136 136 136
20 21 31 221 0 0
21 20 31 136 136 136
20 20 31 221 0 0
21 19 31 136 136 136
20 19 31 221 0 0
21 18 31 136 136 136
20 18 31 221 0 0
17 20 54 0 0 119
17 21 55 0 0 119
18 6 53 0 0 119
19 34 34 0 0 119
18 35 34 0 0 119
18 34 33 0 0 119
19 32 34 0 0 119
19 33 33 0 0 119
19 33 35 0 0 119
18 33 32 0 0 119
21 17 31 136 136 136
17 31 29 0 0 119
17 30 28 0 0 119
17 29 27 0 0 119
20 17 31 221 0 0
21 16 31 136 136 136
20 16 31 221 0 0
21 15 31 170 170 170
17 25 29 0 0 119
17 26 28 0 0 119
17 27 27 0 0 119
20 15 31 221 0 0
21 14 31 0 0 119
20 14 31 221 0 0
21 13 31 0 0 119
20 13 31 221 0 0
21 12 31 170 170 170
20 12 31 221 0 0
21 11 31 0 0 119
20 11 31 221 0 0
17 19 54 0 0 119
17 20 55 0 0 119
17 21 56 0 0 119
19 35 34 0 0 119
19 34 33 0 0 119
19 34 35 0 0 119
18 36 34 0 0 119
18 35 33 0 0 119
18 35 35 0 0 119
18 34 32 0 0 119
19 31 34 0 0 119
19 32 33 0 0 119
19 32 35 0 0 119
19 33 32 0 0 119
19 33 36 0 0 119
18 33 31 0 0 119
18 31 29 0 0 119
21 10 31 0 0 119
20 10 31 221 0 0
21 9 31 0 0 119
20 9 31 221 0 0
17 24 29 0 0 119
17 25 28 0 0 119
17 26 27 0 0 119
17 27 26 0 0 119
21 8 31 0 0 119
20 8 31 221 0 0
21 7 31 0 0 119
20 7 31 221 0 0
21 6 31 0 0 119
20 6 31 221 0 0
21 32 30 0 0 119
20 32 30 221 0 0
21 31 30 0 0 119
20 31 30 221 0 0
17 18 54 0 0 119
17 19 55 0 0 119
17 20 56 0 0 119
20 35 34 0 0 119
19 36 34 0 0 119
19 35 33 0 0 119
19 35 35 0 0 119
20 34 33 0 0 119
19 34 32 0 0 119
19 34 36 0 0 119
18 36 33 0 0 119
18 36 35 0 0 119
18 35 32 0 0 119
18 34 31 0 0 119
19 30 34 0 0 119
19 31 33 0 0 119
19 31 35 0 0 119
19 32 32 0 0 119
19 32 36 0 0 119
19 33 31 0 0 119
19 33 37 0 0 119
18 33 30 0 0 119
19 31 29 0 0 119
18 32 29 0 0 119
18 31 28 0 0 119
21 30 30 0 0 119
20 30 30 221 0 0
21 29 30 0 0 119
20 29 30 221 0 0
21 28 30 0 0 119
17 24 28 0 0 119
17 25 27 0 0 119
17 26 26 0 0 119
20 28 30 221 0 0
21 27 30 0 0 119
20 27 30 221 0 0
21 26 30 0 0 119
20 26 30 221 0 0
21 25 30 0 0 119
20 25 30 221 0 0
21 24 30 170 170 170
20 24 30 221 0 0
21 23 30 0 0 119
20 23 30 221 0 0
21 22 30 170 170 170
17 17 54 0 0 119
17 18 55 0 0 119
17 19 56 0 0 119
20 36 34 0 0 119
20 35 33 0 0 119
20 35 35 0 0 119
19 36 33 0 0 119
19 36 35 0 0 119
19 35 32 0 0 119
19 35 36 0 0 119
20 34 32 0 0 119
19 34 31 0 0 119
19 34 37 0 0 119
18 36 36 0 0 119
18 35 31 0 0 119
18 34 30 0 0 119
19 29 34 0 0 119
19 30 33 0 0 119
19 30 35 0 0 119
19 31 32 0 0 119
19 31 36 0 0 119
19 32 31 0 0 119
19 32 37 0 0 119
20 33 31 0 0 119
19 33 30 0 0 119
19 33 38 0 0 119
18 33 29 0 0 119
19 30 29 0 0 119
19 32 29 0 0 119
19 31 28 0 0 119
19 31 30 0 0 119
18 32 28 0 0 119
18 31 27 0 0 119
20 22 30 221 0 0
21 21 30 170 170 170
20 21 30 221 0 0
21 20 30 170 170 170
20 20 30 221 0 0
17 23 28 0 0 119
17 24 27 0 0 119
17 25 26 0 0 119
21 19 30 0 0 119
20 19 30 221 0 0
21 18 30 0 0 119
20 18 30 221 0 0
21 17 30 170 170 170
20 17 30 221 0 0
21 16 30 170 170 170
20 16 30 221 0 0
21 15 30 170 170 170
20 15 30 221 0 0
21 14 30 0 0 119
20 14 30 221 0 0
17 16 54 0 0 119
17 17 55 0 0 119
17 18 56 0 0 119
20 36 33 0 0 119
20 36 35 0 0 119
20 35 32 0 0 119
19 36 36 0 0 119
19 35 31 0 0 119
19 35 37 0 0 119
20 34 31 0 0 119
19 34 30 0 0 119
19 34 38 0 0 119
18 37 36 0 0 119
18 36 37 0 0 119
19 28 34 0 0 119
19 29 33 0 0 119
19 29 35 0 0 119
19 30 32 0 0 119
19 30 36 0 0 119
19 31 31 0 0 119
19 31 37 0 0 119
19 32 30 0 0 119
19 32 38 0 0 119
20 33 30 0 0 119
19 33 29 0 0 119
19 33 39 0 0 119
19 29 29 0 0 119
19 30 28 0 0 119
19 30 30 0 0 119
20 32 29 0 0 119
19 32 28 0 0 119
20 31 28 0 0 119
19 31 27 0 0 119
18 32 27 0 0 119
18 30 27 0 0 119
18 31 26 0 0 119
21 13 30 0 0 119
20 13 30 221 0 0
21 12 30 0 0 119
20 12 30 221 0 0
21 11 30 0 0 119
17 22 28 0 0 119
17 23 27 0 0 119
17 24 26 0 0 119
17 25 25 0 0 119
17 5 44 0 0 119
20 11 30 221 0 0
21 10 30 0 0 119
20 10 30 221 0 0
21 9 30 0 0 119
20 9 30 221 0 0
21 8 30 0 0 119
20 8 30 221 0 0
21 7 30 0 0 119
20 7 30 221 0 0
21 6 30 0 0 119
20 6 30 221 0 0
21 24 29 0 0 119
17 15 54 0 0 119
17 16 55 0 0 119
17 17 56 0 0 119
20 36 36 0 0 119
20 35 31 0 0 119
19 37 36 0 0 119
19 36 37 0 0 119
19 35 38 0 0 119
20 34 30 0 0 119
19 34 39 0 0 119
18 37 37 0 0 119
18 36 38 0 0 119
19 27 34 0 0 119
19 28 33 0 0 119
19 28 35 0 0 119
19 29 32 0 0 119
19 29 36 0 0 119
19 30 31 0 0 119
19 30 37 0 0 119
19 31 38 0 0 119
19 32 39 0 0 119
20 33 29 0 0 119
19 33 40 0 0 119
19 28 29 0 0 119
19 29 28 0 0 119
19 29 30 0 0 119
19 30 27 0 0 119
20 32 28 0 0 119
19 32 27 0 0 119
20 31 27 0 0 119
19 31 26 0 0 119
18 30 26 0 0 119
21 23 29 0 0 119
21 22 29 0 0 119
21 21 29 0 0 119
21 20 29 170 170 170
21 19 29 0 0 119
17 21 28 0 0 119
17 22 27 0 0 119
17 23 26 0 0 119
17 24 25 0 0 119
17 4 44 0 0 119
17 5 43 0 0 119
17 5 45 0 0 119
21 18 29 0 0 119
21 17 29 0 0 119
21 16 29 170 170 170
21 15 29 0 0 119
17 23 29 0 0 119
17 22 29 170 170 170
17 21 29 0 0 119
17 20 29 0 0 119
17 19 29 0 0 119
17 18 29 170 170 170
17 17 29 0 0 119
17 16 29 0 0 119
17 15 29 0 0 119
17 14 29 0 0 119
18 32 30 221 0 0
17 32 30 0 0 119
18 31 30 221 0 0
17 31 30 0 0 119
18 30 30 221 0 0
17 30 30 0 0 119
18 29 30 221 0 0
17 29 30 0 0 119
18 28 30 221 0 0
17 28 30 0 0 119
18 27 30 221 0 0
17 27 30 0 0 119
18 26 30 221 0 0
17 26 30 0 0 119
18 25 30 221 0 0
17 25 30 0 0 119
18 24 30 221 0 0
17 24 30 0 0 119
18 23 30 221 0 0
17 23 30 170 170 170
18 22 30 221 0 0
17 22 30 170 170 170
18 21 30 221 0 0
17 21 30 170 170 170
18 20 30 221 0 0
17 20 30 0 0 119
18 19 30 221 0 0
17 19 30 0 0 119
18 18 30 221 0 0
17 18 30 170 170 170
18 17 30 221 0 0
17 17 30 170 170 170
18 16 30 221 0 0
17 16 30 170 170 170
18 15 30 221 0 0
17 15 30 0 0 119
18 14 30 221 0 0
17 14 30 170 170 170
18 13 30 221 0 0
17 13 30 0 0 119
18 12 30 221 0 0
17 12 30 0 0 119
18 11 30 221 0 0
17 11 30 0 0 119
18 10 30 221 0 0
17 10 30 0 0 119
18 9 30 221 0 0
17 9 30 0 0 119
18 8 30 221 0 0
17 8 30 0 0 119
18 7 30 221 0 0
17 7 30 0 0 119
18 6 30 221 0 0
17 6 30 0 0 119
18 32 31 221 0 0
17 32 31 0 0 119
18 31 31 221 0 0
17 31 31 0 0 119
18 30 31 221 0 0
17 30 31 0 0 119
18 29 31 221 0 0
17 29 31 0 0 119
18 28 31 221 0 0
17 28 31 0 0 119
18 27 31 221 0 0
17 27 31 0 0 119
18 26 31 221 0 0
17 26 31 170 170 170
18 25 31 221 0 0
17 25 31 0 0 119
18 24 31 221 0 0
17 24 31 0 0 119
18 23 31 221 0 0
17 23 31 170 170 170
18 22 31 221 0 0
17 22 31 136 136 136
18 21 31 221 0 0
17 21 31 136 136 136
18 20 31 221 0 0
17 20 31 136 136 136
18 19 31 221 0 0
17 19 31 136 136 136
18 18 31 221 0 0
17 18 31 136 136 136
18 17 31 221 0 0
17 17 31 136 136 136
18 16 31 221 0 0
17 16 31 136 136 136
18 15 31 221 0 0
17 15 31 170 170 170
18 14 31 221 0 0
17 14 31 170 170 170
18 13 31 221 0 0
17 13 31 170 170 170
18 12 31 221 0 0
17 12 31 0 0 119
18 11 31 221 0 0
17 11 31 0 0 119
18 10 31 221 0 0
17 10 31 0 0 119
18 9 31 221 0 0
17 9 31 0 0 119
18 8 31 221 0 0
17 8 31 0 0 119
18 7 31 221 0 0
17 7 31 0 0 119
18 6 31 221 0 0
17 6 31 0 0 119
18 32 32 221 0 0
17 32 32 0 0 119
18 31 32 221 0 0
17 31 32 0 0 119
18 30 32 221 0 0
17 30 32 0 0 119
18 29 32 221 0 0
17 29 32 0 0 119
18 28 32 221 0 0
17 28 32 0 0 119
18 27 32 221 0 0
17 27 32 170 170 170
18 26 32 221 0 0
17 26 32 170 170 170
18 25 32 221 0 0
17 25 32 170 170 170
18 24 32 221 0 0
17 24 32 136 136 136
18 23 32 221 0 0
17 23 32 136 136 136
18 22 32 221 0 0
17 22 32 136 136 136
18 21 32 221 0 0
17 21 32 136 136 136
18 20 32 221 0 0
17 20 32 136 136 136
18 19 32 221 0 0
17 19 32 136 136 136
18 18 32 221 0 0
17 18 32 136 136 136
18 17 32 221 0 0
17 17 32 136 136 136
18 16 32 221 0 0
17 16 32 136 136 136
18 15 32 221 0 0
17 15 32 136 136 136
18 14 32 221 0 0
17 14 32 136 136 136
18 13 32 221 0 0
17 13 32 170 170 170
18 12 32 221 0 0
17 12 32 0 0 119
18 11 32 221 0 0
17 11 32 170 170 170
18 10 32 221 0 0
17 10 32 0 0 119
18 9 32 221 0 0
17 9 32 0 0 119
18 8 32 221 0 0
17 8 32 0 0 119
18 7 32 221 0 0
17 7 32 0 0 119
18 6 32 221 0 0
17 6 32 0 0 119
18 32 33 221 0 0
17 32 33 0 0 119
18 31 33 221 0 0
17 31 33 0 0 119
18 30 33 221 0 0
17 30 33 0 0 119
18 29 33 221 0 0
17 29 33 0 0 119
18 28 33 221 0 0
17 28 33 0 0 119
18 27 33 221 0 0
17 27 33 0 0 119
18 26 33 221 0 0
17 26 33 170 170 170
18 25 33 221 0 0
17 25 33 136 136 136
18 24 33 221 0 0
17 24 33 136 136 136
18 23 33 221 0 0
17 23 33 136 136 136
18 22 33 221 0 0
17 22 33 136 136 136
18 21 33 221 0 0
17 21 33 119 119 119
18 20 33 221 0 0
17 20 33 119 119 119
18 19 33 221 0 0
17 19 33 119 119 119
18 18 33 221 0 0
17 18 33 119 119 119
18 17 33 221 0 0
17 17 33 119 119 119
18 16 33 221 0 0
17 16 33 136 136 136
18 15 33 221 0 0
17 15 33 136 136 136
18 14 33 221 0 0
17 14 33 136 136 136
18 13 33 221 0 0
17 13 33 136 136 136
18 12 33 221 0 0
17 12 33 170 170 170
18 11 33 221 0 0
17 11 33 170 170 170
18 10 33 221 0 0
17 10 33 170 170 170
18 9 33 221 0 0
17 9 33 0 0 119
18 8 33 221 0 0
17 8 33 0 0 119
18 7 33 221 0 0
17 7 33 0 0 119
18 6 33 221 0 0
17 6 33 0 0 119
18 32 34 221 0 0
17 32 34 0 0 119
18 31 34 221 0 0
17 31 34 0 0 119
18 30 34 221 0 0
17 30 34 0 0 119
18 29 34 221 0 0
17 29 34 170 170 170
18 28 34 221 0 0
17 28 34 0 0 119
18 27 34 221 0 0
17 27 34 0 0 119
18 26 34 0 0 119
17 26 34 136 136 136
18 25 34 0 0 119
17 25 34 136 136 136
18 24 34 0 0 119
17 24 34 136 136 136
18 23 34 0 0 119
17 23 34 119 119 119
18 22 34 0 0 119
17 22 34 119 119 119
18 21 34 0 0 119
17 21 34 119 119 119
18 20 34 0 0 119
17 20 34 119 119 119
18 19 34 0 0 119
17 19 34 119 119 119
18 18 34 0 0 119
17 18 34 119 119 119
18 17 34 0 0 119
17 17 34 119 119 119
18 16 34 0 0 119
17 16 34 119 119 119
18 15 34 0 0 119
17 15 34 119 119 119
18 14 34 0 0 119
17 14 34 136 136 136
18 13 34 0 0 119
17 13 34 136 136 136
18 12 34 0 0 119
17 12 34 136 136 136
18 11 34 0 0 119
17 11 34 170 170 170
18 10 34 221 0 0
17 10 34 0 0 119
18 9 34 221 0 0
17 9 34 0 0 119
18 8 34 221 0 0
17 8 34 0 0 119
18 7 34 221 0 0
17 7 34 0 0 119
18 6 34 221 0 0
17 6 34 0 0 119
18 32 35 221 0 0
17 32 35 0 0 119
18 31 35 221 0 0
17 31 35 0 0 119
18 30 35 221 0 0
17 30 35 0 0 119
18 29 35 221 0 0
17 29 35 170 170 170
18 28 35 221 0 0
17 28 35 170 170 170
18 27 35 221 0 0
17 27 35 136 136 136
18 26 35 0 0 119
17 26 35 136 136 136
18 25 35 0 0 119
17 25 35 119 119 119
18 24 35 0 0 119
17 24 35 119 119 119
18 23 35 0 0 119
17 23 35 119 119 119
18 22 35 0 0 119
17 22 35 119 119 119
18 21 35 0 0 119
17 21 35 119 119 119
18 20 35 0 0 119
17 20 35 119 119 119
18 19 35 0 0 119
17 19 35 119 119 119
18 18 35 0 0 119
17 18 35 119 119 119
18 17 35 0 0 119
17 17 35 119 119 119
18 16 35 0 0 119
17 16 35 119 119 119
18 15 35 0 0 119
17 15 35 119 119 119
18 14 35 0 0 119
17 14 35 119 119 119
18 13 35 0 0 119
17 13 35 119 119 119
18 12 35 0 0 119
17 12 35 136 136 136
18 11 35 0 0 119
17 11 35 136 136 136
18 10 35 221 0 0
17 10 35 170 170 170
18 9 35 221 0 0
17 9 35 170 170 170
18 8 35 221 0 0
17 8 35 0 0 119
18 7 35 221 0 0
17 7 35 0 0 119
18 6 35 221 0 0
17 6 35 0 0 119
18 32 36 221 0 0
17 32 36 0 0 119
18 31 36 221 0 0
17 31 36 0 0 119
18 30 36 221 0 0
17 30 36 0 0 119
18 29 36 221 0 0
17 29 36 170 170 170
18 28 36 221 0 0
17 28 36 136 136 136
18 27 36 221 0 0
17 27 36 136 136 136
18 26 36 0 0 119
17 26 36 136 136 136
18 25 36 0 0 119
17 25 36 119 119 119
18 24 36 0 0 119
17 24 36 119 119 119
18 23 36 0 0 119
17 23 36 119 119 119
18 22 36 0 0 119
17 22 36 119 119 119
18 21 36 0 0 119
17 21 36 17 17 17
18 20 36 0 0 119
17 20 36 17 17 17
18 19 36 0 0 119
17 19 36 17 17 17
18 18 36 0 0 119
17 18 36 17 17 17
18 17 36 0 0 119
17 17 36 17 17 17
18 16 36 0 0 119
17 16 36 119 119 119
18 15 36 0 0 119
17 15 36 119 119 119
18 14 36 0 0 119
17 14 36 119 119 119
18 13 36 0 0 119
17 13 36 119 119 119
18 12 36 0 0 119
17 12 36 136 136 136
18 11 36 0 0 119
17 11 36 136 136 136
18 10 36 221 0 0
17 10 36 136 136 136
18 9 36 221 0 0
17 9 36 170 170 170
18 8 36 221 0 0
17 8 36 0 0 119
18 7 36 221 0 0
17 7 36 0 0 119
18 6 36 221 0 0
17 6 36 0 0 119
18 32 37 221 0 0
17 32 37 0 0 119
18 31 37 221 0 0
17 31 37 0 0 119
18 30 37 221 0 0
17 30 37 0 0 119
18 29 37 221 0 0
17 29 37 0 0 119
18 28 37 221 0 0
17 28 37 136 136 136
18 27 37 221 0 0
17 27 37 136 136 136
18 26 37 0 0 119
17 26 37 119 119 119
18 25 37 0 0 119
17 25 37 119 119 119
18 24 37 0 0 119
17 24 37 119 119 119
18 23 37 0 0 119
17 23 37 119 119 119
18 22 37 0 0 119
17 22 37 17 17 17
18 21 37 0 0 119
17 21 37 17 17 17
18 20 37 0 0 119
17 20 37 17 17 17
18 19 37 0 0 119
17 19 37 17 17 17
18 18 37 0 0 119
17 18 37 17 17 17
18 17 37 0 0 119
17 17 37 17 17 17
18 16 37 0 0 119
17 16 37 17 17 17
18 15 37 0 0 119
17 15 37 119 119 119
18 14 37 0 0 119
17 14 37 119 119 119
18 13 37 0 0 119
17 13 37 119 119 119
18 12 37 0 0 119
17 12 37 119 119 119
18 11 37 0 0 119
17 11 37 136 136 136
18 10 37 221 0 0
17 10 37 136 136 136
18 9 37 221 0 0
17 9 37 0 0 119
18 8 37 221 0 0
17 8 37 0 0 119
18 7 37 221 0 0
17 7 37 0 0 119
18 6 37 221 0 0
17 6 37 0 0 119
18 32 38 221 0 0
17 32 38 0 0 119
18 31 38 221 0 0
17 31 38 170 170 170
18 30 38 221 0 0
17 30 38 170 170 170
18 29 38 221 0 0
17 29 38 136 136 136
18 28 38 221 0 0
17 28 38 136 136 136
18 27 38 221 0 0
17 27 38 136 136 136
18 26 38 0 0 119
17 26 38 119 119 119
18 25 38 0 0 119
17 25 38 119 119 119
18 24 38 0 0 119
17 24 38 119 119 119
18 23 38 0 0 119
17 23 38 17 17 17
18 22 38 0 0 119
17 22 38 17 17 17
18 21 38 0 0 119
17 21 38 17 17 17
18 20 38 0 0 119
17 20 38 17 17 17
18 19 38 0 0 119
17 19 38 17 17 17
18 18 38 0 0 119
17 18 38 17 17 17
18 17 38 0 0 119
17 17 38 17 17 17
18 16 38 0 0 119
17 16 38 17 17 17
18 15 38 0 0 119
17 15 38 17 17 17
18 14 38 0 0 119
17 14 38 119 119 119
18 13 38 0 0 119
17 13 38 119 119 119
18 12 38 0 0 119
17 12 38 119 119 119
18 11 38 0 0 119
17 11 38 136 136 136
18 10 38 221 0 0
17 10 38 136 136 136
18 9 38 221 0 0
17 9 38 136 136 136
18 8 38 221 0 0
17 8 38 170 170 170
18 7 38 221 0 0
17 7 38 0 0 119
18 6 38 221 0 0
17 6 38 0 0 119
18 32 39 221 0 0
17 32 39 0 0 119
18 31 39 221 0 0
17 31 39 170 170 170
18 30 39 221 0 0
17 30 39 170 170 170
18 29 39 221 0 0
17 29 39 136 136 136
18 28 39 221 0 0
17 28 39 136 136 136
18 27 39 221 0 0
17 27 39 119 119 119
18 26 39 0 0 119
17 26 39 119 119 119
18 25 39 0 0 119
17 25 39 119 119 119
18 24 39 0 0 119
17 24 39 17 17 17
18 23 39 0 0 119
17 23 39 17 17 17
18 22 39 0 0 119
17 22 39 17 17 17
18 21 39 0 0 119
17 21 39 17 17 17
18 20 39 0 0 119
17 20 39 17 17 17
18 19 39 0 0 119
17 19 39 17 17 17
18 18 39 0 0 119
17 18 39 17 17 17
18 17 39 0 0 119
17 17 39 17 17 17
18 16 39 0 0 119
17 16 39 17 17 17
18 15 39 0 0 119
17 15 39 17 17 17
18 14 39 0 0 119
17 14 39 17 17 17
18 13 39 0 0 119
17 13 39 119 119 119
18 12 39 0 0 119
17 12 39 119 119 119
18 11 39 0 0 119
17 11 39 119 119 119
18 10 39 221 0 0
17 10 39 136 136 136
18 9 39 221 0 0
17 9 39 136 136 136
18 8 39 221 0 0
17 8 39 170 170 170
18 7 39 221 0 0
17 7 39 170 170 170
18 6 39 221 0 0
17 6 39 0 0 119
18 32 40 221 0 0
17 32 40 0 0 119
18 31 40 221 0 0
17 31 40 0 0 119
18 30 40 221 0 0
17 30 40 170 170 170
18 29 40 221 0 0
17 29 40 136 136 136
18 28 40 221 0 0
17 28 40 136 136 136
18 27 40 221 0 0
17 27 40 119 119 119
18 26 40 0 0 119
17 26 40 119 119 119
18 25 40 0 0 119
17 25 40 119 119 119
18 24 40 0 0 119
17 24 40 17 17 17
18 23 40 0 0 119
17 23 40 17 17 17
18 22 40 0 0 119
17 22 40 17 17 17
18 21 40 0 0 119
17 21 40 17 17 17
18 20 40 0 0 119
17 20 40 17 17 17
18 19 40 0 0 119
17 19 40 17 17 17
18 18 40 0 0 119
17 18 40 17 17 17
18 17 40 0 0 119
17 17 40 17 17 17
18 16 40 0 0 119
17 16 40 17 17 17
18 15 40 0 0 119
17 15 40 17 17 17
18 14 40 0 0 119
17 14 40 17 17 17
18 13 40 0 0 119
17 13 40 119 119 119
18 12 40 0 0 119
17 12 40 119 119 119
18 11 40 0 0 119
17 11 40 119 119 119
18 10 40 221 0 0
17 10 40 136 136 136
18 9 40 221 0 0
17 9 40 136 136 136
18 8 40 221 0 0
17 8 40 170 170 170
18 7 40 221 0 0
17 7 40 0 0 119
18 6 40 221 0 0
17 6 40 0 0 119
18 32 41 221 0 0
17 32 41 0 0 119
18 31 41 221 0 0
17 31 41 0 0 119
18 30 41 221 0 0
17 30 41 0 0 119
18 29 41 221 0 0
17 29 41 136 136 136
18 28 41 221 0 0
17 28 41 136 136 136
18 27 41 221 0 0
17 27 41 119 119 119
18 26 41 0 0 119
17 26 41 119 119 119
18 25 41 0 0 119
17 25 41 119 119 119
18 24 41 0 0 119
17 24 41 17 17 17
18 23 41 0 0 119
17 23 41 17 17 17
18 22 41 0 0 119
17 22 41 17 17 17
18 21 41 0 0 119
17 21 41 17 17 17
18 20 41 0 0 119
17 20 41 17 17 17
18 19 41 0 0 119
17 19 41 17 17 17
18 18 41 0 0 119
17 18 41 17 17 17
18 17 41 0 0 119
17 17 41 17 17 17
18 16 41 0 0 119
17 16 41 17 17 17
18 15 41 0 0 119
17 15 41 17 17 17
18 14 41 0 0 119
17 14 41 17 17 17
18 13 41 0 0 119
17 13 41 119 119 119
18 12 41 0 0 119
17 12 41 119 119 119
18 11 41 0 0 119
17 11 41 119 119 119
18 10 41 221 0 0
17 10 41 136 136 136
18 9 41 221 0 0
17 9 41 136 136 136
18 8 41 221 0 0
17 8 41 0 0 119
18 7 41 221 0 0
17 7 41 0 0 119
18 6 41 221 0 0
17 6 41 0 0 119
18 32 42 221 0 0
17 32 42 0 0 119
18 31 42 221 0 0
17 31 42 0 0 119
18 30 42 221 0 0
17 30 42 170 170 170
18 29 42 221 0 0
17 29 42 136 136 136
18 28 42 221 0 0
17 28 42 136 136 136
18 27 42 221 0 0
17 27 42 119 119 119
18 26 42 0 0 119
17 26 42 119 119 119
18 25 42 0 0 119
17 25 42 119 119 119
18 24 42 0 0 119
17 24 42 17 17 17
18 23 42 0 0 119
17 23 42 17 17 17
18 22 42 0 0 119
17 22 42 17 17 17
18 21 42 0 0 119
17 21 42 17 17 17
18 20 42 0 0 119
17 20 42 17 17 17
18 19 42 0 0 119
17 19 42 17 17 17
18 18 42 0 0 119
17 18 42 17 17 17
18 17 42 0 0 119
17 17 42 17 17 17
18 16 42 0 0 119
17 16 42 17 17 17
18 15 42 0 0 119
17 15 42 17 17 17
18 14 42 0 0 119
17 14 42 17 17 17
18 13 42 0 0 119
17 13 42 119 119 119
18 12 42 0 0 119
17 12 42 119 119 119
18 11 42 0 0 119
17 11 42 119 119 119
18 10 42 221 0 0
17 10 42 136 136 136
18 9 42 221 0 0
17 9 42 136 136 136
18 8 42 221 0 0
17 8 42 170 170 170
18 7 42 221 0 0
17 7 42 0 0 119
18 6 42 221 0 0
17 6 42 0 0 119
18 32 43 221 0 0
17 32 43 0 0 119
18 31 43 221 0 0
17 31 43 170 170 170
18 30 43 221 0 0
17 30 43 170 170 170
18 29 43 221 0 0
17 29 43 136 136 136
18 28 43 221 0 0
17 28 43 136 136 136
18 27 43 221 0 0
17 27 43 119 119 119
18 26 43 0 0 119
17 26 43 119 119 119
18 25 43 0 0 119
17 25 43 119 119 119
18 24 43 0 0 119
17 24 43 17 17 17
18 23 43 0 0 119
17 23 43 17 17 17
18 22 43 0 0 119
17 22 43 238 238 238
18 21 43 0 0 119
17 21 43 17 17 17
18 20 43 0 0 119
17 20 43 17 17 17
18 19 43 0 0 119
17 19 43 17 17 17
18 18 43 0 0 119
17 18 43 17 17 17
18 17 43 0 0 119
17 17 43 17 17 17
18 16 43 0 0 119
17 16 43 17 17 17
18 15 43 0 0 119
17 15 43 17 17 17
18 14 43 0 0 119
17 14 43 17 17 17
18 13 43 0 0 119
17 13 43 119 119 119
18 12 43 0 0 119
17 12 43 119 119 119
18 11 43 0 0 119
17 11 43 119 119 119
18 10 43 221 0 0
17 10 43 136 136 136
18 9 43 221 0 0
17 9 43 136 136 136
18 8 43 221 0 0
17 8 43 170 170 170
18 7 43 221 0 0
17 7 43 170 170 170
18 6 43 221 0 0
17 6 43 0 0 119
18 32 44 221 0 0
17 32 44 0 0 119
18 31 44 221 0 0
17 31 44 0 0 119
18 30 44 221 0 0
17 30 44 0 0 119
18 29 44 221 0 0
17 29 44 136 136 136
18 28 44 221 0 0
17 28 44 136 136 136
18 27 44 221 0 0
17 27 44 136 136 136
18 26 44 0 0 119
17 26 44 119 119 119
18 25 44 0 0 119
17 25 44 119 119 119
18 24 44 0 0 119
17 24 44 119 119 119
18 23 44 0 0 119
17 23 44 17 17 17
18 22 44 0 0 119
17 22 44 238 238 238
18 21 44 0 0 119
17 21 44 238 238 238
18 20 44 0 0 119
17 20 44 17 17 17
18 19 44 0 0 119
17 19 44 17 17 17
18 18 44 0 0 119
17 18 44 17 17 17
18 17 44 0 0 119
17 17 44 17 17 17
18 16 44 0 0 119
17 16 44 17 17 17
18 15 44 0 0 119
17 15 44 17 17 17
18 14 44 0 0 119
17 14 44 119 119 119
18 13 44 0 0 119
17 13 44 119 119 119
18 12 44 0 0 119
17 12 44 119 119 119
18 11 44 0 0 119
17 11 44 136 136 136
18 10 44 221 0 0
17 10 44 136 136 136
18 9 44 221 0 0
17 9 44 136 136 136
18 8 44 221 0 0
17 8 44 0 0 119
18 7 44 221 0 0
17 7 44 0 0 119
18 6 44 221 0 0
17 6 44 0 0 119
18 32 45 221 0 0
17 32 45 0 0 119
18 31 45 221 0 0
17 31 45 0 0 119
18 30 45 221 0 0
17 30 45 170 170 170
18 29 45 221 0 0
17 29 45 170 170 170
18 28 45 221 0 0
17 28 45 136 136 136
18 27 45 221 0 0
17 27 45 136 136 136
18 26 45 0 0 119
17 26 45 119 119 119
18 25 45 0 0 119
17 25 45 119 119 119
18 24 45 0 0 119
17 24 45 119 119 119
18 23 45 0 0 119
17 23 45 119 119 119
18 22 45 0 0 119
17 22 45 17 17 17
18 21 45 0 0 119
17 21 45 17 17 17
18 20 45 0 0 119
17 20 45 17 17 17
18 19 45 0 0 119
17 19 45 17 17 17
18 18 45 0 0 119
17 18 45 17 17 17
18 17 45 0 0 119
17 17 45 17 17 17
18 16 45 0 0 119
17 16 45 17 17 17
18 15 45 0 0 119
17 15 45 119 119 119
18 14 45 0 0 119
17 14 45 119 119 119
18 13 45 0 0 119
17 13 45 119 119 119
18 12 45 0 0 119
17 12 45 119 119 119
18 11 45 0 0 119
17 11 45 136 136 136
18 10 45 221 0 0
17 10 45 136 136 136
18 9 45 221 0 0
17 9 45 170 170 170
18 8 45 221 0 0
17 8 45 170 170 170
18 7 45 221 0 0
17 7 45 0 0 119
18 6 45 221 0 0
17 6 45 0 0 119
18 32 46 221 0 0
17 32 46 0 0 119
18 31 46 221 0 0
17 31 46 0 0 119
18 30 46 221 0 0
17 30 46 0 0 119
18 29 46 221 0 0
17 29 46 170 170 170
18 28 46 221 0 0
17 28 46 136 136 136
18 27 46 221 0 0
17 27 46 136 136 136
18 26 46 0 0 119
17 26 46 136 136 136
18 25 46 0 0 119
17 25 46 119 119 119
18 24 46 0 0 119
17 24 46 119 119 119
18 23 46 0 0 119
17 23 46 119 119 119
18 22 46 0 0 119
17 22 46 119 119 119
18 21 46 0 0 119
17 21 46 17 17 17
18 20 46 0 0 119
17 20 46 17 17 17
18 19 46 0 0 119
17 19 46 17 17 17
18 18 46 0 0 119
17 18 46 17 17 17
18 17 46 0 0 119
17 17 46 17 17 17
18 16 46 0 0 119
17 16 46 119 119 119
18 15 46 0 0 119
17 15 46 119 119 119
18 14 46 0 0 119
17 14 46 119 119 119
18 13 46 0 0 119
17 13 46 119 119 119
18 12 46 0 0 119
17 12 46 136 136 136
18 11 46 0 0 119
17 11 46 136 136 136
18 10 46 221 0 0
17 10 46 136 136 136
18 9 46 221 0 0
17 9 46 0 0 119
18 8 46 221 0 0
17 8 46 0 0 119
18 7 46 221 0 0
17 7 46 0 0 119
18 6 46 221 0 0
17 6 46 0 0 119
18 32 47 221 0 0
17 32 47 0 0 119
18 31 47 221 0 0
17 31 47 0 0 119
18 30 47 221 0 0
17 30 47 0 0 119
18 29 47 221 0 0
17 29 47 0 0 119
18 28 47 221 0 0
17 28 47 170 170 170
18 27 47 221 0 0
17 27 47 136 136 136
18 26 47 0 0 119
17 26 47 136 136 136
18 25 47 0 0 119
17 25 47 119 119 119
18 24 47 0 0 119
17 24 47 119 119 119
18 23 47 0 0 119
17 23 47 119 119 119
18 22 47 0 0 119
17 22 47 119 119 119
18 21 47 0 0 119
17 21 47 119 119 119
18 20 47 0 0 119
17 20 47 119 119 119
18 19 47 0 0 119
17 19 47 238 238 238
18 18 47 0 0 119
17 18 47 119 119 119
18 17 47 0 0 119
17 17 47 119 119 119
18 16 47 0 0 119
17 16 47 119 119 119
18 15 47 0 0 119
17 15 47 119 119 119
18 14 47 0 0 119
17 14 47 119 119 119
18 13 47 0 0 119
17 13 47 119 119 119
18 12 47 0 0 119
17 12 47 136 136 136
18 11 47 0 0 119
17 11 47 136 136 136
18 10 47 221 0 0
17 10 47 170 170 170
18 9 47 221 0 0
17 9 47 170 170 170
18 8 47 221 0 0
17 8 47 0 0 119
18 7 47 221 0 0
17 7 47 0 0 119
18 6 47 221 0 0
17 6 47 0 0 119
18 32 48 221 0 0
17 32 48 0 0 119
18 31 48 221 0 0
17 31 48 0 0 119
18 30 48 221 0 0
17 30 48 0 0 119
18 29 48 221 0 0
17 29 48 0 0 119
18 28 48 221 0 0
17 28 48 170 170 170
18 27 48 221 0 0
17 27 48 170 170 170
18 26 48 0 0 119
17 26 48 136 136 136
18 25 48 0 0 119
17 25 48 136 136 136
18 24 48 0 0 119
17 24 48 136 136 136
18 23 48 0 0 119
17 23 48 119 119 119
18 22 48 0 0 119
17 22 48 119 119 119
18 21 48 0 0 119
17 21 48 119 119 119
18 20 48 0 0 119
17 20 48 119 119 119
18 19 48 0 0 119
17 19 48 238 238 238
18 18 48 0 0 119
17 18 48 221 0 0
18 17 48 0 0 119
17 17 48 119 119 119
18 16 48 0 0 119
17 16 48 119 119 119
18 15 48 0 0 119
17 15 48 119 119 119
18 14 48 0 0 119
17 14 48 136 136 136
18 13 48 0 0 119
17 13 48 136 136 136
18 12 48 0 0 119
17 12 48 136 136 136
18 11 48 0 0 119
17 11 48 0 0 119
18 10 48 221 0 0
17 10 48 0 0 119
18 9 48 221 0 0
17 9 48 0 0 119
18 8 48 221 0 0
17 8 48 0 0 119
18 7 48 221 0 0
17 7 48 0 0 119
18 6 48 221 0 0
17 6 48 0 0 119
18 32 49 221 0 0
17 32 49 0 0 119
18 31 49 221 0 0
17 31 49 0 0 119
18 30 49 221 0 0
17 30 49 0 0 119
18 29 49 221 0 0
17 29 49 0 0 119
18 28 49 221 0 0
17 28 49 170 170 170
18 27 49 221 0 0
17 27 49 0 0 119
18 26 49 0 0 119
17 26 49 170 170 170
18 25 49 0 0 119
17 25 49 136 136 136
18 24 49 0 0 119
17 24 49 136 136 136
18 23 49 0 0 119
17 23 49 136 136 136
18 22 49 0 0 119
17 22 49 136 136 136
18 21 49 0 0 119
17 21 49 119 119 119
18 20 49 0 0 119
17 20 49 119 119 119
18 19 49 0 0 119
17 19 49 119 119 119
18 18 49 0 0 119
17 18 49 238 238 238
18 17 49 0 0 119
17 17 49 221 0 0
18 16 49 0 0 119
17 16 49 136 136 136
18 15 49 0 0 119
17 15 49 136 136 136
18 14 49 0 0 119
17 14 49 136 136 136
18 13 49 0 0 119
17 13 49 136 136 136
18 12 49 0 0 119
17 12 49 170 170 170
18 11 49 0 0 119
17 11 49 170 170 170
18 10 49 221 0 0
17 10 49 0 0 119
18 9 49 221 0 0
17 9 49 0 0 119
18 8 49 221 0 0
17 8 49 0 0 119
18 7 49 221 0 0
17 7 49 0 0 119
18 6 49 221 0 0
17 6 49 0 0 119
18 32 50 221 0 0
17 32 50 0 0 119
18 31 50 221 0 0
17 31 50 0 0 119
18 30 50 221 0 0
17 30 50 0 0 119
18 29 50 221 0 0
17 29 50 0 0 119
18 28 50 221 0 0
17 28 50 0 0 119
18 27 50 221 0 0
17 27 50 0 0 119
18 26 50 0 0 119
17 26 50 170 170 170
18 25 50 0 0 119
17 25 50 170 170 170
18 24 50 0 0 119
17 24 50 136 136 136
18 23 50 0 0 119
17 23 50 136 136 136
18 22 50 0 0 119
17 22 50 136 136 136
18 21 50 0 0 119
17 21 50 136 136 136
18 20 50 0 0 119
17 20 50 136 136 136
18 19 50 0 0 119
17 19 50 136 136 136
18 18 50 0 0 119
17 18 50 221 0 0
18 17 50 0 0 119
17 17 50 136 136 136
18 16 50 0 0 119
17 16 50 136 136 136
18 15 50 0 0 119
17 15 50 136 136 136
18 14 50 0 0 119
17 14 50 136 136 136
18 13 50 0 0 119
17 13 50 170 170 170
18 12 50 0 0 119
17 12 50 0 0 119
18 11 50 0 0 119
17 11 50 170 170 170
18 10 50 221 0 0
17 10 50 0 0 119
18 9 50 221 0 0
17 9 50 0 0 119
18 8 50 221 0 0
17 8 50 0 0 119
18 7 50 221 0 0
17 7 50 0 0 119
18 6 50 221 0 0
17 6 50 0 0 119
18 32 51 0 0 119
18 31 51 221 0 0
17 31 51 0 0 119
18 30 51 221 0 0
17 30 51 0 0 119
18 29 51 221 0 0
17 29 51 0 0 119
18 28 51 221 0 0
17 28 51 0 0 119
18 27 51 221 0 0
17 27 51 0 0 119
18 26 51 221 0 0
17 26 51 170 170 170
18 25 51 221 0 0
17 25 51 0 0 119
18 24 51 221 0 0
17 24 51 170 170 170
18 23 51 0 0 119
17 23 51 170 170 170
18 22 51 0 0 119
17 22 51 136 136 136
18 21 51 221 0 0
17 21 51 136 136 136
18 20 51 0 0 119
17 20 51 136 136 136
18 19 51 0 0 119
17 19 51 136 136 136
18 18 51 0 0 119
17 18 51 136 136 136
18 17 51 221 0 0
17 17 51 136 136 136
18 16 51 0 0 119
17 16 51 136 136 136
18 15 51 0 0 119
17 15 51 0 0 119
18 14 51 221 0 0
17 14 51 170 170 170
18 13 51 221 0 0
17 13 51 170 170 170
18 12 51 221 0 0
17 12 51 0 0 119
18 11 51 221 0 0
17 11 51 0 0 119
18 10 51 221 0 0
17 10 51 0 0 119
18 9 51 221 0 0
17 9 51 0 0 119
18 8 51 221 0 0
17 8 51 0 0 119
18 7 51 221 0 0
17 7 51 0 0 119
18 6 51 0 0 119
18 32 52 0 0 119
18 31 52 0 0 119
18 30 52 221 0 0
17 30 52 0 0 119
18 29 52 221 0 0
17 29 52 0 0 119
18 28 52 221 0 0
17 28 52 0 0 119
18 27 52 221 0 0
17 27 52 0 0 119
18 26 52 221 0 0
17 26 52 0 0 119
18 25 52 221 0 0
17 25 52 0 0 119
18 24 52 221 0 0
17 24 52 170 170 170
18 23 52 221 0 0
17 23 52 0 0 119
18 22 52 0 0 119
17 22 52 170 170 170
18 21 52 0 0 119
17 21 52 170 170 170
18 20 52 0 0 119
17 20 52 170 170 170
18 19 52 0 0 119
17 19 52 0 0 119
18 18 52 0 0 119
17 18 52 0 0 119
18 17 52 0 0 119
17 17 52 170 170 170
18 16 52 0 0 119
17 16 52 170 170 170
18 15 52 221 0 0
17 15 52 0 0 119
18 14 52 221 0 0
17 14 52 0 0 119
18 13 52 221 0 0
17 13 52 0 0 119
18 12 52 221 0 0
17 12 52 0 0 119
18 11 52 221 0 0
17 11 52 0 0 119
18 10 52 221 0 0
17 10 52 0 0 119
18 9 52 221 0 0
17 9 52 0 0 119
18 8 52 221 0 0
17 8 52 0 0 119
18 7 52 0 0 119
18 6 52 0 0 119
18 32 53 0 0 119
18 31 53 0 0 119
18 30 53 0 0 119
18 29 53 221 0 0
17 29 53 0 0 119
18 28 53 221 0 0
17 28 53 0 0 119
18 27 53 221 0 0
17 27 53 0 0 119
18 26 53 221 0 0
17 26 53 0 0 119
18 25 53 221 0 0
17 25 53 0 0 119
18 24 53 221 0 0
17 24 53 0 0 119
18 23 53 221 0 0
17 23 53 0 0 119
18 22 53 221 0 0
17 22 53 0 0 119
18 21 53 0 0 119
17 21 53 170 170 170
18 20 53 0 0 119
17 20 53 0 0 119
18 19 53 0 0 119
17 19 53 0 0 119
18 18 53 0 0 119
17 18 53 0 0 119
18 17 53 0 0 119
17 17 53 170 170 170
18 16 53 221 0 0
17 16 53 0 0 119
18 15 53 221 0 0
17 15 53 0 0 119
18 14 53 221 0 0
17 14 53 0 0 119
18 13 53 221 0 0
17 13 53 0 0 119
18 12 53 221 0 0
17 12 53 0 0 119
18 11 53 221 0 0
17 11 53 0 0 119
18 10 53 221 0 0
17 10 53 0 0 119
18 9 53 221 0 0
17 9 53 0 0 119
18 8 53 0 0 119
18 7 53 0 0 119
17 22 56 0 0 119
