ply
format ascii 1.0
comment : MagicaVoxel @ Ephtracy
element vertex 400
property float x
property float z
property float y
property uchar red
property uchar green
property uchar blue
end_header
60 124 89 238 238 238
68 123 90 238 238 238
65 123 84 238 238 238
68 123 82 238 238 238
65 124 83 238 238 238
65 124 87 238 238 238
68 123 83 238 238 238
74 122 85 238 238 238
60 123 91 238 238 238
68 123 91 238 238 238
74 123 84 238 238 238
68 123 85 238 238 238
62 125 82 238 238 238
63 125 82 238 238 238
65 124 85 238 238 238
68 125 82 238 238 238
60 123 85 238 238 238
74 125 82 238 238 238
74 124 89 238 238 238
60 122 85 238 238 238
60 124 90 238 238 238
74 123 87 238 238 238
74 123 90 238 238 238
68 122 82 238 238 238
60 122 84 238 238 238
65 122 91 238 238 238
68 122 91 238 238 238
60 125 83 238 238 238
61 125 83 238 238 238
62 125 83 238 238 238
63 125 83 238 238 238
64 125 83 238 238 238
65 125 83 238 238 238
68 125 83 238 238 238
60 123 86 238 238 238
74 125 83 238 238 238
74 124 90 238 238 238
65 122 90 238 238 238
68 122 83 238 238 238
65 122 89 238 238 238
60 125 90 238 238 238
65 122 88 238 238 238
61 123 82 238 238 238
65 125 84 238 238 238
68 122 90 238 238 238
68 125 84 238 238 238
65 124 84 238 238 238
74 125 84 238 238 238
65 123 83 238 238 238
65 122 87 238 238 238
68 122 84 238 238 238
65 122 86 238 238 238
65 125 85 238 238 238
68 122 87 238 238 238
68 125 85 238 238 238
60 124 87 238 238 238
74 125 85 238 238 238
65 123 91 238 238 238
77 122 91 238 238 238
65 122 85 238 238 238
65 122 84 238 238 238
65 122 83 238 238 238
65 125 86 238 238 238
68 122 89 238 238 238
68 125 86 238 238 238
74 123 82 238 238 238
74 125 86 238 238 238
60 125 85 238 238 238
76 122 91 238 238 238
64 122 83 238 238 238
74 123 88 238 238 238
63 122 82 238 238 238
65 125 87 238 238 238
68 122 85 238 238 238
68 125 87 238 238 238
74 123 89 238 238 238
74 125 87 238 238 238
60 123 88 238 238 238
74 124 82 238 238 238
60 123 83 238 238 238
60 124 83 238 238 238
74 124 83 238 238 238
65 125 88 238 238 238
61 125 82 238 238 238
68 125 88 238 238 238
74 122 82 238 238 238
74 125 88 238 238 238
64 124 83 238 238 238
74 124 84 238 238 238
65 123 87 238 238 238
74 124 85 238 238 238
75 122 91 238 238 238
63 122 83 238 238 238
65 125 89 238 238 238
74 124 86 238 238 238
68 125 89 238 238 238
74 124 87 238 238 238
74 125 89 238 238 238
65 123 86 238 238 238
62 123 82 238 238 238
63 123 82 238 238 238
62 124 82 238 238 238
63 124 82 238 238 238
60 123 87 238 238 238
74 122 91 238 238 238
74 122 86 238 238 238
62 122 82 238 238 238
65 125 90 238 238 238
68 122 88 238 238 238
68 125 90 238 238 238
60 124 86 238 238 238
64 123 82 238 238 238
64 124 82 238 238 238
64 125 82 238 238 238
74 125 90 238 238 238
74 122 90 238 238 238
65 124 90 238 238 238
61 122 82 238 238 238
74 123 83 238 238 238
60 125 84 238 238 238
65 124 86 238 238 238
74 122 87 238 238 238
62 122 83 238 238 238
65 125 91 238 238 238
68 122 86 238 238 238
68 125 91 238 238 238
60 123 89 238 238 238
71 125 91 238 238 238
72 125 91 238 238 238
73 125 91 238 238 238
74 125 91 238 238 238
75 125 91 238 238 238
76 125 91 238 238 238
77 125 91 238 238 238
64 122 82 238 238 238
74 122 83 238 238 238
65 123 88 238 238 238
65 123 85 238 238 238
68 123 84 238 238 238
65 123 89 238 238 238
74 122 84 238 238 238
74 124 88 238 238 238
73 122 91 238 238 238
68 124 82 238 238 238
60 125 87 238 238 238
72 122 91 238 238 238
77 123 91 238 238 238
61 122 83 238 238 238
76 123 91 238 238 238
61 124 83 238 238 238
62 124 83 238 238 238
63 124 83 238 238 238
68 124 83 238 238 238
71 122 91 238 238 238
75 123 91 238 238 238
60 122 83 238 238 238
64 123 83 238 238 238
68 124 84 238 238 238
68 123 86 238 238 238
68 124 85 238 238 238
60 125 91 238 238 238
60 122 91 238 238 238
68 124 86 238 238 238
65 124 88 238 238 238
74 123 91 238 238 238
68 124 87 238 238 238
60 124 84 238 238 238
60 122 90 238 238 238
68 124 88 238 238 238
60 125 86 238 238 238
73 123 91 238 238 238
68 124 89 238 238 238
74 123 86 238 238 238
60 122 89 238 238 238
68 124 90 238 238 238
68 123 89 238 238 238
60 122 88 238 238 238
72 123 91 238 238 238
65 124 91 238 238 238
65 123 90 238 238 238
68 124 91 238 238 238
60 123 84 238 238 238
71 124 91 238 238 238
72 124 91 238 238 238
73 124 91 238 238 238
74 124 91 238 238 238
75 124 91 238 238 238
76 124 91 238 238 238
77 124 91 238 238 238
60 124 91 238 238 238
60 123 90 238 238 238
60 125 88 238 238 238
68 123 87 238 238 238
60 122 87 238 238 238
60 124 88 238 238 238
74 122 88 238 238 238
61 124 82 238 238 238
65 124 89 238 238 238
71 123 91 238 238 238
60 124 85 238 238 238
60 125 89 238 238 238
68 123 88 238 238 238
60 122 86 238 238 238
74 122 89 238 238 238
61 123 83 238 238 238
62 123 83 238 238 238
63 123 83 238 238 238
74 123 85 238 238 238
55 122 90 238 238 238
54 122 90 238 238 238
53 122 90 238 238 238
52 122 90 238 238 238
51 122 90 238 238 238
50 122 90 238 238 238
51 122 91 238 238 238
52 122 91 238 238 238
53 122 91 238 238 238
49 122 90 238 238 238
55 122 89 238 238 238
49 122 89 238 238 238
48 122 89 238 238 238
55 122 88 238 238 238
49 122 88 238 238 238
48 123 88 238 238 238
48 124 88 238 238 238
48 125 88 238 238 238
48 123 89 238 238 238
48 124 89 238 238 238
48 125 89 238 238 238
51 123 91 238 238 238
52 123 91 238 238 238
53 123 91 238 238 238
51 124 91 238 238 238
52 124 91 238 238 238
53 124 91 238 238 238
51 125 91 238 238 238
52 125 91 238 238 238
53 125 91 238 238 238
48 122 88 238 238 238
55 125 90 238 238 238
54 125 90 238 238 238
53 125 90 238 238 238
52 125 90 238 238 238
51 125 90 238 238 238
50 125 90 238 238 238
49 125 90 238 238 238
55 124 90 238 238 238
54 124 90 238 238 238
53 124 90 238 238 238
52 124 90 238 238 238
51 124 90 238 238 238
50 124 90 238 238 238
49 124 90 238 238 238
55 123 90 238 238 238
56 122 88 238 238 238
49 123 88 238 238 238
55 123 88 238 238 238
56 123 88 238 238 238
49 124 88 238 238 238
55 124 88 238 238 238
56 124 88 238 238 238
49 125 88 238 238 238
55 125 88 238 238 238
56 125 88 238 238 238
56 122 89 238 238 238
49 123 89 238 238 238
55 123 89 238 238 238
56 123 89 238 238 238
49 124 89 238 238 238
55 124 89 238 238 238
56 124 89 238 238 238
49 125 89 238 238 238
55 125 89 238 238 238
56 125 89 238 238 238
49 123 90 238 238 238
50 123 90 238 238 238
51 123 90 238 238 238
52 123 90 238 238 238
53 123 90 238 238 238
54 123 90 238 238 238
47 124 87 238 238 238
47 123 87 238 238 238
47 122 87 238 238 238
48 124 87 238 238 238
48 123 87 238 238 238
48 122 87 238 238 238
51 125 82 238 238 238
52 125 82 238 238 238
53 125 82 238 238 238
47 124 86 238 238 238
48 124 86 238 238 238
47 123 86 238 238 238
48 123 86 238 238 238
47 122 86 238 238 238
48 122 86 238 238 238
48 124 85 238 238 238
48 123 85 238 238 238
48 122 85 238 238 238
48 124 84 238 238 238
48 123 84 238 238 238
48 122 84 238 238 238
51 124 82 238 238 238
52 124 82 238 238 238
53 124 82 238 238 238
51 123 82 238 238 238
52 123 82 238 238 238
53 123 82 238 238 238
51 122 82 238 238 238
52 122 82 238 238 238
53 122 82 238 238 238
56 125 87 238 238 238
57 125 87 238 238 238
56 124 87 238 238 238
57 124 87 238 238 238
56 123 87 238 238 238
57 123 87 238 238 238
56 122 87 238 238 238
57 122 87 238 238 238
56 125 86 238 238 238
57 125 86 238 238 238
56 124 86 238 238 238
57 124 86 238 238 238
56 123 86 238 238 238
57 123 86 238 238 238
56 122 86 238 238 238
57 122 86 238 238 238
56 125 85 238 238 238
49 124 85 238 238 238
55 124 85 238 238 238
56 124 85 238 238 238
49 123 85 238 238 238
55 123 85 238 238 238
56 123 85 238 238 238
49 122 85 238 238 238
55 122 85 238 238 238
56 122 85 238 238 238
56 125 84 238 238 238
49 124 84 238 238 238
55 124 84 238 238 238
56 124 84 238 238 238
49 123 84 238 238 238
55 123 84 238 238 238
56 123 84 238 238 238
49 122 84 238 238 238
55 122 84 238 238 238
56 122 84 238 238 238
49 124 83 238 238 238
50 124 83 238 238 238
51 124 83 238 238 238
52 124 83 238 238 238
53 124 83 238 238 238
54 124 83 238 238 238
55 124 83 238 238 238
49 123 83 238 238 238
50 123 83 238 238 238
51 123 83 238 238 238
52 123 83 238 238 238
53 123 83 238 238 238
54 123 83 238 238 238
55 123 83 238 238 238
49 122 83 238 238 238
50 122 83 238 238 238
51 122 83 238 238 238
52 122 83 238 238 238
53 122 83 238 238 238
54 122 83 238 238 238
55 122 83 238 238 238
47 125 87 238 238 238
48 125 87 238 238 238
47 125 86 238 238 238
48 125 86 238 238 238
48 125 85 238 238 238
49 125 85 238 238 238
55 125 85 238 238 238
48 125 84 238 238 238
49 125 84 238 238 238
55 125 84 238 238 238
49 125 83 238 238 238
50 125 83 238 238 238
51 125 83 238 238 238
52 125 83 238 238 238
53 125 83 238 238 238
54 125 83 238 238 238
55 125 83 238 238 238
54 125 82 238 238 238
54 124 82 238 238 238
54 123 82 238 238 238
54 122 82 238 238 238
54 125 81 238 238 238
54 124 81 238 238 238
54 123 81 238 238 238
54 122 81 238 238 238
55 125 81 238 238 238
55 124 81 238 238 238
55 123 81 238 238 238
55 122 81 238 238 238
56 125 80 238 238 238
56 124 80 238 238 238
56 123 80 238 238 238
56 122 80 238 238 238
