ply
format ascii 1.0
comment : MagicaVoxel @ Ephtracy
element vertex 662
property float x
property float z
property float y
property uchar red
property uchar green
property uchar blue
origin 20 0 20
end_header
0 0 0 238 0 0
1 0 0 238 0 0
2 0 0 238 0 0
3 0 0 238 0 0
4 0 0 238 0 0
5 0 0 238 0 0
6 0 0 238 0 0
7 0 0 238 0 0
8 0 0 238 0 0
9 0 0 238 0 0
10 0 0 238 0 0
11 0 0 238 0 0
12 0 0 238 0 0
13 0 0 238 0 0
14 0 0 238 0 0
15 0 0 238 0 0
16 0 0 238 0 0
17 0 0 238 0 0
18 0 0 238 0 0
19 0 0 238 0 0
20 0 0 238 0 0
21 0 0 238 0 0
22 0 0 238 0 0
23 0 0 238 0 0
24 0 0 238 0 0
25 0 0 238 0 0
26 0 0 238 0 0
27 0 0 238 0 0
28 0 0 238 0 0
29 0 0 238 0 0
30 0 0 238 0 0
31 0 0 238 0 0
32 0 0 238 0 0
33 0 0 238 0 0
34 0 0 238 0 0
35 0 0 238 0 0
36 0 0 238 0 0
37 0 0 238 0 0
38 0 0 238 0 0
39 0 0 238 0 0
0 1 0 238 0 0
39 1 0 238 0 0
0 2 0 238 0 0
39 2 0 238 0 0
0 3 0 238 0 0
39 3 0 238 0 0
0 4 0 238 0 0
39 4 0 238 0 0
0 5 0 238 0 0
39 5 0 238 0 0
0 6 0 238 0 0
39 6 0 238 0 0
0 7 0 238 0 0
39 7 0 238 0 0
0 8 0 238 0 0
39 8 0 238 0 0
0 9 0 238 0 0
39 9 0 238 0 0
0 10 0 238 0 0
39 10 0 238 0 0
0 11 0 238 0 0
39 11 0 238 0 0
0 12 0 238 0 0
39 12 0 238 0 0
0 13 0 238 0 0
39 13 0 238 0 0
0 14 0 238 0 0
39 14 0 238 0 0
0 15 0 238 0 0
39 15 0 238 0 0
0 16 0 238 0 0
39 16 0 238 0 0
0 17 0 238 0 0
39 17 0 238 0 0
0 18 0 238 0 0
39 18 0 238 0 0
0 19 0 238 0 0
39 19 0 238 0 0
0 20 0 238 0 0
39 20 0 238 0 0
0 21 0 238 0 0
39 21 0 238 0 0
0 22 0 238 0 0
39 22 0 238 0 0
0 23 0 238 0 0
39 23 0 238 0 0
0 24 0 238 0 0
39 24 0 238 0 0
0 25 0 238 0 0
39 25 0 238 0 0
0 26 0 238 0 0
39 26 0 238 0 0
0 27 0 238 0 0
39 27 0 238 0 0
0 28 0 238 0 0
39 28 0 238 0 0
0 29 0 238 0 0
39 29 0 238 0 0
0 30 0 238 0 0
39 30 0 238 0 0
0 31 0 238 0 0
39 31 0 238 0 0
0 32 0 238 0 0
39 32 0 238 0 0
0 33 0 238 0 0
39 33 0 238 0 0
0 34 0 238 0 0
39 34 0 238 0 0
0 35 0 238 0 0
39 35 0 238 0 0
0 36 0 238 0 0
39 36 0 238 0 0
0 37 0 238 0 0
39 37 0 238 0 0
0 38 0 238 0 0
39 38 0 238 0 0
0 39 0 238 0 0
1 39 0 238 0 0
2 39 0 238 0 0
3 39 0 238 0 0
4 39 0 238 0 0
5 39 0 238 0 0
6 39 0 238 0 0
7 39 0 238 0 0
8 39 0 238 0 0
9 39 0 238 0 0
10 39 0 238 0 0
11 39 0 238 0 0
12 39 0 238 0 0
13 39 0 238 0 0
14 39 0 238 0 0
15 39 0 238 0 0
16 39 0 238 0 0
17 39 0 238 0 0
18 39 0 238 0 0
19 39 0 238 0 0
20 39 0 238 0 0
21 39 0 238 0 0
22 39 0 238 0 0
23 39 0 238 0 0
24 39 0 238 0 0
25 39 0 238 0 0
26 39 0 238 0 0
27 39 0 238 0 0
28 39 0 238 0 0
29 39 0 238 0 0
30 39 0 238 0 0
31 39 0 238 0 0
32 39 0 238 0 0
33 39 0 238 0 0
34 39 0 238 0 0
35 39 0 238 0 0
36 39 0 238 0 0
37 39 0 238 0 0
38 39 0 238 0 0
39 39 0 238 0 0
0 0 5 238 0 0
1 0 5 238 0 0
2 0 5 238 0 0
3 0 5 238 0 0
4 0 5 238 0 0
5 0 5 238 0 0
6 0 5 238 0 0
7 0 5 238 0 0
8 0 5 238 0 0
9 0 5 238 0 0
10 0 5 238 0 0
11 0 5 238 0 0
12 0 5 238 0 0
13 0 5 238 0 0
14 0 5 238 0 0
15 0 5 238 0 0
16 0 5 238 0 0
17 0 5 238 0 0
18 0 5 238 0 0
19 0 5 238 0 0
20 0 5 238 0 0
21 0 5 238 0 0
22 0 5 238 0 0
23 0 5 238 0 0
24 0 5 238 0 0
25 0 5 238 0 0
26 0 5 238 0 0
27 0 5 238 0 0
28 0 5 238 0 0
29 0 5 238 0 0
30 0 5 238 0 0
31 0 5 238 0 0
32 0 5 238 0 0
33 0 5 238 0 0
34 0 5 238 0 0
35 0 5 238 0 0
36 0 5 238 0 0
37 0 5 238 0 0
38 0 5 238 0 0
39 0 5 238 0 0
0 1 5 238 0 0
39 1 5 238 0 0
0 2 5 238 0 0
39 2 5 238 0 0
0 3 5 238 0 0
39 3 5 238 0 0
0 4 5 238 0 0
39 4 5 238 0 0
0 5 5 238 0 0
39 5 5 238 0 0
0 6 5 238 0 0
39 6 5 238 0 0
0 7 5 238 0 0
39 7 5 238 0 0
0 8 5 238 0 0
39 8 5 238 0 0
0 9 5 238 0 0
39 9 5 238 0 0
0 10 5 238 0 0
39 10 5 238 0 0
0 11 5 238 0 0
39 11 5 238 0 0
0 12 5 238 0 0
39 12 5 238 0 0
0 13 5 238 0 0
39 13 5 238 0 0
0 14 5 238 0 0
39 14 5 238 0 0
0 15 5 238 0 0
39 15 5 238 0 0
0 16 5 238 0 0
39 16 5 238 0 0
0 17 5 238 0 0
39 17 5 238 0 0
0 18 5 238 0 0
39 18 5 238 0 0
0 19 5 238 0 0
39 19 5 238 0 0
0 20 5 238 0 0
39 20 5 238 0 0
0 21 5 238 0 0
39 21 5 238 0 0
0 22 5 238 0 0
39 22 5 238 0 0
0 23 5 238 0 0
39 23 5 238 0 0
0 24 5 238 0 0
39 24 5 238 0 0
0 25 5 238 0 0
39 25 5 238 0 0
0 26 5 238 0 0
39 26 5 238 0 0
0 27 5 238 0 0
39 27 5 238 0 0
0 28 5 238 0 0
39 28 5 238 0 0
0 29 5 238 0 0
39 29 5 238 0 0
0 30 5 238 0 0
39 30 5 238 0 0
0 31 5 238 0 0
39 31 5 238 0 0
0 32 5 238 0 0
39 32 5 238 0 0
0 33 5 238 0 0
39 33 5 238 0 0
0 34 5 238 0 0
39 34 5 238 0 0
0 35 5 238 0 0
39 35 5 238 0 0
0 36 5 238 0 0
39 36 5 238 0 0
0 37 5 238 0 0
39 37 5 238 0 0
0 38 5 238 0 0
39 38 5 238 0 0
0 39 5 238 0 0
1 39 5 238 0 0
2 39 5 238 0 0
3 39 5 238 0 0
4 39 5 238 0 0
5 39 5 238 0 0
6 39 5 238 0 0
7 39 5 238 0 0
8 39 5 238 0 0
9 39 5 238 0 0
10 39 5 238 0 0
11 39 5 238 0 0
12 39 5 238 0 0
13 39 5 238 0 0
14 39 5 238 0 0
15 39 5 238 0 0
16 39 5 238 0 0
17 39 5 238 0 0
18 39 5 238 0 0
19 39 5 238 0 0
20 39 5 238 0 0
21 39 5 238 0 0
22 39 5 238 0 0
23 39 5 238 0 0
24 39 5 238 0 0
25 39 5 238 0 0
26 39 5 238 0 0
27 39 5 238 0 0
28 39 5 238 0 0
29 39 5 238 0 0
30 39 5 238 0 0
31 39 5 238 0 0
32 39 5 238 0 0
33 39 5 238 0 0
34 39 5 238 0 0
35 39 5 238 0 0
36 39 5 238 0 0
37 39 5 238 0 0
38 39 5 238 0 0
39 39 5 238 0 0
0 0 10 238 0 0
1 0 10 238 0 0
2 0 10 238 0 0
3 0 10 238 0 0
4 0 10 238 0 0
5 0 10 238 0 0
6 0 10 238 0 0
7 0 10 238 0 0
8 0 10 238 0 0
9 0 10 238 0 0
10 0 10 238 0 0
11 0 10 238 0 0
12 0 10 238 0 0
13 0 10 238 0 0
14 0 10 238 0 0
15 0 10 238 0 0
16 0 10 238 0 0
17 0 10 238 0 0
18 0 10 238 0 0
19 0 10 238 0 0
20 0 10 238 0 0
21 0 10 238 0 0
22 0 10 238 0 0
23 0 10 238 0 0
24 0 10 238 0 0
25 0 10 238 0 0
26 0 10 238 0 0
27 0 10 238 0 0
28 0 10 238 0 0
29 0 10 238 0 0
30 0 10 238 0 0
31 0 10 238 0 0
32 0 10 238 0 0
33 0 10 238 0 0
34 0 10 238 0 0
35 0 10 238 0 0
36 0 10 238 0 0
37 0 10 238 0 0
38 0 10 238 0 0
39 0 10 238 0 0
0 1 10 238 0 0
39 1 10 238 0 0
0 2 10 238 0 0
39 2 10 238 0 0
0 3 10 238 0 0
39 3 10 238 0 0
0 4 10 238 0 0
39 4 10 238 0 0
0 5 10 238 0 0
39 5 10 238 0 0
0 6 10 238 0 0
39 6 10 238 0 0
0 7 10 238 0 0
39 7 10 238 0 0
0 8 10 238 0 0
39 8 10 238 0 0
0 9 10 238 0 0
39 9 10 238 0 0
0 10 10 238 0 0
39 10 10 238 0 0
0 11 10 238 0 0
39 11 10 238 0 0
0 12 10 238 0 0
39 12 10 238 0 0
0 13 10 238 0 0
39 13 10 238 0 0
0 14 10 238 0 0
39 14 10 238 0 0
0 15 10 238 0 0
39 15 10 238 0 0
0 16 10 238 0 0
39 16 10 238 0 0
0 17 10 238 0 0
39 17 10 238 0 0
0 18 10 238 0 0
39 18 10 238 0 0
0 19 10 238 0 0
39 19 10 238 0 0
0 20 10 238 0 0
39 20 10 238 0 0
0 21 10 238 0 0
39 21 10 238 0 0
0 22 10 238 0 0
39 22 10 238 0 0
0 23 10 238 0 0
39 23 10 238 0 0
0 24 10 238 0 0
39 24 10 238 0 0
0 25 10 238 0 0
39 25 10 238 0 0
0 26 10 238 0 0
39 26 10 238 0 0
0 27 10 238 0 0
39 27 10 238 0 0
0 28 10 238 0 0
39 28 10 238 0 0
0 29 10 238 0 0
39 29 10 238 0 0
0 30 10 238 0 0
39 30 10 238 0 0
0 31 10 238 0 0
39 31 10 238 0 0
0 32 10 238 0 0
39 32 10 238 0 0
0 33 10 238 0 0
39 33 10 238 0 0
0 34 10 238 0 0
39 34 10 238 0 0
0 35 10 238 0 0
39 35 10 238 0 0
0 36 10 238 0 0
39 36 10 238 0 0
0 37 10 238 0 0
39 37 10 238 0 0
0 38 10 238 0 0
39 38 10 238 0 0
0 39 10 238 0 0
1 39 10 238 0 0
2 39 10 238 0 0
3 39 10 238 0 0
4 39 10 238 0 0
5 39 10 238 0 0
6 39 10 238 0 0
7 39 10 238 0 0
8 39 10 238 0 0
9 39 10 238 0 0
10 39 10 238 0 0
11 39 10 238 0 0
12 39 10 238 0 0
13 39 10 238 0 0
14 39 10 238 0 0
15 39 10 238 0 0
16 39 10 238 0 0
17 39 10 238 0 0
18 39 10 238 0 0
19 39 10 238 0 0
20 39 10 238 0 0
21 39 10 238 0 0
22 39 10 238 0 0
23 39 10 238 0 0
24 39 10 238 0 0
25 39 10 238 0 0
26 39 10 238 0 0
27 39 10 238 0 0
28 39 10 238 0 0
29 39 10 238 0 0
30 39 10 238 0 0
31 39 10 238 0 0
32 39 10 238 0 0
33 39 10 238 0 0
34 39 10 238 0 0
35 39 10 238 0 0
36 39 10 238 0 0
37 39 10 238 0 0
38 39 10 238 0 0
39 39 10 238 0 0
0 0 15 238 0 0
1 0 15 238 0 0
2 0 15 238 0 0
3 0 15 238 0 0
4 0 15 238 0 0
5 0 15 238 0 0
6 0 15 238 0 0
7 0 15 238 0 0
8 0 15 238 0 0
9 0 15 238 0 0
10 0 15 238 0 0
11 0 15 238 0 0
12 0 15 238 0 0
13 0 15 238 0 0
14 0 15 238 0 0
15 0 15 238 0 0
16 0 15 238 0 0
17 0 15 238 0 0
18 0 15 238 0 0
19 0 15 238 0 0
20 0 15 238 0 0
21 0 15 238 0 0
22 0 15 238 0 0
23 0 15 238 0 0
24 0 15 238 0 0
25 0 15 238 0 0
26 0 15 238 0 0
27 0 15 238 0 0
28 0 15 238 0 0
29 0 15 238 0 0
30 0 15 238 0 0
31 0 15 238 0 0
32 0 15 238 0 0
33 0 15 238 0 0
34 0 15 238 0 0
35 0 15 238 0 0
36 0 15 238 0 0
37 0 15 238 0 0
38 0 15 238 0 0
39 0 15 238 0 0
0 1 15 238 0 0
1 1 15 238 0 0
39 1 15 238 0 0
0 2 15 238 0 0
1 2 15 238 0 0
39 2 15 238 0 0
0 3 15 238 0 0
1 3 15 238 0 0
39 3 15 238 0 0
0 4 15 238 0 0
1 4 15 238 0 0
39 4 15 238 0 0
0 5 15 238 0 0
1 5 15 238 0 0
39 5 15 238 0 0
0 6 15 238 0 0
1 6 15 238 0 0
39 6 15 238 0 0
0 7 15 238 0 0
1 7 15 238 0 0
39 7 15 238 0 0
0 8 15 238 0 0
1 8 15 238 0 0
39 8 15 238 0 0
0 9 15 238 0 0
1 9 15 238 0 0
39 9 15 238 0 0
0 10 15 238 0 0
1 10 15 238 0 0
39 10 15 238 0 0
0 11 15 238 0 0
1 11 15 238 0 0
39 11 15 238 0 0
0 12 15 238 0 0
1 12 15 238 0 0
39 12 15 238 0 0
0 13 15 238 0 0
1 13 15 238 0 0
39 13 15 238 0 0
0 14 15 238 0 0
1 14 15 238 0 0
39 14 15 238 0 0
0 15 15 238 0 0
1 15 15 238 0 0
39 15 15 238 0 0
0 16 15 238 0 0
1 16 15 238 0 0
39 16 15 238 0 0
0 17 15 238 0 0
1 17 15 238 0 0
39 17 15 238 0 0
0 18 15 238 0 0
1 18 15 238 0 0
39 18 15 238 0 0
0 19 15 238 0 0
1 19 15 238 0 0
39 19 15 238 0 0
0 20 15 238 0 0
1 20 15 238 0 0
39 20 15 238 0 0
0 21 15 238 0 0
1 21 15 238 0 0
39 21 15 238 0 0
0 22 15 238 0 0
1 22 15 238 0 0
39 22 15 238 0 0
0 23 15 238 0 0
1 23 15 238 0 0
39 23 15 238 0 0
0 24 15 238 0 0
1 24 15 238 0 0
39 24 15 238 0 0
0 25 15 238 0 0
1 25 15 238 0 0
39 25 15 238 0 0
0 26 15 238 0 0
1 26 15 238 0 0
39 26 15 238 0 0
0 27 15 238 0 0
1 27 15 238 0 0
39 27 15 238 0 0
0 28 15 238 0 0
1 28 15 238 0 0
39 28 15 238 0 0
0 29 15 238 0 0
1 29 15 238 0 0
39 29 15 238 0 0
0 30 15 238 0 0
1 30 15 238 0 0
39 30 15 238 0 0
0 31 15 238 0 0
1 31 15 238 0 0
39 31 15 238 0 0
0 32 15 238 0 0
1 32 15 238 0 0
39 32 15 238 0 0
0 33 15 238 0 0
1 33 15 238 0 0
39 33 15 238 0 0
0 34 15 238 0 0
1 34 15 238 0 0
39 34 15 238 0 0
0 35 15 238 0 0
1 35 15 238 0 0
39 35 15 238 0 0
0 36 15 238 0 0
1 36 15 238 0 0
39 36 15 238 0 0
0 37 15 238 0 0
1 37 15 238 0 0
39 37 15 238 0 0
0 38 15 238 0 0
1 38 15 238 0 0
39 38 15 238 0 0
0 39 15 238 0 0
1 39 15 238 0 0
2 39 15 238 0 0
3 39 15 238 0 0
4 39 15 238 0 0
5 39 15 238 0 0
6 39 15 238 0 0
7 39 15 238 0 0
8 39 15 238 0 0
9 39 15 238 0 0
10 39 15 238 0 0
11 39 15 238 0 0
12 39 15 238 0 0
13 39 15 238 0 0
14 39 15 238 0 0
15 39 15 238 0 0
16 39 15 238 0 0
17 39 15 238 0 0
18 39 15 238 0 0
19 39 15 238 0 0
20 39 15 238 0 0
21 39 15 238 0 0
22 39 15 238 0 0
23 39 15 238 0 0
24 39 15 238 0 0
25 39 15 238 0 0
26 39 15 238 0 0
27 39 15 238 0 0
28 39 15 238 0 0
29 39 15 238 0 0
30 39 15 238 0 0
31 39 15 238 0 0
32 39 15 238 0 0
33 39 15 238 0 0
34 39 15 238 0 0
35 39 15 238 0 0
36 39 15 238 0 0
37 39 15 238 0 0
38 39 15 238 0 0
39 39 15 238 0 0
