ply
format ascii 1.0
comment : MagicaVoxel @ Ephtracy
element vertex 520
property float x
property float z
property float y
property uchar red
property uchar green
property uchar blue
end_header
21 35 35 0 0 255
22 35 35 0 0 255
24 35 35 0 0 255
25 35 35 0 0 255
31 35 35 0 0 255
21 36 35 0 0 255
22 36 35 0 0 255
24 36 35 0 0 255
25 36 35 0 0 255
31 36 35 0 0 255
21 37 35 0 0 255
22 37 35 0 0 255
24 37 35 0 0 255
25 37 35 0 0 255
31 37 35 0 0 255
21 38 35 0 0 255
22 38 35 0 0 255
24 38 35 0 0 255
25 38 35 0 0 255
31 38 35 0 0 255
21 39 35 0 0 255
22 39 35 0 0 255
24 39 35 0 0 255
25 39 35 0 0 255
31 39 35 0 0 255
10 35 36 0 0 255
11 35 36 0 0 255
16 35 36 0 0 255
17 35 36 0 0 255
21 35 36 0 0 255
22 35 36 0 0 255
24 35 36 0 0 255
25 35 36 0 0 255
30 35 36 0 0 255
31 35 36 0 0 255
10 36 36 0 0 255
11 36 36 0 0 255
16 36 36 0 0 255
17 36 36 0 0 255
21 36 36 0 0 255
24 36 36 0 0 255
30 36 36 0 0 255
10 37 36 0 0 255
11 37 36 0 0 255
16 37 36 0 0 255
17 37 36 0 0 255
21 37 36 0 0 255
24 37 36 0 0 255
30 37 36 0 0 255
10 38 36 0 0 255
11 38 36 0 0 255
16 38 36 0 0 255
17 38 36 0 0 255
21 38 36 0 0 255
24 38 36 0 0 255
30 38 36 0 0 255
10 39 36 0 0 255
11 39 36 0 0 255
16 39 36 0 0 255
17 39 36 0 0 255
21 39 36 0 0 255
24 39 36 0 0 255
30 39 36 0 0 255
10 35 37 0 0 255
11 35 37 0 0 255
16 35 37 0 0 255
17 35 37 0 0 255
21 35 37 0 0 255
22 35 37 0 0 255
24 35 37 0 0 255
25 35 37 0 0 255
30 35 37 0 0 255
31 35 37 0 0 255
21 36 37 0 0 255
24 36 37 0 0 255
21 37 37 0 0 255
24 37 37 0 0 255
21 38 37 0 0 255
24 38 37 0 0 255
21 39 37 0 0 255
24 39 37 0 0 255
10 35 38 0 0 255
11 35 38 0 0 255
12 35 38 0 0 255
15 35 38 0 0 255
16 35 38 0 0 255
17 35 38 0 0 255
21 35 38 0 0 255
22 35 38 0 0 255
24 35 38 0 0 255
25 35 38 0 0 255
29 35 38 0 0 255
30 35 38 0 0 255
31 35 38 0 0 255
12 36 38 0 0 255
15 36 38 0 0 255
21 36 38 0 0 255
24 36 38 0 0 255
30 36 38 0 0 255
12 37 38 0 0 255
15 37 38 0 0 255
21 37 38 0 0 255
24 37 38 0 0 255
30 37 38 0 0 255
12 38 38 0 0 255
15 38 38 0 0 255
21 38 38 0 0 255
24 38 38 0 0 255
30 38 38 0 0 255
12 39 38 0 0 255
15 39 38 0 0 255
21 39 38 0 0 255
24 39 38 0 0 255
30 39 38 0 0 255
9 35 39 0 0 255
10 35 39 0 0 255
11 35 39 0 0 255
12 35 39 0 0 255
15 35 39 0 0 255
16 35 39 0 0 255
17 35 39 0 0 255
18 35 39 0 0 255
21 35 39 0 0 255
22 35 39 0 0 255
24 35 39 0 0 255
25 35 39 0 0 255
28 35 39 0 0 255
29 35 39 0 0 255
31 35 39 0 0 255
10 36 39 0 0 255
11 36 39 0 0 255
16 36 39 0 0 255
17 36 39 0 0 255
21 36 39 0 0 255
24 36 39 0 0 255
29 36 39 0 0 255
10 37 39 0 0 255
11 37 39 0 0 255
16 37 39 0 0 255
17 37 39 0 0 255
21 37 39 0 0 255
24 37 39 0 0 255
29 37 39 0 0 255
10 38 39 0 0 255
11 38 39 0 0 255
16 38 39 0 0 255
17 38 39 0 0 255
21 38 39 0 0 255
24 38 39 0 0 255
29 38 39 0 0 255
10 39 39 0 0 255
11 39 39 0 0 255
16 39 39 0 0 255
17 39 39 0 0 255
21 39 39 0 0 255
24 39 39 0 0 255
29 39 39 0 0 255
9 35 40 0 0 255
12 35 40 0 0 255
15 35 40 0 0 255
18 35 40 0 0 255
21 35 40 0 0 255
22 35 40 0 0 255
24 35 40 0 0 255
25 35 40 0 0 255
27 35 40 0 0 255
28 35 40 0 0 255
31 35 40 0 0 255
21 36 40 0 0 255
24 36 40 0 0 255
21 37 40 0 0 255
24 37 40 0 0 255
21 38 40 0 0 255
24 38 40 0 0 255
21 39 40 0 0 255
24 39 40 0 0 255
8 35 41 0 0 255
9 35 41 0 0 255
12 35 41 0 0 255
13 35 41 0 0 255
14 35 41 0 0 255
15 35 41 0 0 255
18 35 41 0 0 255
19 35 41 0 0 255
21 35 41 0 0 255
22 35 41 0 0 255
24 35 41 0 0 255
25 35 41 0 0 255
26 35 41 0 0 255
27 35 41 0 0 255
31 35 41 0 0 255
8 36 41 0 0 255
12 36 41 0 0 255
13 36 41 0 0 255
14 36 41 0 0 255
19 36 41 0 0 255
21 36 41 0 0 255
24 36 41 0 0 255
8 37 41 0 0 255
12 37 41 0 0 255
13 37 41 0 0 255
14 37 41 0 0 255
19 37 41 0 0 255
21 37 41 0 0 255
24 37 41 0 0 255
8 38 41 0 0 255
12 38 41 0 0 255
13 38 41 0 0 255
14 38 41 0 0 255
19 38 41 0 0 255
21 38 41 0 0 255
24 38 41 0 0 255
8 39 41 0 0 255
12 39 41 0 0 255
13 39 41 0 0 255
14 39 41 0 0 255
19 39 41 0 0 255
21 39 41 0 0 255
24 39 41 0 0 255
8 35 42 0 0 255
24 39 43 0 0 255
13 35 42 0 0 255
14 35 42 0 0 255
19 35 42 0 0 255
21 35 42 0 0 255
22 35 42 0 0 255
24 35 42 0 0 255
25 35 42 0 0 255
26 35 42 0 0 255
31 35 42 0 0 255
21 39 43 0 0 255
21 36 42 0 0 255
24 36 42 0 0 255
24 38 43 0 0 255
21 37 42 0 0 255
24 37 42 0 0 255
21 38 43 0 0 255
21 38 42 0 0 255
24 38 42 0 0 255
24 37 43 0 0 255
21 39 42 0 0 255
24 39 42 0 0 255
8 35 43 0 0 255
13 35 43 0 0 255
14 35 43 0 0 255
19 35 43 0 0 255
21 35 43 0 0 255
22 35 43 0 0 255
24 35 43 0 0 255
25 35 43 0 0 255
31 35 43 0 0 255
21 36 43 0 0 255
24 36 43 0 0 255
21 37 43 0 0 255
30 35 35 0 0 255
30 35 39 0 0 255
30 35 40 0 0 255
30 35 41 0 0 255
30 35 42 0 0 255
30 35 43 0 0 255
19 36 43 0 0 255
19 36 42 0 0 255
19 37 42 0 0 255
19 37 43 0 0 255
19 38 42 0 0 255
19 38 43 0 0 255
19 39 42 0 0 255
19 39 43 0 0 255
18 36 41 0 0 255
18 36 40 0 0 255
18 36 39 0 0 255
18 37 40 0 0 255
18 37 39 0 0 255
18 37 41 0 0 255
18 38 40 0 0 255
18 38 39 0 0 255
18 38 41 0 0 255
18 39 40 0 0 255
18 39 39 0 0 255
18 39 41 0 0 255
15 36 40 0 0 255
15 36 39 0 0 255
15 36 41 0 0 255
15 37 40 0 0 255
15 37 39 0 0 255
15 37 41 0 0 255
15 38 40 0 0 255
15 39 40 0 0 255
15 38 39 0 0 255
15 39 39 0 0 255
15 38 41 0 0 255
15 39 41 0 0 255
16 36 37 0 0 255
17 36 37 0 0 255
16 36 38 0 0 255
17 36 38 0 0 255
16 37 37 0 0 255
17 37 37 0 0 255
16 37 38 0 0 255
17 37 38 0 0 255
16 38 37 0 0 255
17 38 37 0 0 255
16 38 38 0 0 255
17 38 38 0 0 255
16 39 37 0 0 255
17 39 37 0 0 255
16 39 38 0 0 255
17 39 38 0 0 255
12 36 39 0 0 255
12 36 40 0 0 255
12 37 39 0 0 255
12 37 40 0 0 255
12 38 39 0 0 255
12 38 40 0 0 255
12 39 39 0 0 255
12 39 40 0 0 255
11 36 37 0 0 255
10 36 37 0 0 255
11 36 38 0 0 255
10 36 38 0 0 255
11 37 37 0 0 255
10 37 37 0 0 255
11 37 38 0 0 255
10 37 38 0 0 255
11 38 37 0 0 255
10 38 37 0 0 255
11 38 38 0 0 255
10 38 38 0 0 255
10 39 37 0 0 255
11 39 37 0 0 255
10 39 38 0 0 255
11 39 38 0 0 255
9 36 40 0 0 255
9 36 39 0 0 255
9 36 41 0 0 255
9 37 40 0 0 255
9 37 39 0 0 255
9 37 41 0 0 255
9 38 41 0 0 255
9 38 40 0 0 255
9 38 39 0 0 255
9 39 41 0 0 255
9 39 40 0 0 255
9 39 39 0 0 255
8 36 43 0 0 255
8 36 42 0 0 255
8 37 43 0 0 255
8 37 42 0 0 255
8 38 43 0 0 255
8 38 42 0 0 255
8 39 43 0 0 255
8 39 42 0 0 255
14 36 43 0 0 255
13 36 43 0 0 255
14 36 42 0 0 255
13 36 42 0 0 255
14 37 43 0 0 255
13 37 43 0 0 255
14 37 42 0 0 255
13 37 42 0 0 255
13 38 43 0 0 255
14 38 43 0 0 255
13 38 42 0 0 255
14 38 42 0 0 255
13 39 43 0 0 255
14 39 43 0 0 255
13 39 42 0 0 255
14 39 42 0 0 255
22 36 41 0 0 255
22 36 40 0 0 255
22 36 42 0 0 255
22 36 39 0 0 255
22 36 43 0 0 255
22 36 38 0 0 255
22 36 37 0 0 255
22 36 36 0 0 255
22 37 42 0 0 255
22 37 41 0 0 255
22 37 43 0 0 255
22 37 40 0 0 255
22 37 39 0 0 255
22 37 38 0 0 255
22 37 37 0 0 255
22 37 36 0 0 255
22 38 42 0 0 255
22 38 41 0 0 255
22 38 43 0 0 255
22 38 40 0 0 255
22 38 39 0 0 255
22 38 38 0 0 255
22 38 37 0 0 255
22 38 36 0 0 255
22 39 42 0 0 255
22 39 41 0 0 255
22 39 43 0 0 255
22 39 40 0 0 255
22 39 39 0 0 255
22 39 38 0 0 255
22 39 37 0 0 255
22 39 36 0 0 255
26 36 42 0 0 255
25 36 42 0 0 255
26 36 41 0 0 255
25 36 41 0 0 255
25 36 43 0 0 255
27 36 41 0 0 255
25 36 40 0 0 255
27 36 40 0 0 255
25 36 39 0 0 255
28 36 40 0 0 255
25 36 38 0 0 255
28 36 39 0 0 255
25 36 37 0 0 255
25 36 36 0 0 255
26 37 42 0 0 255
25 37 42 0 0 255
26 37 41 0 0 255
25 37 41 0 0 255
25 37 43 0 0 255
27 37 41 0 0 255
25 37 40 0 0 255
27 37 40 0 0 255
25 37 39 0 0 255
28 37 40 0 0 255
25 37 38 0 0 255
28 37 39 0 0 255
25 37 37 0 0 255
25 37 36 0 0 255
25 38 42 0 0 255
26 38 42 0 0 255
25 38 41 0 0 255
25 38 43 0 0 255
26 38 41 0 0 255
25 38 40 0 0 255
27 38 41 0 0 255
25 38 39 0 0 255
27 38 40 0 0 255
25 38 38 0 0 255
28 38 40 0 0 255
25 38 37 0 0 255
28 38 39 0 0 255
25 38 36 0 0 255
25 39 42 0 0 255
26 39 42 0 0 255
25 39 41 0 0 255
25 39 43 0 0 255
26 39 41 0 0 255
25 39 40 0 0 255
27 39 41 0 0 255
25 39 39 0 0 255
27 39 40 0 0 255
25 39 38 0 0 255
28 39 40 0 0 255
25 39 37 0 0 255
28 39 39 0 0 255
25 39 36 0 0 255
30 36 41 0 0 255
31 36 41 0 0 255
30 36 40 0 0 255
30 36 42 0 0 255
31 36 40 0 0 255
31 36 42 0 0 255
30 36 39 0 0 255
30 36 43 0 0 255
31 36 39 0 0 255
31 36 43 0 0 255
31 36 38 0 0 255
31 36 37 0 0 255
30 36 37 0 0 255
31 36 36 0 0 255
30 37 41 0 0 255
31 37 41 0 0 255
30 37 40 0 0 255
30 37 42 0 0 255
31 37 40 0 0 255
31 37 42 0 0 255
30 37 39 0 0 255
30 37 43 0 0 255
31 37 39 0 0 255
31 37 43 0 0 255
31 37 38 0 0 255
31 37 37 0 0 255
30 37 37 0 0 255
31 37 36 0 0 255
30 38 41 0 0 255
31 38 41 0 0 255
30 38 40 0 0 255
30 38 42 0 0 255
31 38 40 0 0 255
31 38 42 0 0 255
30 38 39 0 0 255
30 38 43 0 0 255
31 38 39 0 0 255
31 38 43 0 0 255
31 38 38 0 0 255
31 38 37 0 0 255
30 38 37 0 0 255
31 38 36 0 0 255
30 39 41 0 0 255
31 39 41 0 0 255
30 39 40 0 0 255
30 39 42 0 0 255
31 39 40 0 0 255
31 39 42 0 0 255
30 39 39 0 0 255
30 39 43 0 0 255
31 39 39 0 0 255
31 39 43 0 0 255
31 39 38 0 0 255
31 39 37 0 0 255
30 39 37 0 0 255
31 39 36 0 0 255
30 36 35 0 0 255
30 37 35 0 0 255
30 38 35 0 0 255
30 39 35 0 0 255
29 36 38 0 0 255
29 37 38 0 0 255
29 38 38 0 0 255
29 39 38 0 0 255
