ply
format ascii 1.0
comment : MagicaVoxel @ Ephtracy
element vertex 624
property float x
property float z
property float y
property uchar red
property uchar green
property uchar blue
end_header
62 125 81 187 187 187
61 125 81 187 187 187
60 125 81 187 187 187
79 125 92 187 187 187
78 125 92 187 187 187
77 125 92 187 187 187
76 125 92 187 187 187
63 125 81 187 187 187
64 125 81 187 187 187
65 125 81 187 187 187
76 125 91 187 187 187
77 125 91 187 187 187
78 125 91 187 187 187
79 125 91 187 187 187
48 125 82 187 187 187
49 125 82 187 187 187
50 125 82 187 187 187
51 125 82 187 187 187
52 125 82 187 187 187
53 125 82 187 187 187
54 125 82 187 187 187
59 125 82 187 187 187
60 125 82 187 187 187
61 125 82 187 187 187
62 125 82 187 187 187
63 125 82 187 187 187
64 125 82 187 187 187
65 125 82 187 187 187
66 125 82 187 187 187
74 125 82 187 187 187
75 125 82 187 187 187
48 125 83 187 187 187
49 125 83 187 187 187
54 125 83 187 187 187
58 125 83 187 187 187
59 125 83 187 187 187
60 125 83 187 187 187
65 125 83 187 187 187
66 125 83 187 187 187
67 125 83 187 187 187
74 125 83 187 187 187
75 125 83 187 187 187
48 125 84 187 187 187
49 125 84 187 187 187
54 125 84 187 187 187
58 125 84 187 187 187
59 125 84 187 187 187
66 125 84 187 187 187
67 125 84 187 187 187
74 125 84 187 187 187
75 125 84 187 187 187
48 125 85 187 187 187
49 125 85 187 187 187
54 125 85 187 187 187
57 125 85 187 187 187
58 125 85 187 187 187
67 125 85 187 187 187
68 125 85 187 187 187
74 125 85 187 187 187
75 125 85 187 187 187
48 125 86 187 187 187
49 125 86 187 187 187
50 125 86 187 187 187
51 125 86 187 187 187
52 125 86 187 187 187
53 125 86 187 187 187
54 125 86 187 187 187
57 125 86 187 187 187
58 125 86 187 187 187
67 125 86 187 187 187
68 125 86 187 187 187
74 125 86 187 187 187
75 125 86 187 187 187
48 125 87 187 187 187
49 125 87 187 187 187
50 125 87 187 187 187
51 125 87 187 187 187
52 125 87 187 187 187
53 125 87 187 187 187
57 125 87 187 187 187
58 125 87 187 187 187
67 125 87 187 187 187
68 125 87 187 187 187
74 125 87 187 187 187
75 125 87 187 187 187
48 125 88 187 187 187
49 125 88 187 187 187
53 125 88 187 187 187
54 125 88 187 187 187
57 125 88 187 187 187
58 125 88 187 187 187
67 125 88 187 187 187
68 125 88 187 187 187
74 125 88 187 187 187
75 125 88 187 187 187
48 125 89 187 187 187
49 125 89 187 187 187
53 125 89 187 187 187
54 125 89 187 187 187
58 125 89 187 187 187
59 125 89 187 187 187
66 125 89 187 187 187
67 125 89 187 187 187
74 125 89 187 187 187
75 125 89 187 187 187
48 125 90 187 187 187
49 125 90 187 187 187
53 125 90 187 187 187
54 125 90 187 187 187
58 125 90 187 187 187
59 125 90 187 187 187
60 125 90 187 187 187
65 125 90 187 187 187
66 125 90 187 187 187
67 125 90 187 187 187
74 125 90 187 187 187
75 125 90 187 187 187
48 125 91 187 187 187
49 125 91 187 187 187
50 125 91 187 187 187
51 125 91 187 187 187
52 125 91 187 187 187
53 125 91 187 187 187
54 125 91 187 187 187
59 125 91 187 187 187
60 125 91 187 187 187
61 125 91 187 187 187
62 125 91 187 187 187
63 125 91 187 187 187
64 125 91 187 187 187
65 125 91 187 187 187
66 125 91 187 187 187
70 125 91 187 187 187
71 125 91 187 187 187
72 125 91 187 187 187
73 125 91 187 187 187
74 125 91 187 187 187
75 125 91 187 187 187
48 125 92 187 187 187
49 125 92 187 187 187
50 125 92 187 187 187
51 125 92 187 187 187
52 125 92 187 187 187
53 125 92 187 187 187
60 125 92 187 187 187
61 125 92 187 187 187
62 125 92 187 187 187
63 125 92 187 187 187
64 125 92 187 187 187
65 125 92 187 187 187
70 125 92 187 187 187
71 125 92 187 187 187
72 125 92 187 187 187
73 125 92 187 187 187
74 125 92 187 187 187
75 125 92 187 187 187
54 124 90 187 187 187
53 124 90 187 187 187
54 124 89 187 187 187
54 124 91 187 187 187
53 124 89 187 187 187
53 124 91 187 187 187
54 124 88 187 187 187
53 124 88 187 187 187
52 124 91 187 187 187
53 124 92 187 187 187
53 124 87 187 187 187
51 124 91 187 187 187
52 124 92 187 187 187
52 124 87 187 187 187
53 124 86 187 187 187
50 124 91 187 187 187
51 124 92 187 187 187
51 124 87 187 187 187
52 124 86 187 187 187
54 124 86 187 187 187
49 124 91 187 187 187
50 124 92 187 187 187
50 124 87 187 187 187
51 124 86 187 187 187
54 124 85 187 187 187
48 124 91 187 187 187
49 124 90 187 187 187
49 124 92 187 187 187
49 124 87 187 187 187
50 124 86 187 187 187
54 124 84 187 187 187
48 124 90 187 187 187
48 124 92 187 187 187
49 124 89 187 187 187
48 124 87 187 187 187
49 124 86 187 187 187
49 124 88 187 187 187
54 124 83 187 187 187
48 124 89 187 187 187
48 124 86 187 187 187
48 124 88 187 187 187
49 124 85 187 187 187
54 124 82 187 187 187
48 124 85 187 187 187
49 124 84 187 187 187
53 124 82 187 187 187
48 124 84 187 187 187
49 124 83 187 187 187
52 124 82 187 187 187
48 124 83 187 187 187
49 124 82 187 187 187
51 124 82 187 187 187
48 124 82 187 187 187
50 124 82 187 187 187
54 123 90 187 187 187
53 123 90 187 187 187
54 123 89 187 187 187
54 123 91 187 187 187
53 123 89 187 187 187
53 123 91 187 187 187
54 123 88 187 187 187
53 123 88 187 187 187
52 123 91 187 187 187
53 123 92 187 187 187
53 123 87 187 187 187
51 123 91 187 187 187
52 123 92 187 187 187
52 123 87 187 187 187
53 123 86 187 187 187
50 123 91 187 187 187
51 123 92 187 187 187
51 123 87 187 187 187
52 123 86 187 187 187
54 123 86 187 187 187
49 123 91 187 187 187
50 123 92 187 187 187
50 123 87 187 187 187
51 123 86 187 187 187
54 123 85 187 187 187
48 123 91 187 187 187
49 123 90 187 187 187
49 123 92 187 187 187
49 123 87 187 187 187
50 123 86 187 187 187
54 123 84 187 187 187
48 123 90 187 187 187
48 123 92 187 187 187
49 123 89 187 187 187
48 123 87 187 187 187
49 123 86 187 187 187
49 123 88 187 187 187
54 123 83 187 187 187
48 123 89 187 187 187
48 123 86 187 187 187
48 123 88 187 187 187
49 123 85 187 187 187
54 123 82 187 187 187
48 123 85 187 187 187
49 123 84 187 187 187
53 123 82 187 187 187
48 123 84 187 187 187
49 123 83 187 187 187
52 123 82 187 187 187
48 123 83 187 187 187
49 123 82 187 187 187
51 123 82 187 187 187
48 123 82 187 187 187
50 123 82 187 187 187
54 122 90 187 187 187
53 122 90 187 187 187
54 122 89 187 187 187
54 122 91 187 187 187
53 122 89 187 187 187
53 122 91 187 187 187
54 122 88 187 187 187
53 122 88 187 187 187
52 122 91 187 187 187
53 122 92 187 187 187
53 122 87 187 187 187
51 122 91 187 187 187
52 122 92 187 187 187
52 122 87 187 187 187
53 122 86 187 187 187
50 122 91 187 187 187
51 122 92 187 187 187
51 122 87 187 187 187
52 122 86 187 187 187
54 122 86 187 187 187
49 122 91 187 187 187
50 122 92 187 187 187
50 122 87 187 187 187
51 122 86 187 187 187
54 122 85 187 187 187
48 122 91 187 187 187
49 122 90 187 187 187
49 122 92 187 187 187
49 122 87 187 187 187
50 122 86 187 187 187
54 122 84 187 187 187
48 122 90 187 187 187
48 122 92 187 187 187
49 122 89 187 187 187
48 122 87 187 187 187
49 122 86 187 187 187
49 122 88 187 187 187
54 122 83 187 187 187
48 122 89 187 187 187
48 122 86 187 187 187
48 122 88 187 187 187
49 122 85 187 187 187
54 122 82 187 187 187
48 122 85 187 187 187
49 122 84 187 187 187
53 122 82 187 187 187
48 122 84 187 187 187
49 122 83 187 187 187
52 122 82 187 187 187
48 122 83 187 187 187
49 122 82 187 187 187
51 122 82 187 187 187
48 122 82 187 187 187
50 122 82 187 187 187
62 124 92 187 187 187
61 124 92 187 187 187
63 124 92 187 187 187
62 124 91 187 187 187
60 124 92 187 187 187
61 124 91 187 187 187
64 124 92 187 187 187
63 124 91 187 187 187
60 124 91 187 187 187
65 124 92 187 187 187
64 124 91 187 187 187
59 124 91 187 187 187
60 124 90 187 187 187
65 124 91 187 187 187
59 124 90 187 187 187
66 124 91 187 187 187
65 124 90 187 187 187
58 124 90 187 187 187
59 124 89 187 187 187
66 124 90 187 187 187
58 124 89 187 187 187
67 124 90 187 187 187
66 124 89 187 187 187
58 124 88 187 187 187
67 124 89 187 187 187
57 124 88 187 187 187
58 124 87 187 187 187
67 124 88 187 187 187
57 124 87 187 187 187
58 124 86 187 187 187
68 124 88 187 187 187
67 124 87 187 187 187
57 124 86 187 187 187
58 124 85 187 187 187
68 124 87 187 187 187
67 124 86 187 187 187
57 124 85 187 187 187
58 124 84 187 187 187
68 124 86 187 187 187
67 124 85 187 187 187
59 124 84 187 187 187
58 124 83 187 187 187
68 124 85 187 187 187
67 124 84 187 187 187
59 124 83 187 187 187
66 124 84 187 187 187
67 124 83 187 187 187
60 124 83 187 187 187
59 124 82 187 187 187
66 124 83 187 187 187
60 124 82 187 187 187
65 124 83 187 187 187
66 124 82 187 187 187
61 124 82 187 187 187
60 124 81 187 187 187
65 124 82 187 187 187
62 124 82 187 187 187
61 124 81 187 187 187
64 124 82 187 187 187
65 124 81 187 187 187
63 124 82 187 187 187
62 124 81 187 187 187
64 124 81 187 187 187
63 124 81 187 187 187
62 123 92 187 187 187
61 123 92 187 187 187
63 123 92 187 187 187
62 123 91 187 187 187
60 123 92 187 187 187
61 123 91 187 187 187
64 123 92 187 187 187
63 123 91 187 187 187
60 123 91 187 187 187
65 123 92 187 187 187
64 123 91 187 187 187
59 123 91 187 187 187
60 123 90 187 187 187
65 123 91 187 187 187
59 123 90 187 187 187
66 123 91 187 187 187
65 123 90 187 187 187
58 123 90 187 187 187
59 123 89 187 187 187
66 123 90 187 187 187
58 123 89 187 187 187
67 123 90 187 187 187
66 123 89 187 187 187
58 123 88 187 187 187
67 123 89 187 187 187
57 123 88 187 187 187
58 123 87 187 187 187
67 123 88 187 187 187
57 123 87 187 187 187
58 123 86 187 187 187
68 123 88 187 187 187
67 123 87 187 187 187
57 123 86 187 187 187
58 123 85 187 187 187
68 123 87 187 187 187
67 123 86 187 187 187
57 123 85 187 187 187
58 123 84 187 187 187
68 123 86 187 187 187
67 123 85 187 187 187
59 123 84 187 187 187
58 123 83 187 187 187
68 123 85 187 187 187
67 123 84 187 187 187
59 123 83 187 187 187
66 123 84 187 187 187
67 123 83 187 187 187
60 123 83 187 187 187
59 123 82 187 187 187
66 123 83 187 187 187
60 123 82 187 187 187
65 123 83 187 187 187
66 123 82 187 187 187
61 123 82 187 187 187
60 123 81 187 187 187
65 123 82 187 187 187
62 123 82 187 187 187
61 123 81 187 187 187
64 123 82 187 187 187
65 123 81 187 187 187
63 123 82 187 187 187
62 123 81 187 187 187
64 123 81 187 187 187
63 123 81 187 187 187
63 122 92 187 187 187
62 122 92 187 187 187
64 122 92 187 187 187
63 122 91 187 187 187
61 122 92 187 187 187
62 122 91 187 187 187
65 122 92 187 187 187
64 122 91 187 187 187
60 122 92 187 187 187
61 122 91 187 187 187
65 122 91 187 187 187
60 122 91 187 187 187
66 122 91 187 187 187
65 122 90 187 187 187
59 122 91 187 187 187
60 122 90 187 187 187
66 122 90 187 187 187
59 122 90 187 187 187
67 122 90 187 187 187
66 122 89 187 187 187
58 122 90 187 187 187
59 122 89 187 187 187
67 122 89 187 187 187
58 122 89 187 187 187
67 122 88 187 187 187
58 122 88 187 187 187
68 122 88 187 187 187
67 122 87 187 187 187
57 122 88 187 187 187
58 122 87 187 187 187
68 122 87 187 187 187
67 122 86 187 187 187
57 122 87 187 187 187
58 122 86 187 187 187
68 122 86 187 187 187
67 122 85 187 187 187
57 122 86 187 187 187
58 122 85 187 187 187
68 122 85 187 187 187
67 122 84 187 187 187
57 122 85 187 187 187
58 122 84 187 187 187
66 122 84 187 187 187
67 122 83 187 187 187
59 122 84 187 187 187
58 122 83 187 187 187
66 122 83 187 187 187
59 122 83 187 187 187
65 122 83 187 187 187
66 122 82 187 187 187
60 122 83 187 187 187
59 122 82 187 187 187
65 122 82 187 187 187
60 122 82 187 187 187
64 122 82 187 187 187
65 122 81 187 187 187
61 122 82 187 187 187
60 122 81 187 187 187
63 122 82 187 187 187
64 122 81 187 187 187
62 122 82 187 187 187
61 122 81 187 187 187
63 122 81 187 187 187
62 122 81 187 187 187
75 124 90 187 187 187
74 124 90 187 187 187
75 124 89 187 187 187
75 124 91 187 187 187
74 124 89 187 187 187
74 124 91 187 187 187
75 124 88 187 187 187
76 124 91 187 187 187
75 124 92 187 187 187
74 124 88 187 187 187
73 124 91 187 187 187
74 124 92 187 187 187
75 124 87 187 187 187
77 124 91 187 187 187
76 124 92 187 187 187
74 124 87 187 187 187
72 124 91 187 187 187
73 124 92 187 187 187
75 124 86 187 187 187
78 124 91 187 187 187
77 124 92 187 187 187
74 124 86 187 187 187
71 124 91 187 187 187
72 124 92 187 187 187
75 124 85 187 187 187
79 124 91 187 187 187
78 124 92 187 187 187
74 124 85 187 187 187
70 124 91 187 187 187
71 124 92 187 187 187
75 124 84 187 187 187
79 124 92 187 187 187
74 124 84 187 187 187
70 124 92 187 187 187
75 124 83 187 187 187
74 124 83 187 187 187
75 124 82 187 187 187
74 124 82 187 187 187
75 123 91 187 187 187
74 123 91 187 187 187
76 123 91 187 187 187
75 123 90 187 187 187
75 123 92 187 187 187
73 123 91 187 187 187
74 123 90 187 187 187
74 123 92 187 187 187
77 123 91 187 187 187
76 123 92 187 187 187
75 123 89 187 187 187
72 123 91 187 187 187
73 123 92 187 187 187
74 123 89 187 187 187
78 123 91 187 187 187
77 123 92 187 187 187
75 123 88 187 187 187
71 123 91 187 187 187
72 123 92 187 187 187
74 123 88 187 187 187
79 123 91 187 187 187
78 123 92 187 187 187
75 123 87 187 187 187
70 123 91 187 187 187
71 123 92 187 187 187
74 123 87 187 187 187
79 123 92 187 187 187
75 123 86 187 187 187
70 123 92 187 187 187
74 123 86 187 187 187
75 123 85 187 187 187
74 123 85 187 187 187
75 123 84 187 187 187
74 123 84 187 187 187
75 123 83 187 187 187
74 123 83 187 187 187
75 123 82 187 187 187
74 123 82 187 187 187
75 122 91 187 187 187
74 122 91 187 187 187
76 122 91 187 187 187
75 122 90 187 187 187
75 122 92 187 187 187
73 122 91 187 187 187
74 122 90 187 187 187
74 122 92 187 187 187
77 122 91 187 187 187
76 122 92 187 187 187
75 122 89 187 187 187
72 122 91 187 187 187
73 122 92 187 187 187
74 122 89 187 187 187
78 122 91 187 187 187
77 122 92 187 187 187
75 122 88 187 187 187
71 122 91 187 187 187
72 122 92 187 187 187
74 122 88 187 187 187
79 122 91 187 187 187
78 122 92 187 187 187
75 122 87 187 187 187
70 122 91 187 187 187
71 122 92 187 187 187
74 122 87 187 187 187
79 122 92 187 187 187
75 122 86 187 187 187
70 122 92 187 187 187
74 122 86 187 187 187
75 122 85 187 187 187
74 122 85 187 187 187
75 122 84 187 187 187
74 122 84 187 187 187
75 122 83 187 187 187
74 122 83 187 187 187
75 122 82 187 187 187
74 122 82 187 187 187
