ply
format ascii 1.0
comment : MagicaVoxel @ Ephtracy
element vertex 5720
property float x
property float z
property float y
property uchar red
property uchar green
property uchar blue
origin 30 8 22
scale 0.035 0.035 0.035
explode
end_header
20 42 15 102 107 78
39 42 15 102 107 78
27 16 10 62 69 44
32 16 10 62 69 44
26 16 10 73 73 73
33 16 10 73 73 73
22 39 10 62 69 44
37 39 10 62 69 44
29 15 10 62 69 44
30 15 10 62 69 44
28 15 10 62 69 44
31 15 10 62 69 44
27 15 10 62 69 44
32 15 10 62 69 44
23 38 10 62 69 44
36 38 10 62 69 44
10 43 4 82 85 53
49 43 4 82 85 53
26 15 10 73 73 73
33 15 10 73 73 73
29 14 10 62 69 44
30 14 10 62 69 44
22 38 10 62 69 44
37 38 10 62 69 44
11 42 4 82 85 53
48 42 4 82 85 53
28 14 10 62 69 44
31 14 10 62 69 44
27 14 10 62 69 44
32 14 10 62 69 44
26 14 10 73 73 73
33 14 10 73 73 73
29 35 10 62 69 44
30 35 10 62 69 44
29 13 10 62 69 44
30 13 10 62 69 44
28 13 10 62 69 44
31 13 10 62 69 44
28 35 10 62 69 44
31 35 10 62 69 44
12 41 5 82 85 53
47 41 5 82 85 53
27 13 10 62 69 44
32 13 10 62 69 44
26 13 10 73 73 73
33 13 10 73 73 73
29 12 10 62 69 44
30 12 10 62 69 44
29 34 10 62 69 44
30 34 10 62 69 44
20 49 15 102 107 78
39 49 15 102 107 78
28 12 10 62 69 44
31 12 10 62 69 44
27 12 10 62 69 44
32 12 10 62 69 44
28 34 10 62 69 44
31 34 10 62 69 44
20 48 15 102 107 78
39 48 15 102 107 78
20 47 15 102 107 78
39 47 15 102 107 78
17 37 2 62 69 44
42 37 2 62 69 44
18 37 2 62 69 44
41 37 2 62 69 44
19 37 2 62 69 44
40 37 2 62 69 44
20 37 2 62 69 44
39 37 2 62 69 44
21 37 2 62 69 44
38 37 2 62 69 44
21 44 13 82 85 53
38 44 13 82 85 53
20 46 15 102 107 78
39 46 15 102 107 78
17 38 2 62 69 44
42 38 2 62 69 44
18 38 2 62 69 44
41 38 2 62 69 44
19 38 2 62 69 44
40 38 2 62 69 44
20 38 2 62 69 44
39 38 2 62 69 44
21 38 2 62 69 44
38 38 2 62 69 44
27 10 11 73 73 73
32 10 11 73 73 73
20 45 15 102 107 78
39 45 15 102 107 78
20 44 15 102 107 78
39 44 15 102 107 78
17 39 2 62 69 44
42 39 2 62 69 44
18 39 2 62 69 44
41 39 2 62 69 44
19 39 2 62 69 44
40 39 2 62 69 44
20 39 2 62 69 44
39 39 2 62 69 44
21 39 2 62 69 44
38 39 2 62 69 44
23 39 12 73 73 73
36 39 12 73 73 73
20 43 15 102 107 78
39 43 15 102 107 78
17 40 2 102 107 78
42 40 2 102 107 78
18 40 2 102 107 78
41 40 2 102 107 78
19 40 2 102 107 78
40 40 2 102 107 78
20 40 2 102 107 78
39 40 2 102 107 78
21 40 2 102 107 78
38 40 2 102 107 78
29 31 10 62 69 44
30 31 10 62 69 44
13 40 5 82 85 53
46 40 5 82 85 53
20 48 14 62 69 44
39 48 14 62 69 44
17 41 2 102 107 78
42 41 2 102 107 78
18 41 2 102 107 78
41 41 2 102 107 78
19 41 2 102 107 78
40 41 2 102 107 78
20 41 2 102 107 78
39 41 2 102 107 78
21 41 2 102 107 78
38 41 2 102 107 78
28 31 10 62 69 44
31 31 10 62 69 44
20 47 14 62 69 44
39 47 14 62 69 44
17 42 2 62 69 44
42 42 2 62 69 44
18 42 2 62 69 44
41 42 2 62 69 44
19 42 2 62 69 44
40 42 2 62 69 44
20 42 2 62 69 44
39 42 2 62 69 44
21 42 2 62 69 44
38 42 2 62 69 44
29 30 10 62 69 44
30 30 10 62 69 44
20 46 14 62 69 44
39 46 14 62 69 44
20 45 14 102 107 78
39 45 14 102 107 78
17 43 2 62 69 44
42 43 2 62 69 44
18 43 2 62 69 44
41 43 2 62 69 44
19 43 2 62 69 44
40 43 2 62 69 44
20 43 2 62 69 44
39 43 2 62 69 44
21 43 2 62 69 44
38 43 2 62 69 44
28 30 10 62 69 44
31 30 10 62 69 44
24 39 11 73 73 73
35 39 11 73 73 73
17 44 2 62 69 44
42 44 2 62 69 44
18 44 2 62 69 44
41 44 2 62 69 44
19 44 2 62 69 44
40 44 2 62 69 44
20 44 2 62 69 44
39 44 2 62 69 44
21 44 2 62 69 44
38 44 2 62 69 44
29 29 10 62 69 44
30 29 10 62 69 44
28 34 12 255 241 46
31 34 12 255 241 46
27 28 10 62 69 44
32 28 10 62 69 44
26 28 10 62 69 44
33 28 10 62 69 44
28 29 10 62 69 44
31 29 10 62 69 44
22 41 10 62 69 44
37 41 10 62 69 44
29 27 10 62 69 44
30 27 10 62 69 44
28 27 10 62 69 44
31 27 10 62 69 44
27 27 10 62 69 44
32 27 10 62 69 44
27 29 10 62 69 44
32 29 10 62 69 44
23 40 10 62 69 44
36 40 10 62 69 44
22 40 10 62 69 44
37 40 10 62 69 44
26 27 10 62 69 44
33 27 10 62 69 44
29 26 10 62 69 44
30 26 10 62 69 44
26 29 10 62 69 44
33 29 10 62 69 44
28 26 10 62 69 44
31 26 10 62 69 44
16 44 2 62 69 44
43 44 2 62 69 44
26 12 10 82 85 53
33 12 10 82 85 53
16 43 2 62 69 44
43 43 2 62 69 44
16 42 2 62 69 44
43 42 2 62 69 44
23 39 10 62 69 44
36 39 10 62 69 44
29 11 10 73 73 73
30 11 10 73 73 73
27 26 10 62 69 44
32 26 10 62 69 44
26 11 10 73 73 73
33 11 10 73 73 73
29 10 10 62 69 44
30 10 10 62 69 44
28 10 10 62 69 44
31 10 10 62 69 44
27 10 10 62 69 44
32 10 10 62 69 44
26 10 10 82 85 53
33 10 10 82 85 53
29 9 10 62 69 44
30 9 10 62 69 44
28 9 10 62 69 44
31 9 10 62 69 44
29 8 10 62 69 44
30 8 10 62 69 44
28 8 10 62 69 44
31 8 10 62 69 44
29 7 10 62 69 44
30 7 10 62 69 44
28 7 10 62 69 44
31 7 10 62 69 44
18 43 9 62 69 44
41 43 9 62 69 44
17 43 9 62 69 44
42 43 9 62 69 44
21 38 9 62 69 44
38 38 9 62 69 44
27 18 10 62 69 44
32 18 10 62 69 44
28 18 10 62 69 44
31 18 10 62 69 44
29 18 10 62 69 44
30 18 10 62 69 44
26 19 10 82 85 53
33 19 10 82 85 53
21 39 9 62 69 44
38 39 9 62 69 44
26 22 10 82 85 53
33 22 10 82 85 53
28 18 11 62 69 44
31 18 11 62 69 44
15 34 3 62 69 44
44 34 3 62 69 44
23 42 9 62 69 44
36 42 9 62 69 44
28 22 10 62 69 44
31 22 10 62 69 44
21 42 9 62 69 44
38 42 9 62 69 44
22 34 3 62 69 44
37 34 3 62 69 44
15 35 3 62 69 44
44 35 3 62 69 44
23 41 9 102 107 78
36 41 9 102 107 78
21 41 9 102 107 78
38 41 9 102 107 78
20 41 9 102 107 78
39 41 9 102 107 78
22 35 3 62 69 44
37 35 3 62 69 44
27 19 11 82 85 53
32 19 11 82 85 53
29 18 11 62 69 44
30 18 11 62 69 44
15 36 3 62 69 44
44 36 3 62 69 44
19 41 9 102 107 78
40 41 9 102 107 78
16 41 9 102 107 78
43 41 9 102 107 78
15 41 9 102 107 78
44 41 9 102 107 78
22 36 3 62 69 44
37 36 3 62 69 44
19 44 9 62 69 44
40 44 9 62 69 44
28 15 11 0 106 255
31 15 11 0 106 255
23 40 9 102 107 78
36 40 9 102 107 78
29 22 10 62 69 44
30 22 10 62 69 44
22 37 3 62 69 44
37 37 3 62 69 44
18 44 9 62 69 44
41 44 9 62 69 44
18 40 9 102 107 78
41 40 9 102 107 78
17 40 9 102 107 78
42 40 9 102 107 78
16 40 9 102 107 78
43 40 9 102 107 78
22 38 3 62 69 44
37 38 3 62 69 44
27 23 10 62 69 44
32 23 10 62 69 44
17 44 9 62 69 44
42 44 9 62 69 44
16 39 3 62 69 44
43 39 3 62 69 44
17 39 3 62 69 44
42 39 3 62 69 44
18 39 3 62 69 44
41 39 3 62 69 44
19 39 3 62 69 44
40 39 3 62 69 44
20 39 3 62 69 44
39 39 3 62 69 44
21 39 3 62 69 44
38 39 3 62 69 44
22 39 3 62 69 44
37 39 3 62 69 44
16 44 9 62 69 44
43 44 9 62 69 44
16 40 3 62 69 44
43 40 3 62 69 44
17 40 3 62 69 44
42 40 3 62 69 44
18 40 3 62 69 44
41 40 3 62 69 44
19 40 3 62 69 44
40 40 3 62 69 44
20 40 3 62 69 44
39 40 3 62 69 44
21 40 3 62 69 44
38 40 3 62 69 44
22 40 3 102 107 78
37 40 3 102 107 78
21 37 8 62 69 44
38 37 8 62 69 44
15 44 9 62 69 44
44 44 9 62 69 44
16 41 3 62 69 44
43 41 3 62 69 44
17 41 3 62 69 44
42 41 3 62 69 44
18 41 3 62 69 44
41 41 3 62 69 44
19 41 3 62 69 44
40 41 3 62 69 44
20 41 3 62 69 44
39 41 3 62 69 44
21 41 3 62 69 44
38 41 3 62 69 44
22 41 3 102 107 78
37 41 3 102 107 78
29 23 10 62 69 44
30 23 10 62 69 44
16 42 3 62 69 44
43 42 3 62 69 44
17 42 3 73 73 73
42 42 3 73 73 73
18 42 3 73 73 73
41 42 3 73 73 73
19 42 3 73 73 73
40 42 3 73 73 73
20 42 3 73 73 73
39 42 3 73 73 73
21 42 3 62 69 44
38 42 3 62 69 44
22 42 3 62 69 44
37 42 3 62 69 44
19 31 9 62 69 44
40 31 9 62 69 44
23 41 10 62 69 44
36 41 10 62 69 44
16 43 3 73 73 73
43 43 3 73 73 73
16 33 9 62 69 44
43 33 9 62 69 44
20 44 14 102 107 78
39 44 14 102 107 78
21 43 3 73 73 73
38 43 3 73 73 73
22 43 3 62 69 44
37 43 3 62 69 44
27 20 11 82 85 53
32 20 11 82 85 53
16 44 3 73 73 73
43 44 3 73 73 73
28 30 5 62 69 44
31 30 5 62 69 44
29 30 5 62 69 44
30 30 5 62 69 44
21 44 3 73 73 73
38 44 3 73 73 73
22 44 3 62 69 44
37 44 3 62 69 44
18 31 9 62 69 44
41 31 9 62 69 44
16 41 2 102 107 78
43 41 2 102 107 78
16 40 2 102 107 78
43 40 2 102 107 78
16 45 3 73 73 73
43 45 3 73 73 73
29 17 4 62 69 44
30 17 4 62 69 44
28 17 4 62 69 44
31 17 4 62 69 44
21 45 3 73 73 73
38 45 3 73 73 73
16 37 2 62 69 44
43 37 2 62 69 44
28 11 10 73 73 73
31 11 10 73 73 73
16 39 2 62 69 44
43 39 2 62 69 44
16 46 3 73 73 73
43 46 3 73 73 73
22 38 9 62 69 44
37 38 9 62 69 44
20 38 9 62 69 44
39 38 9 62 69 44
21 46 3 73 73 73
38 46 3 73 73 73
29 28 10 62 69 44
30 28 10 62 69 44
16 38 2 62 69 44
43 38 2 62 69 44
27 11 10 73 73 73
32 11 10 73 73 73
16 47 3 73 73 73
43 47 3 73 73 73
20 39 9 62 69 44
39 39 9 62 69 44
19 39 9 62 69 44
40 39 9 62 69 44
21 47 3 73 73 73
38 47 3 73 73 73
28 28 10 62 69 44
31 28 10 62 69 44
26 26 10 62 69 44
33 26 10 62 69 44
29 25 10 62 69 44
30 25 10 62 69 44
28 25 10 62 69 44
31 25 10 62 69 44
27 25 10 62 69 44
32 25 10 62 69 44
26 25 10 62 69 44
33 25 10 62 69 44
29 24 10 62 69 44
30 24 10 62 69 44
27 9 10 82 85 53
32 9 10 82 85 53
27 22 11 82 85 53
32 22 11 82 85 53
19 43 9 62 69 44
40 43 9 62 69 44
27 34 5 62 69 44
32 34 5 62 69 44
26 34 5 62 69 44
33 34 5 62 69 44
28 34 5 62 69 44
31 34 5 62 69 44
29 34 5 62 69 44
30 34 5 62 69 44
24 35 5 62 69 44
35 35 5 62 69 44
24 33 5 62 69 44
35 33 5 62 69 44
25 33 5 62 69 44
34 33 5 62 69 44
25 35 5 62 69 44
34 35 5 62 69 44
26 33 5 62 69 44
33 33 5 62 69 44
29 33 5 62 69 44
30 33 5 62 69 44
27 33 5 62 69 44
32 33 5 62 69 44
28 33 5 62 69 44
31 33 5 62 69 44
26 35 5 62 69 44
33 35 5 62 69 44
27 18 4 62 69 44
32 18 4 62 69 44
28 18 4 62 69 44
31 18 4 62 69 44
29 18 4 62 69 44
30 18 4 62 69 44
27 35 5 62 69 44
32 35 5 62 69 44
27 19 4 62 69 44
32 19 4 62 69 44
28 19 4 62 69 44
31 19 4 62 69 44
29 19 4 62 69 44
30 19 4 62 69 44
28 35 5 62 69 44
31 35 5 62 69 44
27 20 4 62 69 44
32 20 4 62 69 44
28 20 4 62 69 44
31 20 4 62 69 44
29 20 4 62 69 44
30 20 4 62 69 44
29 35 5 62 69 44
30 35 5 62 69 44
27 21 4 62 69 44
32 21 4 62 69 44
28 21 4 62 69 44
31 21 4 62 69 44
29 21 4 62 69 44
30 21 4 62 69 44
27 22 4 62 69 44
32 22 4 62 69 44
28 22 4 62 69 44
31 22 4 62 69 44
29 22 4 62 69 44
30 22 4 62 69 44
27 23 4 62 69 44
32 23 4 62 69 44
28 23 4 62 69 44
31 23 4 62 69 44
29 23 4 62 69 44
30 23 4 62 69 44
27 24 4 62 69 44
32 24 4 62 69 44
28 24 4 62 69 44
31 24 4 62 69 44
29 24 4 62 69 44
30 24 4 62 69 44
27 25 4 62 69 44
32 25 4 62 69 44
28 25 4 62 69 44
31 25 4 62 69 44
29 25 4 62 69 44
30 25 4 62 69 44
27 26 4 62 69 44
32 26 4 62 69 44
28 26 4 62 69 44
31 26 4 62 69 44
29 26 4 62 69 44
30 26 4 62 69 44
27 27 4 62 69 44
32 27 4 62 69 44
28 27 4 62 69 44
31 27 4 62 69 44
29 27 4 62 69 44
30 27 4 62 69 44
27 19 10 62 69 44
32 19 10 62 69 44
28 19 10 62 69 44
31 19 10 62 69 44
29 19 10 62 69 44
30 19 10 62 69 44
28 23 10 62 69 44
31 23 10 62 69 44
24 42 10 102 107 78
35 42 10 102 107 78
24 34 5 62 69 44
35 34 5 62 69 44
27 28 4 62 69 44
32 28 4 62 69 44
28 28 4 62 69 44
31 28 4 62 69 44
29 28 4 62 69 44
30 28 4 62 69 44
25 42 10 102 107 78
34 42 10 102 107 78
26 42 10 102 107 78
33 42 10 102 107 78
27 42 10 102 107 78
32 42 10 102 107 78
28 42 10 102 107 78
31 42 10 102 107 78
29 42 10 102 107 78
30 42 10 102 107 78
25 34 5 62 69 44
34 34 5 62 69 44
27 29 4 62 69 44
32 29 4 62 69 44
28 29 4 62 69 44
31 29 4 62 69 44
29 29 4 62 69 44
30 29 4 62 69 44
23 45 9 62 69 44
36 45 9 62 69 44
26 20 10 82 85 53
33 20 10 82 85 53
27 20 10 62 69 44
32 20 10 62 69 44
28 20 10 62 69 44
31 20 10 62 69 44
29 20 10 62 69 44
30 20 10 62 69 44
15 31 4 62 69 44
44 31 4 62 69 44
20 42 9 62 69 44
39 42 9 62 69 44
19 42 9 62 69 44
40 42 9 62 69 44
18 42 9 62 69 44
41 42 9 62 69 44
22 31 4 62 69 44
37 31 4 62 69 44
28 19 11 62 69 44
31 19 11 62 69 44
27 18 11 73 73 73
32 18 11 73 73 73
15 32 4 62 69 44
44 32 4 62 69 44
17 42 9 62 69 44
42 42 9 62 69 44
16 42 9 62 69 44
43 42 9 62 69 44
15 42 9 62 69 44
44 42 9 62 69 44
22 32 4 62 69 44
37 32 4 62 69 44
15 33 4 62 69 44
44 33 4 62 69 44
26 24 10 62 69 44
33 24 10 62 69 44
28 22 11 62 69 44
31 22 11 62 69 44
29 22 11 62 69 44
30 22 11 62 69 44
22 33 4 62 69 44
37 33 4 62 69 44
29 19 11 62 69 44
30 19 11 62 69 44
14 34 4 62 69 44
45 34 4 62 69 44
15 34 4 62 69 44
44 34 4 62 69 44
27 23 11 82 85 53
32 23 11 82 85 53
28 23 11 62 69 44
31 23 11 62 69 44
29 23 11 7 7 7
30 23 11 7 7 7
22 34 4 62 69 44
37 34 4 62 69 44
23 34 4 62 69 44
36 34 4 62 69 44
14 35 4 62 69 44
45 35 4 62 69 44
15 35 4 62 69 44
44 35 4 62 69 44
18 41 9 102 107 78
41 41 9 102 107 78
22 42 10 62 69 44
37 42 10 62 69 44
27 24 11 82 85 53
32 24 11 82 85 53
22 35 4 62 69 44
37 35 4 62 69 44
23 35 4 62 69 44
36 35 4 62 69 44
14 36 4 62 69 44
45 36 4 62 69 44
15 36 4 62 69 44
44 36 4 62 69 44
17 41 9 102 107 78
42 41 9 102 107 78
28 24 11 62 69 44
31 24 11 62 69 44
29 24 11 62 69 44
30 24 11 62 69 44
22 36 4 62 69 44
37 36 4 62 69 44
23 36 4 62 69 44
36 36 4 62 69 44
14 37 4 62 69 44
45 37 4 62 69 44
15 37 4 62 69 44
44 37 4 62 69 44
21 40 9 102 107 78
38 40 9 102 107 78
20 40 9 102 107 78
39 40 9 102 107 78
19 40 9 102 107 78
40 40 9 102 107 78
22 37 4 62 69 44
37 37 4 62 69 44
23 37 4 62 69 44
36 37 4 62 69 44
14 38 4 62 69 44
45 38 4 62 69 44
15 38 4 62 69 44
44 38 4 62 69 44
15 40 9 102 107 78
44 40 9 102 107 78
27 24 10 62 69 44
32 24 10 62 69 44
27 25 11 82 85 53
32 25 11 82 85 53
22 38 4 62 69 44
37 38 4 62 69 44
23 38 4 62 69 44
36 38 4 62 69 44
14 39 4 62 69 44
45 39 4 62 69 44
15 39 4 62 69 44
44 39 4 62 69 44
16 39 4 62 69 44
43 39 4 62 69 44
17 39 4 62 69 44
42 39 4 62 69 44
18 39 4 62 69 44
41 39 4 62 69 44
19 39 4 62 69 44
40 39 4 62 69 44
20 39 4 62 69 44
39 39 4 62 69 44
21 39 4 62 69 44
38 39 4 62 69 44
22 39 4 62 69 44
37 39 4 62 69 44
23 39 4 62 69 44
36 39 4 62 69 44
14 40 4 102 107 78
45 40 4 102 107 78
15 40 4 62 69 44
44 40 4 62 69 44
16 40 4 62 69 44
43 40 4 62 69 44
17 40 4 62 69 44
42 40 4 62 69 44
18 40 4 62 69 44
41 40 4 62 69 44
19 40 4 62 69 44
40 40 4 62 69 44
20 40 4 62 69 44
39 40 4 62 69 44
21 40 4 62 69 44
38 40 4 62 69 44
22 40 4 62 69 44
37 40 4 62 69 44
25 34 9 255 50 0
34 34 9 255 50 0
14 41 4 102 107 78
45 41 4 102 107 78
15 41 4 102 107 78
44 41 4 102 107 78
16 41 4 62 69 44
43 41 4 62 69 44
17 41 4 62 69 44
42 41 4 62 69 44
18 41 4 62 69 44
41 41 4 62 69 44
19 41 4 62 69 44
40 41 4 62 69 44
20 41 4 62 69 44
39 41 4 62 69 44
21 41 4 62 69 44
38 41 4 62 69 44
22 41 4 62 69 44
37 41 4 62 69 44
23 41 4 102 107 78
36 41 4 102 107 78
14 42 4 62 69 44
45 42 4 62 69 44
15 42 4 62 69 44
44 42 4 62 69 44
16 42 4 62 69 44
43 42 4 62 69 44
17 42 4 255 50 0
42 42 4 255 50 0
18 42 4 255 50 0
41 42 4 255 50 0
19 42 4 255 50 0
40 42 4 255 50 0
20 42 4 255 50 0
39 42 4 255 50 0
21 42 4 62 69 44
38 42 4 62 69 44
22 42 4 62 69 44
37 42 4 62 69 44
23 42 4 62 69 44
36 42 4 62 69 44
14 43 4 62 69 44
45 43 4 62 69 44
15 43 4 62 69 44
44 43 4 62 69 44
16 43 4 73 73 73
43 43 4 73 73 73
24 35 9 73 73 73
35 35 9 73 73 73
19 35 9 62 69 44
40 35 9 62 69 44
21 43 4 73 73 73
38 43 4 73 73 73
22 43 4 62 69 44
37 43 4 62 69 44
23 43 4 62 69 44
36 43 4 62 69 44
14 44 4 62 69 44
45 44 4 62 69 44
15 44 4 62 69 44
44 44 4 62 69 44
16 44 4 73 73 73
43 44 4 73 73 73
17 31 9 62 69 44
42 31 9 62 69 44
24 36 9 73 73 73
35 36 9 73 73 73
21 44 4 73 73 73
38 44 4 73 73 73
22 44 4 62 69 44
37 44 4 62 69 44
23 44 4 62 69 44
36 44 4 62 69 44
21 37 9 62 69 44
38 37 9 62 69 44
15 45 4 73 73 73
44 45 4 73 73 73
16 45 4 73 73 73
43 45 4 73 73 73
29 16 4 62 69 44
30 16 4 62 69 44
28 16 4 255 241 46
31 16 4 255 241 46
21 45 4 73 73 73
38 45 4 73 73 73
22 45 4 73 73 73
37 45 4 73 73 73
15 46 4 73 73 73
44 46 4 73 73 73
16 46 4 73 73 73
43 46 4 73 73 73
19 38 9 62 69 44
40 38 9 62 69 44
18 38 9 62 69 44
41 38 9 62 69 44
21 46 4 73 73 73
38 46 4 73 73 73
22 46 4 73 73 73
37 46 4 73 73 73
26 18 10 73 73 73
33 18 10 73 73 73
26 21 10 82 85 53
33 21 10 82 85 53
15 47 4 73 73 73
44 47 4 73 73 73
16 47 4 73 73 73
43 47 4 73 73 73
18 39 9 62 69 44
41 39 9 62 69 44
17 39 9 62 69 44
42 39 9 62 69 44
21 47 4 73 73 73
38 47 4 73 73 73
22 47 4 73 73 73
37 47 4 73 73 73
16 48 4 73 73 73
43 48 4 73 73 73
16 39 9 62 69 44
43 39 9 62 69 44
15 39 9 82 85 53
44 39 9 82 85 53
21 48 4 73 73 73
38 48 4 73 73 73
16 49 4 73 73 73
43 49 4 73 73 73
21 49 6 73 73 73
38 49 6 73 73 73
21 49 5 73 73 73
38 49 5 73 73 73
16 49 6 73 73 73
43 49 6 73 73 73
16 49 5 73 73 73
43 49 5 73 73 73
21 49 4 73 73 73
38 49 4 73 73 73
28 12 5 62 69 44
31 12 5 62 69 44
29 12 5 62 69 44
30 12 5 62 69 44
28 13 5 62 69 44
31 13 5 62 69 44
29 13 5 62 69 44
30 13 5 62 69 44
28 14 5 62 69 44
31 14 5 62 69 44
29 14 5 62 69 44
30 14 5 62 69 44
28 15 5 62 69 44
31 15 5 62 69 44
29 15 5 62 69 44
30 15 5 62 69 44
26 16 5 62 69 44
33 16 5 62 69 44
27 16 5 62 69 44
32 16 5 62 69 44
28 16 5 62 69 44
31 16 5 62 69 44
29 16 5 62 69 44
30 16 5 62 69 44
26 17 5 62 69 44
33 17 5 62 69 44
27 17 5 62 69 44
32 17 5 62 69 44
28 17 5 62 69 44
31 17 5 62 69 44
29 17 5 62 69 44
30 17 5 62 69 44
26 18 5 62 69 44
33 18 5 62 69 44
27 18 5 62 69 44
32 18 5 62 69 44
28 18 5 62 69 44
31 18 5 62 69 44
29 18 5 62 69 44
30 18 5 62 69 44
27 19 5 62 69 44
32 19 5 62 69 44
28 19 5 62 69 44
31 19 5 62 69 44
29 19 5 62 69 44
30 19 5 62 69 44
26 20 5 62 69 44
33 20 5 62 69 44
27 20 5 62 69 44
32 20 5 62 69 44
28 20 5 62 69 44
31 20 5 62 69 44
29 20 5 62 69 44
30 20 5 62 69 44
26 21 5 62 69 44
33 21 5 62 69 44
27 21 5 62 69 44
32 21 5 62 69 44
28 21 5 62 69 44
31 21 5 62 69 44
29 21 5 62 69 44
30 21 5 62 69 44
26 22 5 62 69 44
33 22 5 62 69 44
27 22 5 62 69 44
32 22 5 62 69 44
28 22 5 62 69 44
31 22 5 62 69 44
29 22 5 62 69 44
30 22 5 62 69 44
26 23 5 62 69 44
33 23 5 62 69 44
27 23 5 62 69 44
32 23 5 62 69 44
28 23 5 62 69 44
31 23 5 62 69 44
29 23 5 62 69 44
30 23 5 62 69 44
26 24 5 62 69 44
33 24 5 62 69 44
27 24 5 62 69 44
32 24 5 62 69 44
28 24 5 62 69 44
31 24 5 62 69 44
29 24 5 62 69 44
30 24 5 62 69 44
26 25 5 62 69 44
33 25 5 62 69 44
27 25 5 62 69 44
32 25 5 62 69 44
28 25 5 62 69 44
31 25 5 62 69 44
29 25 5 62 69 44
30 25 5 62 69 44
26 26 5 62 69 44
33 26 5 62 69 44
27 26 5 62 69 44
32 26 5 62 69 44
28 26 5 62 69 44
31 26 5 62 69 44
29 26 5 62 69 44
30 26 5 62 69 44
26 27 5 62 69 44
33 27 5 62 69 44
27 27 5 62 69 44
32 27 5 62 69 44
28 27 5 62 69 44
31 27 5 62 69 44
29 27 5 62 69 44
30 27 5 62 69 44
23 44 9 62 69 44
36 44 9 62 69 44
27 22 10 62 69 44
32 22 10 62 69 44
16 28 5 62 69 44
43 28 5 62 69 44
17 28 5 62 69 44
42 28 5 62 69 44
18 28 5 62 69 44
41 28 5 62 69 44
19 28 5 62 69 44
40 28 5 62 69 44
20 28 5 62 69 44
39 28 5 62 69 44
21 28 5 62 69 44
38 28 5 62 69 44
22 28 5 62 69 44
37 28 5 62 69 44
26 28 5 62 69 44
33 28 5 62 69 44
27 28 5 62 69 44
32 28 5 62 69 44
28 28 5 62 69 44
31 28 5 62 69 44
29 28 5 62 69 44
30 28 5 62 69 44
16 29 5 62 69 44
43 29 5 62 69 44
17 29 5 62 69 44
42 29 5 62 69 44
18 29 5 62 69 44
41 29 5 62 69 44
19 29 5 62 69 44
40 29 5 62 69 44
20 29 5 62 69 44
39 29 5 62 69 44
21 29 5 62 69 44
38 29 5 62 69 44
22 29 5 62 69 44
37 29 5 62 69 44
29 14 11 0 106 255
30 14 11 0 106 255
26 29 5 62 69 44
33 29 5 62 69 44
27 29 5 62 69 44
32 29 5 62 69 44
28 29 5 62 69 44
31 29 5 62 69 44
29 29 5 62 69 44
30 29 5 62 69 44
21 44 9 62 69 44
38 44 9 62 69 44
16 30 5 62 69 44
43 30 5 62 69 44
17 30 5 62 69 44
42 30 5 62 69 44
18 30 5 62 69 44
41 30 5 62 69 44
19 30 5 62 69 44
40 30 5 62 69 44
20 30 5 62 69 44
39 30 5 62 69 44
21 30 5 62 69 44
38 30 5 62 69 44
22 30 5 62 69 44
37 30 5 62 69 44
28 21 13 62 69 44
31 21 13 62 69 44
15 31 5 62 69 44
44 31 5 62 69 44
16 31 5 62 69 44
43 31 5 62 69 44
17 31 5 62 69 44
42 31 5 62 69 44
18 31 5 62 69 44
41 31 5 62 69 44
19 31 5 62 69 44
40 31 5 62 69 44
20 31 5 62 69 44
39 31 5 62 69 44
21 31 5 62 69 44
38 31 5 62 69 44
22 31 5 62 69 44
37 31 5 62 69 44
23 31 5 62 69 44
36 31 5 62 69 44
15 32 5 62 69 44
44 32 5 62 69 44
16 32 5 62 69 44
43 32 5 62 69 44
17 32 5 62 69 44
42 32 5 62 69 44
18 32 5 62 69 44
41 32 5 62 69 44
19 32 5 62 69 44
40 32 5 62 69 44
20 32 5 62 69 44
39 32 5 62 69 44
21 32 5 62 69 44
38 32 5 62 69 44
22 32 5 62 69 44
37 32 5 62 69 44
23 32 5 62 69 44
36 32 5 62 69 44
28 20 13 73 73 73
31 20 13 73 73 73
15 33 5 62 69 44
44 33 5 62 69 44
16 33 5 62 69 44
43 33 5 62 69 44
17 33 5 62 69 44
42 33 5 62 69 44
18 33 5 62 69 44
41 33 5 62 69 44
19 33 5 62 69 44
40 33 5 62 69 44
20 33 5 62 69 44
39 33 5 62 69 44
21 33 5 62 69 44
38 33 5 62 69 44
22 33 5 62 69 44
37 33 5 62 69 44
23 33 5 62 69 44
36 33 5 62 69 44
15 34 5 62 69 44
44 34 5 62 69 44
16 34 5 62 69 44
43 34 5 62 69 44
17 34 5 62 69 44
42 34 5 62 69 44
18 34 5 62 69 44
41 34 5 62 69 44
19 34 5 62 69 44
40 34 5 62 69 44
20 34 5 62 69 44
39 34 5 62 69 44
21 34 5 62 69 44
38 34 5 62 69 44
22 34 5 62 69 44
37 34 5 62 69 44
23 34 5 62 69 44
36 34 5 62 69 44
28 19 13 0 106 255
31 19 13 0 106 255
15 35 5 62 69 44
44 35 5 62 69 44
16 35 5 62 69 44
43 35 5 62 69 44
17 35 5 62 69 44
42 35 5 62 69 44
18 35 5 62 69 44
41 35 5 62 69 44
19 35 5 62 69 44
40 35 5 62 69 44
20 35 5 62 69 44
39 35 5 62 69 44
21 35 5 62 69 44
38 35 5 62 69 44
22 35 5 62 69 44
37 35 5 62 69 44
23 35 5 62 69 44
36 35 5 62 69 44
15 36 5 62 69 44
44 36 5 62 69 44
16 36 5 62 69 44
43 36 5 62 69 44
17 36 5 62 69 44
42 36 5 62 69 44
18 36 5 62 69 44
41 36 5 62 69 44
19 36 5 62 69 44
40 36 5 62 69 44
20 36 5 62 69 44
39 36 5 62 69 44
21 36 5 62 69 44
38 36 5 62 69 44
22 36 5 62 69 44
37 36 5 62 69 44
23 36 5 62 69 44
36 36 5 62 69 44
28 18 13 73 73 73
31 18 13 73 73 73
15 37 5 62 69 44
44 37 5 62 69 44
16 37 5 62 69 44
43 37 5 62 69 44
17 37 5 62 69 44
42 37 5 62 69 44
18 37 5 62 69 44
41 37 5 62 69 44
19 37 5 62 69 44
40 37 5 62 69 44
20 37 5 62 69 44
39 37 5 62 69 44
21 37 5 62 69 44
38 37 5 62 69 44
22 37 5 62 69 44
37 37 5 62 69 44
23 37 5 62 69 44
36 37 5 62 69 44
15 38 5 62 69 44
44 38 5 62 69 44
16 38 5 62 69 44
43 38 5 62 69 44
17 38 5 62 69 44
42 38 5 62 69 44
18 38 5 62 69 44
41 38 5 62 69 44
19 38 5 62 69 44
40 38 5 62 69 44
20 38 5 62 69 44
39 38 5 62 69 44
21 38 5 62 69 44
38 38 5 62 69 44
22 38 5 62 69 44
37 38 5 62 69 44
23 38 5 62 69 44
36 38 5 62 69 44
15 39 5 62 69 44
44 39 5 62 69 44
16 39 5 62 69 44
43 39 5 62 69 44
17 39 5 62 69 44
42 39 5 62 69 44
18 39 5 62 69 44
41 39 5 62 69 44
19 39 5 62 69 44
40 39 5 62 69 44
20 39 5 62 69 44
39 39 5 62 69 44
21 39 5 62 69 44
38 39 5 62 69 44
22 39 5 62 69 44
37 39 5 62 69 44
23 39 5 62 69 44
36 39 5 62 69 44
14 40 5 62 69 44
45 40 5 62 69 44
15 40 5 62 69 44
44 40 5 62 69 44
16 40 5 62 69 44
43 40 5 62 69 44
17 40 5 62 69 44
42 40 5 62 69 44
18 40 5 62 69 44
41 40 5 62 69 44
19 40 5 62 69 44
40 40 5 62 69 44
20 40 5 62 69 44
39 40 5 62 69 44
21 40 5 62 69 44
38 40 5 62 69 44
22 40 5 62 69 44
37 40 5 62 69 44
23 40 5 102 107 78
36 40 5 102 107 78
14 41 5 102 107 78
45 41 5 102 107 78
15 41 5 62 69 44
44 41 5 62 69 44
16 41 5 62 69 44
43 41 5 62 69 44
17 41 5 62 69 44
42 41 5 62 69 44
18 41 5 62 69 44
41 41 5 62 69 44
19 41 5 62 69 44
40 41 5 62 69 44
20 41 5 62 69 44
39 41 5 62 69 44
21 41 5 62 69 44
38 41 5 62 69 44
22 41 5 62 69 44
37 41 5 62 69 44
23 41 5 102 107 78
36 41 5 102 107 78
14 42 5 62 69 44
45 42 5 62 69 44
15 42 5 62 69 44
44 42 5 62 69 44
16 42 5 62 69 44
43 42 5 62 69 44
17 42 5 255 50 0
42 42 5 255 50 0
18 42 5 255 50 0
41 42 5 255 50 0
19 42 5 255 50 0
40 42 5 255 50 0
20 42 5 255 50 0
39 42 5 255 50 0
21 42 5 62 69 44
38 42 5 62 69 44
22 42 5 62 69 44
37 42 5 62 69 44
23 42 5 62 69 44
36 42 5 62 69 44
14 43 5 62 69 44
45 43 5 62 69 44
15 43 5 62 69 44
44 43 5 62 69 44
16 43 5 73 73 73
43 43 5 73 73 73
18 35 9 62 69 44
41 35 9 62 69 44
17 35 9 62 69 44
42 35 9 62 69 44
21 43 5 73 73 73
38 43 5 73 73 73
22 43 5 62 69 44
37 43 5 62 69 44
23 43 5 62 69 44
36 43 5 62 69 44
14 44 5 62 69 44
45 44 5 62 69 44
15 44 5 62 69 44
44 44 5 62 69 44
16 44 5 73 73 73
43 44 5 73 73 73
15 42 3 62 69 44
44 42 3 62 69 44
18 37 9 82 85 53
41 37 9 82 85 53
21 44 5 73 73 73
38 44 5 73 73 73
22 44 5 62 69 44
37 44 5 62 69 44
23 44 5 62 69 44
36 44 5 62 69 44
15 45 5 73 73 73
44 45 5 73 73 73
16 45 5 73 73 73
43 45 5 73 73 73
24 32 5 62 69 44
35 32 5 62 69 44
24 37 9 73 73 73
35 37 9 73 73 73
21 45 5 73 73 73
38 45 5 73 73 73
22 45 5 73 73 73
37 45 5 73 73 73
29 17 10 62 69 44
30 17 10 62 69 44
22 44 9 62 69 44
37 44 9 62 69 44
15 46 5 73 73 73
44 46 5 73 73 73
16 46 5 73 73 73
43 46 5 73 73 73
17 38 9 62 69 44
42 38 9 62 69 44
16 38 9 62 69 44
43 38 9 62 69 44
21 46 5 73 73 73
38 46 5 73 73 73
22 46 5 73 73 73
37 46 5 73 73 73
22 43 9 62 69 44
37 43 9 62 69 44
15 47 5 73 73 73
44 47 5 73 73 73
16 47 5 73 73 73
43 47 5 73 73 73
28 26 11 62 69 44
31 26 11 62 69 44
29 26 11 62 69 44
30 26 11 62 69 44
21 47 5 73 73 73
38 47 5 73 73 73
22 47 5 73 73 73
37 47 5 73 73 73
28 17 10 62 69 44
31 17 10 62 69 44
16 48 5 73 73 73
43 48 5 73 73 73
27 27 11 62 69 44
32 27 11 62 69 44
28 27 11 62 69 44
31 27 11 62 69 44
21 48 5 73 73 73
38 48 5 73 73 73
28 25 11 62 69 44
31 25 11 62 69 44
29 25 11 7 7 7
30 25 11 7 7 7
29 10 11 73 73 73
30 10 11 73 73 73
29 32 11 62 69 44
30 32 11 62 69 44
28 32 11 82 85 53
31 32 11 82 85 53
29 32 10 62 69 44
30 32 10 62 69 44
28 32 10 62 69 44
31 32 10 62 69 44
29 4 6 62 69 44
30 4 6 62 69 44
28 5 6 62 69 44
31 5 6 62 69 44
29 5 6 62 69 44
30 5 6 62 69 44
15 43 9 62 69 44
44 43 9 62 69 44
28 6 6 62 69 44
31 6 6 62 69 44
29 6 6 62 69 44
30 6 6 62 69 44
26 7 9 62 69 44
33 7 9 62 69 44
27 7 6 62 69 44
32 7 6 62 69 44
28 7 6 62 69 44
31 7 6 62 69 44
29 7 6 62 69 44
30 7 6 62 69 44
27 8 6 62 69 44
32 8 6 62 69 44
28 8 6 62 69 44
31 8 6 62 69 44
29 8 6 62 69 44
30 8 6 62 69 44
27 9 6 62 69 44
32 9 6 62 69 44
28 9 6 62 69 44
31 9 6 62 69 44
29 9 6 62 69 44
30 9 6 62 69 44
29 35 11 62 69 44
30 35 11 62 69 44
27 10 6 62 69 44
32 10 6 62 69 44
28 10 6 62 69 44
31 10 6 62 69 44
29 10 6 62 69 44
30 10 6 62 69 44
28 35 11 62 69 44
31 35 11 62 69 44
27 11 6 73 73 73
32 11 6 73 73 73
28 11 6 73 73 73
31 11 6 73 73 73
29 11 6 73 73 73
30 11 6 73 73 73
29 28 12 62 69 44
30 28 12 62 69 44
27 12 6 62 69 44
32 12 6 62 69 44
28 12 6 62 69 44
31 12 6 62 69 44
29 12 6 62 69 44
30 12 6 62 69 44
28 28 12 62 69 44
31 28 12 62 69 44
27 13 6 62 69 44
32 13 6 62 69 44
28 13 6 62 69 44
31 13 6 62 69 44
29 13 6 62 69 44
30 13 6 62 69 44
26 9 9 102 107 78
33 9 9 102 107 78
27 14 6 62 69 44
32 14 6 62 69 44
28 14 6 62 69 44
31 14 6 62 69 44
29 14 6 62 69 44
30 14 6 62 69 44
26 8 9 62 69 44
33 8 9 62 69 44
27 15 6 62 69 44
32 15 6 62 69 44
28 15 6 62 69 44
31 15 6 62 69 44
29 15 6 62 69 44
30 15 6 62 69 44
22 16 6 82 85 53
37 16 6 82 85 53
23 16 6 82 85 53
36 16 6 82 85 53
24 16 6 82 85 53
35 16 6 82 85 53
25 16 6 62 69 44
34 16 6 62 69 44
26 16 6 62 69 44
33 16 6 62 69 44
27 16 6 62 69 44
32 16 6 62 69 44
28 16 6 62 69 44
31 16 6 62 69 44
29 16 6 62 69 44
30 16 6 62 69 44
22 17 6 82 85 53
37 17 6 82 85 53
23 17 6 62 69 44
36 17 6 62 69 44
24 17 6 62 69 44
35 17 6 62 69 44
25 17 6 62 69 44
34 17 6 62 69 44
26 17 6 62 69 44
33 17 6 62 69 44
27 17 6 62 69 44
32 17 6 62 69 44
28 17 6 62 69 44
31 17 6 62 69 44
29 17 6 62 69 44
30 17 6 62 69 44
18 18 6 82 85 53
41 18 6 82 85 53
19 18 6 82 85 53
40 18 6 82 85 53
20 18 6 82 85 53
39 18 6 82 85 53
21 18 6 82 85 53
38 18 6 82 85 53
22 18 6 62 69 44
37 18 6 62 69 44
23 18 6 62 69 44
36 18 6 62 69 44
24 18 6 62 69 44
35 18 6 62 69 44
25 18 6 62 69 44
34 18 6 62 69 44
26 18 6 62 69 44
33 18 6 62 69 44
27 18 6 62 69 44
32 18 6 62 69 44
28 18 6 62 69 44
31 18 6 62 69 44
29 18 6 62 69 44
30 18 6 62 69 44
18 19 6 62 69 44
41 19 6 62 69 44
19 19 6 62 69 44
40 19 6 62 69 44
20 19 6 62 69 44
39 19 6 62 69 44
21 19 6 62 69 44
38 19 6 62 69 44
22 19 6 62 69 44
37 19 6 62 69 44
23 19 6 62 69 44
36 19 6 62 69 44
24 19 6 62 69 44
35 19 6 62 69 44
25 19 6 62 69 44
34 19 6 62 69 44
26 19 6 62 69 44
33 19 6 62 69 44
27 19 6 62 69 44
32 19 6 62 69 44
28 19 6 62 69 44
31 19 6 62 69 44
29 19 6 62 69 44
30 19 6 62 69 44
13 20 6 82 85 53
46 20 6 82 85 53
14 20 6 62 69 44
45 20 6 62 69 44
15 20 6 62 69 44
44 20 6 62 69 44
16 20 6 62 69 44
43 20 6 62 69 44
17 20 6 62 69 44
42 20 6 62 69 44
18 20 6 62 69 44
41 20 6 62 69 44
19 20 6 62 69 44
40 20 6 62 69 44
20 20 6 62 69 44
39 20 6 62 69 44
21 20 6 62 69 44
38 20 6 62 69 44
8 30 7 111 114 84
51 30 7 111 114 84
9 31 7 62 69 44
50 31 7 62 69 44
26 19 5 62 69 44
33 19 5 62 69 44
26 20 6 62 69 44
33 20 6 62 69 44
27 20 6 62 69 44
32 20 6 62 69 44
28 20 6 62 69 44
31 20 6 62 69 44
29 20 6 62 69 44
30 20 6 62 69 44
16 19 8 82 85 53
43 19 8 82 85 53
13 21 6 62 69 44
46 21 6 62 69 44
14 21 6 62 69 44
45 21 6 62 69 44
15 21 6 62 69 44
44 21 6 62 69 44
16 21 6 62 69 44
43 21 6 62 69 44
17 21 6 62 69 44
42 21 6 62 69 44
18 21 6 62 69 44
41 21 6 62 69 44
19 21 6 62 69 44
40 21 6 62 69 44
20 21 6 62 69 44
39 21 6 62 69 44
9 30 7 62 69 44
50 30 7 62 69 44
21 21 6 62 69 44
38 21 6 62 69 44
25 20 6 62 69 44
34 20 6 62 69 44
24 20 6 62 69 44
35 20 6 62 69 44
23 20 6 62 69 44
36 20 6 62 69 44
26 21 6 62 69 44
33 21 6 62 69 44
27 21 6 62 69 44
32 21 6 62 69 44
28 21 6 62 69 44
31 21 6 62 69 44
29 21 6 62 69 44
30 21 6 62 69 44
16 19 7 82 85 53
43 19 7 82 85 53
13 22 6 62 69 44
46 22 6 62 69 44
14 22 6 62 69 44
45 22 6 62 69 44
15 22 6 62 69 44
44 22 6 62 69 44
16 22 6 62 69 44
43 22 6 62 69 44
17 22 6 62 69 44
42 22 6 62 69 44
18 22 6 62 69 44
41 22 6 62 69 44
19 22 6 62 69 44
40 22 6 62 69 44
20 22 6 62 69 44
39 22 6 62 69 44
22 22 6 62 69 44
37 22 6 62 69 44
23 22 6 62 69 44
36 22 6 62 69 44
24 22 6 62 69 44
35 22 6 62 69 44
25 22 6 62 69 44
34 22 6 62 69 44
26 22 6 62 69 44
33 22 6 62 69 44
27 22 6 62 69 44
32 22 6 62 69 44
28 22 6 62 69 44
31 22 6 62 69 44
29 22 6 62 69 44
30 22 6 62 69 44
12 23 6 62 69 44
47 23 6 62 69 44
13 23 6 62 69 44
46 23 6 62 69 44
14 23 6 62 69 44
45 23 6 62 69 44
15 23 6 62 69 44
44 23 6 62 69 44
16 23 6 62 69 44
43 23 6 62 69 44
17 23 6 62 69 44
42 23 6 62 69 44
18 23 6 62 69 44
41 23 6 62 69 44
19 23 6 62 69 44
40 23 6 62 69 44
20 23 6 62 69 44
39 23 6 62 69 44
6 40 7 102 107 78
53 40 7 102 107 78
22 23 6 62 69 44
37 23 6 62 69 44
23 23 6 62 69 44
36 23 6 62 69 44
24 23 6 62 69 44
35 23 6 62 69 44
25 23 6 62 69 44
34 23 6 62 69 44
26 23 6 62 69 44
33 23 6 62 69 44
27 23 6 62 69 44
32 23 6 62 69 44
28 23 6 62 69 44
31 23 6 62 69 44
29 23 6 62 69 44
30 23 6 62 69 44
22 20 8 7 7 7
37 20 8 7 7 7
11 24 6 82 85 53
48 24 6 82 85 53
12 24 6 62 69 44
47 24 6 62 69 44
13 24 6 62 69 44
46 24 6 62 69 44
14 24 6 62 69 44
45 24 6 62 69 44
15 24 6 62 69 44
44 24 6 62 69 44
6 31 7 111 114 84
53 31 7 111 114 84
3 33 7 111 114 84
56 33 7 111 114 84
21 24 6 62 69 44
38 24 6 62 69 44
22 24 6 62 69 44
37 24 6 62 69 44
23 24 6 62 69 44
36 24 6 62 69 44
24 24 6 62 69 44
35 24 6 62 69 44
25 24 6 62 69 44
34 24 6 62 69 44
26 24 6 62 69 44
33 24 6 62 69 44
27 24 6 62 69 44
32 24 6 62 69 44
28 24 6 62 69 44
31 24 6 62 69 44
29 24 6 62 69 44
30 24 6 62 69 44
2 33 7 111 114 84
57 33 7 111 114 84
9 40 7 111 114 84
50 40 7 111 114 84
8 40 7 111 114 84
51 40 7 111 114 84
16 25 6 62 69 44
43 25 6 62 69 44
17 25 6 62 69 44
42 25 6 62 69 44
18 25 6 62 69 44
41 25 6 62 69 44
19 25 6 62 69 44
40 25 6 62 69 44
20 25 6 62 69 44
39 25 6 62 69 44
22 25 6 62 69 44
37 25 6 62 69 44
23 25 6 62 69 44
36 25 6 62 69 44
24 25 6 62 69 44
35 25 6 62 69 44
25 25 6 62 69 44
34 25 6 62 69 44
26 25 6 62 69 44
33 25 6 62 69 44
27 25 6 62 69 44
32 25 6 62 69 44
28 25 6 62 69 44
31 25 6 62 69 44
29 25 6 62 69 44
30 25 6 62 69 44
20 20 8 7 7 7
39 20 8 7 7 7
11 26 6 62 69 44
48 26 6 62 69 44
12 26 6 62 69 44
47 26 6 62 69 44
13 26 6 62 69 44
46 26 6 62 69 44
14 26 6 62 69 44
45 26 6 62 69 44
15 26 6 62 69 44
44 26 6 62 69 44
16 26 6 62 69 44
43 26 6 62 69 44
17 26 6 62 69 44
42 26 6 62 69 44
18 26 6 62 69 44
41 26 6 62 69 44
19 26 6 62 69 44
40 26 6 62 69 44
20 26 6 62 69 44
39 26 6 62 69 44
7 40 7 111 114 84
52 40 7 111 114 84
22 26 6 62 69 44
37 26 6 62 69 44
23 26 6 62 69 44
36 26 6 62 69 44
24 26 6 62 69 44
35 26 6 62 69 44
25 26 6 62 69 44
34 26 6 62 69 44
26 26 6 62 69 44
33 26 6 62 69 44
27 26 6 62 69 44
32 26 6 62 69 44
28 26 6 62 69 44
31 26 6 62 69 44
29 26 6 62 69 44
30 26 6 62 69 44
11 27 6 62 69 44
48 27 6 62 69 44
12 27 6 62 69 44
47 27 6 62 69 44
13 27 6 62 69 44
46 27 6 62 69 44
14 27 6 62 69 44
45 27 6 62 69 44
15 27 6 62 69 44
44 27 6 62 69 44
16 27 6 62 69 44
43 27 6 62 69 44
17 27 6 62 69 44
42 27 6 62 69 44
18 27 6 62 69 44
41 27 6 62 69 44
19 27 6 62 69 44
40 27 6 62 69 44
20 27 6 62 69 44
39 27 6 62 69 44
22 27 6 62 69 44
37 27 6 62 69 44
23 27 6 62 69 44
36 27 6 62 69 44
24 27 6 62 69 44
35 27 6 62 69 44
25 27 6 62 69 44
34 27 6 62 69 44
26 27 6 62 69 44
33 27 6 62 69 44
27 27 6 62 69 44
32 27 6 62 69 44
28 27 6 62 69 44
31 27 6 62 69 44
29 27 6 62 69 44
30 27 6 62 69 44
19 20 8 7 7 7
40 20 8 7 7 7
11 28 6 62 69 44
48 28 6 62 69 44
12 28 6 62 69 44
47 28 6 62 69 44
13 28 6 62 69 44
46 28 6 62 69 44
14 28 6 62 69 44
45 28 6 62 69 44
15 28 6 62 69 44
44 28 6 62 69 44
16 28 6 62 69 44
43 28 6 62 69 44
17 28 6 62 69 44
42 28 6 62 69 44
18 28 6 62 69 44
41 28 6 62 69 44
19 28 6 62 69 44
40 28 6 62 69 44
20 28 6 62 69 44
39 28 6 62 69 44
21 28 6 62 69 44
38 28 6 62 69 44
22 28 6 62 69 44
37 28 6 62 69 44
23 28 6 62 69 44
36 28 6 62 69 44
24 28 6 62 69 44
35 28 6 62 69 44
25 28 6 62 69 44
34 28 6 62 69 44
26 28 6 62 69 44
33 28 6 62 69 44
27 28 6 62 69 44
32 28 6 62 69 44
28 28 6 62 69 44
31 28 6 62 69 44
29 28 6 62 69 44
30 28 6 62 69 44
11 29 6 62 69 44
48 29 6 62 69 44
12 29 6 62 69 44
47 29 6 62 69 44
13 29 6 62 69 44
46 29 6 62 69 44
14 29 6 62 69 44
45 29 6 62 69 44
15 29 6 62 69 44
44 29 6 62 69 44
16 29 6 62 69 44
43 29 6 62 69 44
17 29 6 62 69 44
42 29 6 62 69 44
18 29 6 62 69 44
41 29 6 62 69 44
19 29 6 62 69 44
40 29 6 62 69 44
20 29 6 62 69 44
39 29 6 62 69 44
21 29 6 62 69 44
38 29 6 62 69 44
22 29 6 62 69 44
37 29 6 62 69 44
23 29 6 62 69 44
36 29 6 62 69 44
24 29 6 62 69 44
35 29 6 62 69 44
25 29 6 62 69 44
34 29 6 62 69 44
26 29 6 62 69 44
33 29 6 62 69 44
27 29 6 62 69 44
32 29 6 62 69 44
28 29 6 62 69 44
31 29 6 62 69 44
29 29 6 62 69 44
30 29 6 62 69 44
28 16 13 0 106 255
31 16 13 0 106 255
28 15 13 0 106 255
31 15 13 0 106 255
24 39 12 73 73 73
35 39 12 73 73 73
15 30 6 62 69 44
44 30 6 62 69 44
16 30 6 62 69 44
43 30 6 62 69 44
17 30 6 62 69 44
42 30 6 62 69 44
18 30 6 62 69 44
41 30 6 62 69 44
19 30 6 62 69 44
40 30 6 62 69 44
20 30 6 62 69 44
39 30 6 62 69 44
21 30 6 62 69 44
38 30 6 62 69 44
22 30 6 62 69 44
37 30 6 62 69 44
23 30 6 62 69 44
36 30 6 62 69 44
24 30 6 62 69 44
35 30 6 62 69 44
25 30 6 62 69 44
34 30 6 62 69 44
26 30 6 62 69 44
33 30 6 62 69 44
27 30 6 62 69 44
32 30 6 62 69 44
28 30 6 62 69 44
31 30 6 62 69 44
29 30 6 62 69 44
30 30 6 62 69 44
21 40 13 82 85 53
38 40 13 82 85 53
29 46 10 82 85 53
30 46 10 82 85 53
29 13 11 73 73 73
30 13 11 73 73 73
20 44 9 62 69 44
39 44 9 62 69 44
16 31 6 7 7 7
43 31 6 7 7 7
17 31 6 62 69 44
42 31 6 62 69 44
18 31 6 62 69 44
41 31 6 62 69 44
19 31 6 62 69 44
40 31 6 62 69 44
20 31 6 62 69 44
39 31 6 62 69 44
21 31 6 62 69 44
38 31 6 62 69 44
22 31 6 62 69 44
37 31 6 62 69 44
23 31 6 62 69 44
36 31 6 62 69 44
24 31 6 62 69 44
35 31 6 62 69 44
25 31 6 62 69 44
34 31 6 62 69 44
26 31 6 62 69 44
33 31 6 62 69 44
27 31 6 62 69 44
32 31 6 62 69 44
28 31 6 62 69 44
31 31 6 62 69 44
29 31 6 62 69 44
30 31 6 62 69 44
21 42 12 82 85 53
38 42 12 82 85 53
29 34 11 62 69 44
30 34 11 62 69 44
14 30 6 62 69 44
45 30 6 62 69 44
16 32 6 7 7 7
43 32 6 7 7 7
17 32 6 62 69 44
42 32 6 62 69 44
18 32 6 62 69 44
41 32 6 62 69 44
19 32 6 62 69 44
40 32 6 62 69 44
20 32 6 62 69 44
39 32 6 62 69 44
21 32 6 62 69 44
38 32 6 62 69 44
22 32 6 62 69 44
37 32 6 62 69 44
23 32 6 62 69 44
36 32 6 62 69 44
24 32 6 62 69 44
35 32 6 62 69 44
25 32 6 62 69 44
34 32 6 62 69 44
26 32 6 62 69 44
33 32 6 62 69 44
27 32 6 62 69 44
32 32 6 62 69 44
28 32 6 62 69 44
31 32 6 62 69 44
29 32 6 62 69 44
30 32 6 62 69 44
28 46 10 82 85 53
31 46 10 82 85 53
21 41 12 82 85 53
38 41 12 82 85 53
28 13 11 73 73 73
31 13 11 73 73 73
14 33 5 62 69 44
45 33 5 62 69 44
16 33 6 7 7 7
43 33 6 7 7 7
17 33 6 62 69 44
42 33 6 62 69 44
18 33 6 62 69 44
41 33 6 62 69 44
19 33 6 62 69 44
40 33 6 62 69 44
20 33 6 62 69 44
39 33 6 62 69 44
21 33 6 62 69 44
38 33 6 62 69 44
22 33 6 62 69 44
37 33 6 62 69 44
23 33 6 62 69 44
36 33 6 62 69 44
24 33 6 62 69 44
35 33 6 62 69 44
25 33 6 62 69 44
34 33 6 62 69 44
26 33 6 62 69 44
33 33 6 62 69 44
27 33 6 62 69 44
32 33 6 62 69 44
28 33 6 62 69 44
31 33 6 62 69 44
29 33 6 62 69 44
30 33 6 62 69 44
29 32 9 62 69 44
30 32 9 62 69 44
28 17 13 0 106 255
31 17 13 0 106 255
18 48 6 255 50 0
41 48 6 255 50 0
21 43 9 62 69 44
38 43 9 62 69 44
29 15 13 0 106 255
30 15 13 0 106 255
27 13 11 73 73 73
32 13 11 73 73 73
14 32 5 62 69 44
45 32 5 62 69 44
16 34 6 7 7 7
43 34 6 7 7 7
17 34 6 62 69 44
42 34 6 62 69 44
18 34 6 62 69 44
41 34 6 62 69 44
19 34 6 62 69 44
40 34 6 62 69 44
20 34 6 62 69 44
39 34 6 62 69 44
21 34 6 62 69 44
38 34 6 62 69 44
22 34 6 62 69 44
37 34 6 62 69 44
23 34 6 62 69 44
36 34 6 62 69 44
24 34 6 73 73 73
35 34 6 73 73 73
16 31 9 82 85 53
43 31 9 82 85 53
15 20 7 62 69 44
44 20 7 62 69 44
13 20 7 82 85 53
46 20 7 82 85 53
29 30 9 62 69 44
30 30 9 62 69 44
28 33 9 62 69 44
31 33 9 62 69 44
29 21 11 62 69 44
30 21 11 62 69 44
29 3 7 62 69 44
30 3 7 62 69 44
21 39 12 62 69 44
38 39 12 62 69 44
28 34 11 62 69 44
31 34 11 62 69 44
14 31 5 62 69 44
45 31 5 62 69 44
16 35 6 7 7 7
43 35 6 7 7 7
17 35 6 62 69 44
42 35 6 62 69 44
18 35 6 62 69 44
41 35 6 62 69 44
19 35 6 62 69 44
40 35 6 62 69 44
20 35 6 62 69 44
39 35 6 62 69 44
21 35 6 62 69 44
38 35 6 62 69 44
22 35 6 62 69 44
37 35 6 62 69 44
23 35 6 62 69 44
36 35 6 62 69 44
24 35 6 73 73 73
35 35 6 73 73 73
20 37 9 82 85 53
39 37 9 82 85 53
20 32 9 62 69 44
39 32 9 62 69 44
19 32 9 62 69 44
40 32 9 62 69 44
18 32 9 62 69 44
41 32 9 62 69 44
17 32 9 62 69 44
42 32 9 62 69 44
21 46 12 82 85 53
38 46 12 82 85 53
27 46 10 82 85 53
32 46 10 82 85 53
21 45 12 82 85 53
38 45 12 82 85 53
29 33 11 62 69 44
30 33 11 62 69 44
15 30 5 62 69 44
44 30 5 62 69 44
16 36 6 7 7 7
43 36 6 7 7 7
17 36 6 62 69 44
42 36 6 62 69 44
18 36 6 62 69 44
41 36 6 62 69 44
19 36 6 62 69 44
40 36 6 62 69 44
20 36 6 62 69 44
39 36 6 62 69 44
21 36 6 62 69 44
38 36 6 62 69 44
22 36 6 62 69 44
37 36 6 62 69 44
23 36 6 62 69 44
36 36 6 62 69 44
24 36 6 73 73 73
35 36 6 73 73 73
28 30 9 62 69 44
31 30 9 62 69 44
27 30 9 62 69 44
32 30 9 62 69 44
24 34 9 73 73 73
35 34 9 73 73 73
15 39 3 62 69 44
44 39 3 62 69 44
19 34 9 62 69 44
40 34 9 62 69 44
21 44 12 82 85 53
38 44 12 82 85 53
26 46 10 82 85 53
33 46 10 82 85 53
21 43 12 62 69 44
38 43 12 62 69 44
29 12 11 62 69 44
30 12 11 62 69 44
28 33 11 62 69 44
31 33 11 62 69 44
29 21 13 62 69 44
30 21 13 62 69 44
15 29 5 62 69 44
44 29 5 62 69 44
16 37 6 7 7 7
43 37 6 7 7 7
17 37 6 62 69 44
42 37 6 62 69 44
18 37 6 62 69 44
41 37 6 62 69 44
19 37 6 62 69 44
40 37 6 62 69 44
20 37 6 62 69 44
39 37 6 62 69 44
21 37 6 62 69 44
38 37 6 62 69 44
22 37 6 62 69 44
37 37 6 62 69 44
23 37 6 62 69 44
36 37 6 62 69 44
24 37 6 73 73 73
35 37 6 73 73 73
25 32 5 62 69 44
34 32 5 62 69 44
26 32 5 62 69 44
33 32 5 62 69 44
27 32 5 62 69 44
32 32 5 62 69 44
28 32 5 62 69 44
31 32 5 62 69 44
29 32 5 62 69 44
30 32 5 62 69 44
25 46 10 82 85 53
34 46 10 82 85 53
21 40 12 82 85 53
38 40 12 82 85 53
29 20 13 73 73 73
30 20 13 73 73 73
29 33 9 62 69 44
30 33 9 62 69 44
29 19 13 0 106 255
30 19 13 0 106 255
15 28 5 62 69 44
44 28 5 62 69 44
16 38 6 7 7 7
43 38 6 7 7 7
17 38 6 62 69 44
42 38 6 62 69 44
18 38 6 62 69 44
41 38 6 62 69 44
19 38 6 62 69 44
40 38 6 62 69 44
20 38 6 62 69 44
39 38 6 62 69 44
21 38 6 62 69 44
38 38 6 62 69 44
22 38 6 62 69 44
37 38 6 62 69 44
23 38 6 62 69 44
36 38 6 62 69 44
29 41 10 62 69 44
30 41 10 62 69 44
28 41 10 62 69 44
31 41 10 62 69 44
27 41 10 62 69 44
32 41 10 62 69 44
26 41 10 62 69 44
33 41 10 62 69 44
25 41 10 62 69 44
34 41 10 62 69 44
28 12 11 62 69 44
31 12 11 62 69 44
23 45 10 62 69 44
36 45 10 62 69 44
28 32 9 62 69 44
31 32 9 62 69 44
29 18 13 73 73 73
30 18 13 73 73 73
20 43 9 62 69 44
39 43 9 62 69 44
18 49 6 255 50 0
41 49 6 255 50 0
16 39 6 7 7 7
43 39 6 7 7 7
17 39 6 62 69 44
42 39 6 62 69 44
18 39 6 62 69 44
41 39 6 62 69 44
19 39 6 62 69 44
40 39 6 62 69 44
20 39 6 62 69 44
39 39 6 62 69 44
21 39 6 62 69 44
38 39 6 62 69 44
22 39 6 62 69 44
37 39 6 62 69 44
23 39 6 62 69 44
36 39 6 62 69 44
27 12 11 82 85 53
32 12 11 82 85 53
24 41 10 62 69 44
35 41 10 62 69 44
29 40 10 62 69 44
30 40 10 62 69 44
28 40 10 62 69 44
31 40 10 62 69 44
27 40 10 62 69 44
32 40 10 62 69 44
26 40 10 62 69 44
33 40 10 62 69 44
25 40 10 62 69 44
34 40 10 62 69 44
22 45 10 62 69 44
37 45 10 62 69 44
14 40 6 102 107 78
45 40 6 102 107 78
15 40 6 62 69 44
44 40 6 62 69 44
16 40 6 62 69 44
43 40 6 62 69 44
17 40 6 62 69 44
42 40 6 62 69 44
18 40 6 62 69 44
41 40 6 62 69 44
19 40 6 62 69 44
40 40 6 62 69 44
20 40 6 62 69 44
39 40 6 62 69 44
21 40 6 62 69 44
38 40 6 62 69 44
22 40 6 62 69 44
37 40 6 62 69 44
23 40 6 102 107 78
36 40 6 102 107 78
24 40 10 62 69 44
35 40 10 62 69 44
29 39 10 62 69 44
30 39 10 62 69 44
28 39 10 62 69 44
31 39 10 62 69 44
27 39 10 62 69 44
32 39 10 62 69 44
26 39 10 62 69 44
33 39 10 62 69 44
19 38 4 7 7 7
40 38 4 7 7 7
28 27 12 62 69 44
31 27 12 62 69 44
29 26 12 62 69 44
30 26 12 62 69 44
14 41 6 102 107 78
45 41 6 102 107 78
15 41 6 62 69 44
44 41 6 62 69 44
16 41 6 62 69 44
43 41 6 62 69 44
17 41 6 62 69 44
42 41 6 62 69 44
18 41 6 62 69 44
41 41 6 62 69 44
19 41 6 62 69 44
40 41 6 62 69 44
20 41 6 62 69 44
39 41 6 62 69 44
21 41 6 62 69 44
38 41 6 62 69 44
22 41 6 62 69 44
37 41 6 62 69 44
23 41 6 102 107 78
36 41 6 102 107 78
29 17 11 0 106 255
30 17 11 0 106 255
25 39 10 62 69 44
34 39 10 62 69 44
24 39 10 62 69 44
35 39 10 62 69 44
29 38 10 82 85 53
30 38 10 82 85 53
28 38 10 82 85 53
31 38 10 82 85 53
27 38 10 82 85 53
32 38 10 82 85 53
26 38 10 82 85 53
33 38 10 82 85 53
14 42 6 62 69 44
45 42 6 62 69 44
15 42 6 62 69 44
44 42 6 62 69 44
16 42 6 62 69 44
43 42 6 62 69 44
17 42 6 255 50 0
42 42 6 255 50 0
18 42 6 255 50 0
41 42 6 255 50 0
19 42 6 255 50 0
40 42 6 255 50 0
20 42 6 255 50 0
39 42 6 255 50 0
21 42 6 62 69 44
38 42 6 62 69 44
22 42 6 62 69 44
37 42 6 62 69 44
23 42 6 62 69 44
36 42 6 62 69 44
25 38 10 82 85 53
34 38 10 82 85 53
24 38 10 82 85 53
35 38 10 82 85 53
15 43 3 62 69 44
44 43 3 62 69 44
15 37 3 62 69 44
44 37 3 62 69 44
15 44 3 62 69 44
44 44 3 62 69 44
14 43 6 62 69 44
45 43 6 62 69 44
15 43 6 62 69 44
44 43 6 62 69 44
16 43 6 73 73 73
43 43 6 73 73 73
16 35 9 62 69 44
43 35 9 62 69 44
20 43 14 102 107 78
39 43 14 102 107 78
21 43 6 73 73 73
38 43 6 73 73 73
22 43 6 62 69 44
37 43 6 62 69 44
23 43 6 62 69 44
36 43 6 62 69 44
28 17 11 0 106 255
31 17 11 0 106 255
28 20 11 62 69 44
31 20 11 62 69 44
29 20 11 62 69 44
30 20 11 62 69 44
23 43 9 62 69 44
36 43 9 62 69 44
23 37 10 82 85 53
36 37 10 82 85 53
29 36 10 62 69 44
30 36 10 62 69 44
28 36 10 62 69 44
31 36 10 62 69 44
14 44 6 62 69 44
45 44 6 62 69 44
15 44 6 62 69 44
44 44 6 62 69 44
16 44 6 73 73 73
43 44 6 73 73 73
16 32 9 62 69 44
43 32 9 62 69 44
21 44 6 73 73 73
38 44 6 73 73 73
22 44 6 62 69 44
37 44 6 62 69 44
23 44 6 62 69 44
36 44 6 62 69 44
27 36 10 62 69 44
32 36 10 62 69 44
26 36 10 62 69 44
33 36 10 62 69 44
25 36 10 62 69 44
34 36 10 62 69 44
24 36 10 62 69 44
35 36 10 62 69 44
23 36 10 62 69 44
36 36 10 62 69 44
22 42 9 62 69 44
37 42 9 62 69 44
15 45 6 73 73 73
44 45 6 73 73 73
16 45 6 73 73 73
43 45 6 73 73 73
18 34 9 62 69 44
41 34 9 62 69 44
17 34 9 62 69 44
42 34 9 62 69 44
21 45 6 73 73 73
38 45 6 73 73 73
22 45 6 73 73 73
37 45 6 73 73 73
29 45 10 62 69 44
30 45 10 62 69 44
28 45 10 62 69 44
31 45 10 62 69 44
27 45 10 62 69 44
32 45 10 62 69 44
26 45 10 62 69 44
33 45 10 62 69 44
25 45 10 62 69 44
34 45 10 62 69 44
24 45 10 62 69 44
35 45 10 62 69 44
22 41 9 62 69 44
37 41 9 62 69 44
15 46 6 73 73 73
44 46 6 73 73 73
16 46 6 73 73 73
43 46 6 73 73 73
15 38 9 82 85 53
44 38 9 82 85 53
28 24 10 62 69 44
31 24 10 62 69 44
21 46 6 73 73 73
38 46 6 73 73 73
22 46 6 73 73 73
37 46 6 73 73 73
27 17 10 62 69 44
32 17 10 62 69 44
22 40 9 62 69 44
37 40 9 62 69 44
15 47 6 73 73 73
44 47 6 73 73 73
16 47 6 73 73 73
43 47 6 73 73 73
29 27 11 7 7 7
30 27 11 7 7 7
23 42 10 62 69 44
36 42 10 62 69 44
21 47 6 73 73 73
38 47 6 73 73 73
22 47 6 73 73 73
37 47 6 73 73 73
16 48 6 73 73 73
43 48 6 73 73 73
29 15 11 0 106 255
30 15 11 0 106 255
23 38 9 62 69 44
36 38 9 62 69 44
21 48 6 73 73 73
38 48 6 73 73 73
27 26 11 62 69 44
32 26 11 62 69 44
23 39 9 62 69 44
36 39 9 62 69 44
26 23 10 82 85 53
33 23 10 82 85 53
27 5 8 62 69 44
32 5 8 62 69 44
27 5 7 62 69 44
32 5 7 62 69 44
28 3 7 62 69 44
31 3 7 62 69 44
28 4 7 62 69 44
31 4 7 62 69 44
29 4 7 62 69 44
30 4 7 62 69 44
28 5 7 62 69 44
31 5 7 62 69 44
29 5 7 62 69 44
30 5 7 62 69 44
16 43 9 62 69 44
43 43 9 62 69 44
27 6 7 62 69 44
32 6 7 62 69 44
28 6 7 62 69 44
31 6 7 62 69 44
29 6 7 62 69 44
30 6 7 62 69 44
27 7 7 62 69 44
32 7 7 62 69 44
28 7 7 62 69 44
31 7 7 62 69 44
29 7 7 62 69 44
30 7 7 62 69 44
28 2 8 82 85 53
31 2 8 82 85 53
27 8 7 62 69 44
32 8 7 62 69 44
28 8 7 62 69 44
31 8 7 62 69 44
29 8 7 62 69 44
30 8 7 62 69 44
26 9 7 62 69 44
33 9 7 62 69 44
27 9 7 62 69 44
32 9 7 62 69 44
28 9 7 62 69 44
31 9 7 62 69 44
29 9 7 62 69 44
30 9 7 62 69 44
26 10 7 62 69 44
33 10 7 62 69 44
27 10 7 62 69 44
32 10 7 62 69 44
28 10 7 62 69 44
31 10 7 62 69 44
29 10 7 62 69 44
30 10 7 62 69 44
26 11 7 73 73 73
33 11 7 73 73 73
27 11 7 73 73 73
32 11 7 73 73 73
28 11 7 73 73 73
31 11 7 73 73 73
29 11 7 73 73 73
30 11 7 73 73 73
26 12 7 62 69 44
33 12 7 62 69 44
27 12 7 62 69 44
32 12 7 62 69 44
28 12 7 62 69 44
31 12 7 62 69 44
29 12 7 62 69 44
30 12 7 62 69 44
26 13 7 62 69 44
33 13 7 62 69 44
27 13 7 62 69 44
32 13 7 62 69 44
28 13 7 62 69 44
31 13 7 62 69 44
29 13 7 62 69 44
30 13 7 62 69 44
26 14 7 62 69 44
33 14 7 62 69 44
27 14 7 62 69 44
32 14 7 62 69 44
28 14 7 62 69 44
31 14 7 62 69 44
29 14 7 62 69 44
30 14 7 62 69 44
26 15 7 62 69 44
33 15 7 62 69 44
27 15 7 62 69 44
32 15 7 62 69 44
28 15 7 62 69 44
31 15 7 62 69 44
29 15 7 62 69 44
30 15 7 62 69 44
17 36 8 35 35 35
42 36 8 35 35 35
20 36 8 35 35 35
39 36 8 35 35 35
26 16 7 62 69 44
33 16 7 62 69 44
27 16 7 62 69 44
32 16 7 62 69 44
28 16 7 62 69 44
31 16 7 62 69 44
29 16 7 62 69 44
30 16 7 62 69 44
18 36 8 35 35 35
41 36 8 35 35 35
19 36 8 35 35 35
40 36 8 35 35 35
26 17 7 62 69 44
33 17 7 62 69 44
27 17 7 62 69 44
32 17 7 62 69 44
28 17 7 62 69 44
31 17 7 62 69 44
29 17 7 62 69 44
30 17 7 62 69 44
27 32 8 35 35 35
32 32 8 35 35 35
26 32 8 35 35 35
33 32 8 35 35 35
22 32 8 35 35 35
37 32 8 35 35 35
25 32 8 35 35 35
34 32 8 35 35 35
26 18 7 62 69 44
33 18 7 62 69 44
27 18 7 62 69 44
32 18 7 62 69 44
28 18 7 62 69 44
31 18 7 62 69 44
29 18 7 62 69 44
30 18 7 62 69 44
23 32 8 35 35 35
36 32 8 35 35 35
24 32 8 35 35 35
35 32 8 35 35 35
14 37 8 82 85 53
45 37 8 82 85 53
15 37 8 62 69 44
44 37 8 62 69 44
26 19 7 62 69 44
33 19 7 62 69 44
27 19 7 62 69 44
32 19 7 62 69 44
28 19 7 62 69 44
31 19 7 62 69 44
29 19 7 62 69 44
30 19 7 62 69 44
16 37 8 62 69 44
43 37 8 62 69 44
15 37 9 82 85 53
44 37 9 82 85 53
17 37 8 62 69 44
42 37 8 62 69 44
16 37 9 82 85 53
43 37 9 82 85 53
20 37 8 62 69 44
39 37 8 62 69 44
18 37 8 62 69 44
41 37 8 62 69 44
26 20 7 62 69 44
33 20 7 62 69 44
27 20 7 62 69 44
32 20 7 62 69 44
28 20 7 62 69 44
31 20 7 62 69 44
29 20 7 62 69 44
30 20 7 62 69 44
18 38 3 7 7 7
41 38 3 7 7 7
13 21 7 62 69 44
46 21 7 62 69 44
14 21 7 62 69 44
45 21 7 62 69 44
15 21 7 62 69 44
44 21 7 62 69 44
16 21 7 62 69 44
43 21 7 62 69 44
17 21 7 62 69 44
42 21 7 62 69 44
18 21 7 62 69 44
41 21 7 62 69 44
19 21 7 62 69 44
40 21 7 62 69 44
20 21 7 62 69 44
39 21 7 62 69 44
21 21 7 62 69 44
38 21 7 62 69 44
22 21 7 35 35 35
37 21 7 35 35 35
23 21 7 35 35 35
36 21 7 35 35 35
24 21 7 35 35 35
35 21 7 35 35 35
25 21 7 35 35 35
34 21 7 35 35 35
26 21 7 62 69 44
33 21 7 62 69 44
27 21 7 62 69 44
32 21 7 62 69 44
28 21 7 62 69 44
31 21 7 62 69 44
29 21 7 62 69 44
30 21 7 62 69 44
13 22 7 62 69 44
46 22 7 62 69 44
14 22 7 62 69 44
45 22 7 62 69 44
15 22 7 62 69 44
44 22 7 62 69 44
16 22 7 62 69 44
43 22 7 62 69 44
17 22 7 62 69 44
42 22 7 62 69 44
18 22 7 62 69 44
41 22 7 62 69 44
19 22 7 62 69 44
40 22 7 62 69 44
20 22 7 62 69 44
39 22 7 62 69 44
21 22 7 35 35 35
38 22 7 35 35 35
22 22 7 62 69 44
37 22 7 62 69 44
23 22 7 62 69 44
36 22 7 62 69 44
24 22 7 62 69 44
35 22 7 62 69 44
25 22 7 62 69 44
34 22 7 62 69 44
26 22 7 62 69 44
33 22 7 62 69 44
27 22 7 62 69 44
32 22 7 62 69 44
28 22 7 62 69 44
31 22 7 62 69 44
29 22 7 62 69 44
30 22 7 62 69 44
12 23 7 62 69 44
47 23 7 62 69 44
13 23 7 62 69 44
46 23 7 62 69 44
14 23 7 62 69 44
45 23 7 62 69 44
15 23 7 62 69 44
44 23 7 62 69 44
16 23 7 62 69 44
43 23 7 62 69 44
17 23 7 62 69 44
42 23 7 62 69 44
18 23 7 62 69 44
41 23 7 62 69 44
19 23 7 62 69 44
40 23 7 62 69 44
20 23 7 62 69 44
39 23 7 62 69 44
21 23 7 35 35 35
38 23 7 35 35 35
22 23 7 62 69 44
37 23 7 62 69 44
23 23 7 62 69 44
36 23 7 62 69 44
24 23 7 62 69 44
35 23 7 62 69 44
25 23 7 62 69 44
34 23 7 62 69 44
26 23 7 62 69 44
33 23 7 62 69 44
27 23 7 62 69 44
32 23 7 62 69 44
28 23 7 62 69 44
31 23 7 62 69 44
29 23 7 62 69 44
30 23 7 62 69 44
11 24 7 82 85 53
48 24 7 82 85 53
12 24 7 62 69 44
47 24 7 62 69 44
13 24 7 62 69 44
46 24 7 62 69 44
14 24 7 62 69 44
45 24 7 62 69 44
15 24 7 62 69 44
44 24 7 62 69 44
16 24 7 35 35 35
43 24 7 35 35 35
17 24 7 35 35 35
42 24 7 35 35 35
18 24 7 35 35 35
41 24 7 35 35 35
19 24 7 35 35 35
40 24 7 35 35 35
20 24 7 35 35 35
39 24 7 35 35 35
21 24 7 62 69 44
38 24 7 62 69 44
22 24 7 62 69 44
37 24 7 62 69 44
23 24 7 62 69 44
36 24 7 62 69 44
24 24 7 62 69 44
35 24 7 62 69 44
25 24 7 62 69 44
34 24 7 62 69 44
26 24 7 62 69 44
33 24 7 62 69 44
27 24 7 62 69 44
32 24 7 62 69 44
28 24 7 62 69 44
31 24 7 62 69 44
29 24 7 62 69 44
30 24 7 62 69 44
7 31 7 111 114 84
52 31 7 111 114 84
12 25 7 35 35 35
47 25 7 35 35 35
13 25 7 35 35 35
46 25 7 35 35 35
14 25 7 35 35 35
45 25 7 35 35 35
15 25 7 35 35 35
44 25 7 35 35 35
16 25 7 62 69 44
43 25 7 62 69 44
17 25 7 62 69 44
42 25 7 62 69 44
18 25 7 62 69 44
41 25 7 62 69 44
19 25 7 62 69 44
40 25 7 62 69 44
20 25 7 62 69 44
39 25 7 62 69 44
21 25 7 35 35 35
38 25 7 35 35 35
22 25 7 62 69 44
37 25 7 62 69 44
23 25 7 62 69 44
36 25 7 62 69 44
24 25 7 62 69 44
35 25 7 62 69 44
25 25 7 62 69 44
34 25 7 62 69 44
26 25 7 62 69 44
33 25 7 62 69 44
27 25 7 62 69 44
32 25 7 62 69 44
28 25 7 62 69 44
31 25 7 62 69 44
29 25 7 62 69 44
30 25 7 62 69 44
18 20 8 7 7 7
41 20 8 7 7 7
11 26 7 62 69 44
48 26 7 62 69 44
12 26 7 62 69 44
47 26 7 62 69 44
13 26 7 62 69 44
46 26 7 62 69 44
14 26 7 62 69 44
45 26 7 62 69 44
15 26 7 62 69 44
44 26 7 62 69 44
16 26 7 62 69 44
43 26 7 62 69 44
17 26 7 62 69 44
42 26 7 62 69 44
18 26 7 62 69 44
41 26 7 62 69 44
19 26 7 62 69 44
40 26 7 62 69 44
20 26 7 62 69 44
39 26 7 62 69 44
21 26 7 35 35 35
38 26 7 35 35 35
22 26 7 62 69 44
37 26 7 62 69 44
23 26 7 62 69 44
36 26 7 62 69 44
24 26 7 62 69 44
35 26 7 62 69 44
25 26 7 62 69 44
34 26 7 62 69 44
26 26 7 62 69 44
33 26 7 62 69 44
27 26 7 62 69 44
32 26 7 62 69 44
28 26 7 62 69 44
31 26 7 62 69 44
29 26 7 62 69 44
30 26 7 62 69 44
11 27 7 62 69 44
48 27 7 62 69 44
12 27 7 62 69 44
47 27 7 62 69 44
13 27 7 62 69 44
46 27 7 62 69 44
14 27 7 62 69 44
45 27 7 62 69 44
15 27 7 62 69 44
44 27 7 62 69 44
16 27 7 62 69 44
43 27 7 62 69 44
17 27 7 62 69 44
42 27 7 62 69 44
18 27 7 62 69 44
41 27 7 62 69 44
19 27 7 62 69 44
40 27 7 62 69 44
20 27 7 62 69 44
39 27 7 62 69 44
21 27 7 35 35 35
38 27 7 35 35 35
22 27 7 62 69 44
37 27 7 62 69 44
23 27 7 62 69 44
36 27 7 62 69 44
24 27 7 62 69 44
35 27 7 62 69 44
25 27 7 62 69 44
34 27 7 62 69 44
26 27 7 62 69 44
33 27 7 62 69 44
27 27 7 62 69 44
32 27 7 62 69 44
28 27 7 62 69 44
31 27 7 62 69 44
29 27 7 62 69 44
30 27 7 62 69 44
17 20 8 7 7 7
42 20 8 7 7 7
11 28 7 62 69 44
48 28 7 62 69 44
12 28 7 62 69 44
47 28 7 62 69 44
13 28 7 62 69 44
46 28 7 62 69 44
14 28 7 62 69 44
45 28 7 62 69 44
15 28 7 62 69 44
44 28 7 62 69 44
16 28 7 62 69 44
43 28 7 62 69 44
17 28 7 62 69 44
42 28 7 62 69 44
18 28 7 62 69 44
41 28 7 62 69 44
19 28 7 62 69 44
40 28 7 62 69 44
20 28 7 62 69 44
39 28 7 62 69 44
21 28 7 62 69 44
38 28 7 62 69 44
22 28 7 62 69 44
37 28 7 62 69 44
23 28 7 62 69 44
36 28 7 62 69 44
24 28 7 62 69 44
35 28 7 62 69 44
25 28 7 62 69 44
34 28 7 62 69 44
26 28 7 62 69 44
33 28 7 62 69 44
27 28 7 62 69 44
32 28 7 62 69 44
28 28 7 62 69 44
31 28 7 62 69 44
29 28 7 62 69 44
30 28 7 62 69 44
11 29 7 62 69 44
48 29 7 62 69 44
12 29 7 62 69 44
47 29 7 62 69 44
13 29 7 62 69 44
46 29 7 62 69 44
14 29 7 62 69 44
45 29 7 62 69 44
15 29 7 62 69 44
44 29 7 62 69 44
16 29 7 62 69 44
43 29 7 62 69 44
17 29 7 62 69 44
42 29 7 62 69 44
18 29 7 62 69 44
41 29 7 62 69 44
19 29 7 62 69 44
40 29 7 62 69 44
20 29 7 62 69 44
39 29 7 62 69 44
21 29 7 62 69 44
38 29 7 62 69 44
22 29 7 62 69 44
37 29 7 62 69 44
23 29 7 62 69 44
36 29 7 62 69 44
24 29 7 62 69 44
35 29 7 62 69 44
25 29 7 62 69 44
34 29 7 62 69 44
26 29 7 62 69 44
33 29 7 62 69 44
27 29 7 62 69 44
32 29 7 62 69 44
28 29 7 62 69 44
31 29 7 62 69 44
29 29 7 62 69 44
30 29 7 62 69 44
28 26 12 82 85 53
31 26 12 82 85 53
10 30 7 62 69 44
49 30 7 62 69 44
11 30 7 62 69 44
48 30 7 62 69 44
12 30 7 62 69 44
47 30 7 62 69 44
13 30 7 62 69 44
46 30 7 62 69 44
14 30 7 62 69 44
45 30 7 62 69 44
15 30 7 62 69 44
44 30 7 62 69 44
16 30 7 62 69 44
43 30 7 62 69 44
17 30 7 62 69 44
42 30 7 62 69 44
18 30 7 62 69 44
41 30 7 62 69 44
19 30 7 62 69 44
40 30 7 62 69 44
20 30 7 62 69 44
39 30 7 62 69 44
21 30 7 62 69 44
38 30 7 62 69 44
22 30 7 62 69 44
37 30 7 62 69 44
23 30 7 62 69 44
36 30 7 62 69 44
24 30 7 62 69 44
35 30 7 62 69 44
25 30 7 62 69 44
34 30 7 62 69 44
26 30 7 62 69 44
33 30 7 62 69 44
27 30 7 62 69 44
32 30 7 62 69 44
28 30 7 62 69 44
31 30 7 62 69 44
29 30 7 62 69 44
30 30 7 62 69 44
20 38 4 7 7 7
39 38 4 7 7 7
10 31 7 62 69 44
49 31 7 62 69 44
11 31 7 62 69 44
48 31 7 62 69 44
12 31 7 62 69 44
47 31 7 62 69 44
13 31 7 62 69 44
46 31 7 62 69 44
14 31 7 62 69 44
45 31 7 62 69 44
15 31 7 62 69 44
44 31 7 62 69 44
16 31 7 62 69 44
43 31 7 62 69 44
17 31 7 62 69 44
42 31 7 62 69 44
18 31 7 62 69 44
41 31 7 62 69 44
19 31 7 62 69 44
40 31 7 62 69 44
20 31 7 62 69 44
39 31 7 62 69 44
21 31 7 62 69 44
38 31 7 62 69 44
22 31 7 62 69 44
37 31 7 62 69 44
23 31 7 62 69 44
36 31 7 62 69 44
24 31 7 62 69 44
35 31 7 62 69 44
25 31 7 62 69 44
34 31 7 62 69 44
26 31 7 62 69 44
33 31 7 62 69 44
27 31 7 62 69 44
32 31 7 62 69 44
28 31 7 62 69 44
31 31 7 62 69 44
29 31 7 62 69 44
30 31 7 62 69 44
7 32 7 102 107 78
52 32 7 102 107 78
6 32 7 102 107 78
53 32 7 102 107 78
5 32 7 111 114 84
54 32 7 111 114 84
4 32 7 111 114 84
55 32 7 111 114 84
8 32 7 102 107 78
51 32 7 102 107 78
9 32 7 62 69 44
50 32 7 62 69 44
10 32 7 62 69 44
49 32 7 62 69 44
11 32 7 62 69 44
48 32 7 62 69 44
12 32 7 102 107 78
47 32 7 102 107 78
13 32 7 62 69 44
46 32 7 62 69 44
14 32 7 62 69 44
45 32 7 62 69 44
15 32 7 62 69 44
44 32 7 62 69 44
16 32 7 62 69 44
43 32 7 62 69 44
17 32 7 62 69 44
42 32 7 62 69 44
18 32 7 62 69 44
41 32 7 62 69 44
19 32 7 62 69 44
40 32 7 62 69 44
20 32 7 62 69 44
39 32 7 62 69 44
21 32 7 62 69 44
38 32 7 62 69 44
22 32 7 62 69 44
37 32 7 62 69 44
23 32 7 62 69 44
36 32 7 62 69 44
24 32 7 62 69 44
35 32 7 62 69 44
25 32 7 62 69 44
34 32 7 62 69 44
26 32 7 62 69 44
33 32 7 62 69 44
27 32 7 62 69 44
32 32 7 62 69 44
28 32 7 62 69 44
31 32 7 62 69 44
29 32 7 62 69 44
30 32 7 62 69 44
4 33 7 102 107 78
55 33 7 102 107 78
5 33 7 102 107 78
54 33 7 102 107 78
6 33 7 102 107 78
53 33 7 102 107 78
7 33 7 102 107 78
52 33 7 102 107 78
8 33 7 102 107 78
51 33 7 102 107 78
9 33 7 62 69 44
50 33 7 62 69 44
10 33 7 102 107 78
49 33 7 102 107 78
11 33 7 102 107 78
48 33 7 102 107 78
12 33 7 102 107 78
47 33 7 102 107 78
13 33 7 62 69 44
46 33 7 62 69 44
14 33 7 62 69 44
45 33 7 62 69 44
15 33 7 62 69 44
44 33 7 62 69 44
16 33 7 62 69 44
43 33 7 62 69 44
17 33 7 62 69 44
42 33 7 62 69 44
18 33 7 62 69 44
41 33 7 62 69 44
19 33 7 62 69 44
40 33 7 62 69 44
20 33 7 62 69 44
39 33 7 62 69 44
21 33 7 62 69 44
38 33 7 62 69 44
22 33 7 62 69 44
37 33 7 62 69 44
23 33 7 62 69 44
36 33 7 62 69 44
24 33 7 62 69 44
35 33 7 62 69 44
25 33 7 62 69 44
34 33 7 62 69 44
26 33 7 62 69 44
33 33 7 62 69 44
27 33 7 62 69 44
32 33 7 62 69 44
28 33 7 62 69 44
31 33 7 62 69 44
29 33 7 62 69 44
30 33 7 62 69 44
0 34 7 111 114 84
59 34 7 111 114 84
1 34 7 111 114 84
58 34 7 111 114 84
2 34 7 102 107 78
57 34 7 102 107 78
3 34 7 102 107 78
56 34 7 102 107 78
4 34 7 102 107 78
55 34 7 102 107 78
5 34 7 102 107 78
54 34 7 102 107 78
6 34 7 102 107 78
53 34 7 102 107 78
7 34 7 102 107 78
52 34 7 102 107 78
8 34 7 102 107 78
51 34 7 102 107 78
9 34 7 102 107 78
50 34 7 102 107 78
10 34 7 102 107 78
49 34 7 102 107 78
11 34 7 62 69 44
48 34 7 62 69 44
12 34 7 62 69 44
47 34 7 62 69 44
13 34 7 62 69 44
46 34 7 62 69 44
14 34 7 62 69 44
45 34 7 62 69 44
15 34 7 62 69 44
44 34 7 62 69 44
16 34 7 62 69 44
43 34 7 62 69 44
17 34 7 62 69 44
42 34 7 62 69 44
18 34 7 62 69 44
41 34 7 62 69 44
19 34 7 62 69 44
40 34 7 62 69 44
20 34 7 62 69 44
39 34 7 62 69 44
21 34 7 62 69 44
38 34 7 62 69 44
22 34 7 62 69 44
37 34 7 62 69 44
23 34 7 62 69 44
36 34 7 62 69 44
24 34 7 73 73 73
35 34 7 73 73 73
26 30 9 62 69 44
33 30 9 62 69 44
25 30 9 62 69 44
34 30 9 62 69 44
24 30 9 62 69 44
35 30 9 62 69 44
23 30 9 62 69 44
36 30 9 62 69 44
21 30 9 62 69 44
38 30 9 62 69 44
0 35 7 111 114 84
59 35 7 111 114 84
1 35 7 102 107 78
58 35 7 102 107 78
2 35 7 102 107 78
57 35 7 102 107 78
3 35 7 102 107 78
56 35 7 102 107 78
4 35 7 102 107 78
55 35 7 102 107 78
5 35 7 102 107 78
54 35 7 102 107 78
6 35 7 102 107 78
53 35 7 102 107 78
7 35 7 102 107 78
52 35 7 102 107 78
8 35 7 62 69 44
51 35 7 62 69 44
9 35 7 62 69 44
50 35 7 62 69 44
10 35 7 62 69 44
49 35 7 62 69 44
11 35 7 62 69 44
48 35 7 62 69 44
12 35 7 62 69 44
47 35 7 62 69 44
13 35 7 62 69 44
46 35 7 62 69 44
14 35 7 62 69 44
45 35 7 62 69 44
15 35 7 62 69 44
44 35 7 62 69 44
16 35 7 62 69 44
43 35 7 62 69 44
17 35 7 62 69 44
42 35 7 62 69 44
18 35 7 62 69 44
41 35 7 62 69 44
19 35 7 62 69 44
40 35 7 62 69 44
20 35 7 62 69 44
39 35 7 62 69 44
21 35 7 62 69 44
38 35 7 62 69 44
22 35 7 62 69 44
37 35 7 62 69 44
23 35 7 62 69 44
36 35 7 62 69 44
24 35 7 73 73 73
35 35 7 73 73 73
15 20 8 62 69 44
44 20 8 62 69 44
29 31 9 62 69 44
30 31 9 62 69 44
28 31 9 62 69 44
31 31 9 62 69 44
27 31 9 62 69 44
32 31 9 62 69 44
26 31 9 62 69 44
33 31 9 62 69 44
0 36 7 102 107 78
59 36 7 102 107 78
1 36 7 102 107 78
58 36 7 102 107 78
2 36 7 102 107 78
57 36 7 102 107 78
3 36 7 102 107 78
56 36 7 102 107 78
4 36 7 102 107 78
55 36 7 102 107 78
5 36 7 62 69 44
54 36 7 62 69 44
6 36 7 62 69 44
53 36 7 62 69 44
7 36 7 62 69 44
52 36 7 62 69 44
8 36 7 62 69 44
51 36 7 62 69 44
9 36 7 62 69 44
50 36 7 62 69 44
10 36 7 62 69 44
49 36 7 62 69 44
11 36 7 102 107 78
48 36 7 102 107 78
12 36 7 102 107 78
47 36 7 102 107 78
13 36 7 102 107 78
46 36 7 102 107 78
14 36 7 102 107 78
45 36 7 102 107 78
15 36 7 102 107 78
44 36 7 102 107 78
16 36 7 62 69 44
43 36 7 62 69 44
17 36 7 62 69 44
42 36 7 62 69 44
18 36 7 62 69 44
41 36 7 62 69 44
19 36 7 62 69 44
40 36 7 62 69 44
20 36 7 62 69 44
39 36 7 62 69 44
21 36 7 62 69 44
38 36 7 62 69 44
22 36 7 62 69 44
37 36 7 62 69 44
23 36 7 62 69 44
36 36 7 62 69 44
24 36 7 73 73 73
35 36 7 73 73 73
16 34 9 82 85 53
43 34 9 82 85 53
20 42 14 102 107 78
39 42 14 102 107 78
19 37 9 82 85 53
40 37 9 82 85 53
27 14 11 0 106 255
32 14 11 0 106 255
0 37 7 111 114 84
59 37 7 111 114 84
1 37 7 102 107 78
58 37 7 102 107 78
2 37 7 62 69 44
57 37 7 62 69 44
3 37 7 62 69 44
56 37 7 62 69 44
4 37 7 62 69 44
55 37 7 62 69 44
5 37 7 62 69 44
54 37 7 62 69 44
6 37 7 62 69 44
53 37 7 62 69 44
7 37 7 62 69 44
52 37 7 62 69 44
8 37 7 102 107 78
51 37 7 102 107 78
9 37 7 102 107 78
50 37 7 102 107 78
10 37 7 102 107 78
49 37 7 102 107 78
11 37 7 102 107 78
48 37 7 102 107 78
12 37 7 102 107 78
47 37 7 102 107 78
13 37 7 102 107 78
46 37 7 102 107 78
14 37 7 62 69 44
45 37 7 62 69 44
15 37 7 62 69 44
44 37 7 62 69 44
16 37 7 62 69 44
43 37 7 62 69 44
17 37 7 62 69 44
42 37 7 62 69 44
18 37 7 62 69 44
41 37 7 62 69 44
19 37 7 62 69 44
40 37 7 62 69 44
20 37 7 62 69 44
39 37 7 62 69 44
21 37 7 62 69 44
38 37 7 62 69 44
22 37 7 62 69 44
37 37 7 62 69 44
23 37 7 62 69 44
36 37 7 62 69 44
24 37 7 73 73 73
35 37 7 73 73 73
24 31 5 62 69 44
35 31 5 62 69 44
25 31 5 62 69 44
34 31 5 62 69 44
26 31 5 62 69 44
33 31 5 62 69 44
27 31 5 62 69 44
32 31 5 62 69 44
28 31 5 62 69 44
31 31 5 62 69 44
0 38 7 82 85 53
59 38 7 82 85 53
1 38 7 62 69 44
58 38 7 62 69 44
2 38 7 62 69 44
57 38 7 62 69 44
3 38 7 62 69 44
56 38 7 62 69 44
4 38 7 62 69 44
55 38 7 62 69 44
5 38 7 102 107 78
54 38 7 102 107 78
6 38 7 102 107 78
53 38 7 102 107 78
7 38 7 102 107 78
52 38 7 102 107 78
8 38 7 102 107 78
51 38 7 102 107 78
9 38 7 102 107 78
50 38 7 102 107 78
10 38 7 102 107 78
49 38 7 102 107 78
11 38 7 102 107 78
48 38 7 102 107 78
12 38 7 102 107 78
47 38 7 102 107 78
13 38 7 102 107 78
46 38 7 102 107 78
14 38 7 62 69 44
45 38 7 62 69 44
15 38 7 62 69 44
44 38 7 62 69 44
16 38 7 62 69 44
43 38 7 62 69 44
17 38 7 62 69 44
42 38 7 62 69 44
18 38 7 62 69 44
41 38 7 62 69 44
19 38 7 62 69 44
40 38 7 62 69 44
20 38 7 62 69 44
39 38 7 62 69 44
21 38 7 62 69 44
38 38 7 62 69 44
22 38 7 62 69 44
37 38 7 62 69 44
23 38 7 62 69 44
36 38 7 62 69 44
27 17 11 0 106 255
32 17 11 0 106 255
27 35 10 62 69 44
32 35 10 62 69 44
26 35 10 62 69 44
33 35 10 62 69 44
25 35 10 62 69 44
34 35 10 62 69 44
24 35 10 62 69 44
35 35 10 62 69 44
23 35 10 82 85 53
36 35 10 82 85 53
27 34 10 62 69 44
32 34 10 62 69 44
0 39 7 82 85 53
59 39 7 82 85 53
1 39 7 62 69 44
58 39 7 62 69 44
2 39 7 102 107 78
57 39 7 102 107 78
3 39 7 102 107 78
56 39 7 102 107 78
4 39 7 102 107 78
55 39 7 102 107 78
5 39 7 102 107 78
54 39 7 102 107 78
6 39 7 102 107 78
53 39 7 102 107 78
7 39 7 102 107 78
52 39 7 102 107 78
8 39 7 102 107 78
51 39 7 102 107 78
9 39 7 102 107 78
50 39 7 102 107 78
10 39 7 102 107 78
49 39 7 102 107 78
11 39 7 111 114 84
48 39 7 111 114 84
12 39 7 111 114 84
47 39 7 111 114 84
13 39 7 111 114 84
46 39 7 111 114 84
14 39 7 62 69 44
45 39 7 62 69 44
15 39 7 62 69 44
44 39 7 62 69 44
16 39 7 62 69 44
43 39 7 62 69 44
17 39 7 62 69 44
42 39 7 62 69 44
18 39 7 62 69 44
41 39 7 62 69 44
19 39 7 62 69 44
40 39 7 62 69 44
20 39 7 62 69 44
39 39 7 62 69 44
21 39 7 62 69 44
38 39 7 62 69 44
22 39 7 62 69 44
37 39 7 62 69 44
23 39 7 62 69 44
36 39 7 62 69 44
26 34 10 62 69 44
33 34 10 62 69 44
25 34 10 62 69 44
34 34 10 62 69 44
24 34 10 62 69 44
35 34 10 62 69 44
23 34 10 82 85 53
36 34 10 82 85 53
27 33 10 82 85 53
32 33 10 82 85 53
0 40 7 102 107 78
59 40 7 102 107 78
1 40 7 102 107 78
58 40 7 102 107 78
2 40 7 102 107 78
57 40 7 102 107 78
3 40 7 102 107 78
56 40 7 102 107 78
4 40 7 102 107 78
55 40 7 102 107 78
5 40 7 102 107 78
54 40 7 102 107 78
14 40 7 102 107 78
45 40 7 102 107 78
15 40 7 62 69 44
44 40 7 62 69 44
16 40 7 62 69 44
43 40 7 62 69 44
17 40 7 62 69 44
42 40 7 62 69 44
18 40 7 62 69 44
41 40 7 62 69 44
19 40 7 62 69 44
40 40 7 62 69 44
20 40 7 62 69 44
39 40 7 62 69 44
21 40 7 62 69 44
38 40 7 62 69 44
22 40 7 62 69 44
37 40 7 62 69 44
23 40 7 102 107 78
36 40 7 102 107 78
26 33 10 82 85 53
33 33 10 82 85 53
25 33 10 82 85 53
34 33 10 82 85 53
24 33 10 82 85 53
35 33 10 82 85 53
15 38 3 62 69 44
44 38 3 62 69 44
22 20 6 62 69 44
37 20 6 62 69 44
8 31 7 102 107 78
51 31 7 102 107 78
0 41 7 102 107 78
59 41 7 102 107 78
1 41 7 62 69 44
58 41 7 62 69 44
2 41 7 102 107 78
57 41 7 102 107 78
3 41 7 102 107 78
56 41 7 102 107 78
4 41 7 102 107 78
55 41 7 102 107 78
5 41 7 102 107 78
54 41 7 102 107 78
14 41 7 102 107 78
45 41 7 102 107 78
15 41 7 62 69 44
44 41 7 62 69 44
16 41 7 62 69 44
43 41 7 62 69 44
17 41 7 62 69 44
42 41 7 62 69 44
18 41 7 62 69 44
41 41 7 62 69 44
19 41 7 62 69 44
40 41 7 62 69 44
20 41 7 62 69 44
39 41 7 62 69 44
21 41 7 62 69 44
38 41 7 62 69 44
22 41 7 62 69 44
37 41 7 62 69 44
23 41 7 102 107 78
36 41 7 102 107 78
28 25 12 82 85 53
31 25 12 82 85 53
29 24 12 62 69 44
30 24 12 62 69 44
28 24 12 82 85 53
31 24 12 82 85 53
21 38 4 7 7 7
38 38 4 7 7 7
28 23 12 82 85 53
31 23 12 82 85 53
14 42 7 62 69 44
45 42 7 62 69 44
15 42 7 62 69 44
44 42 7 62 69 44
16 42 7 62 69 44
43 42 7 62 69 44
17 42 7 62 69 44
42 42 7 62 69 44
18 42 7 62 69 44
41 42 7 62 69 44
19 42 7 62 69 44
40 42 7 62 69 44
20 42 7 62 69 44
39 42 7 62 69 44
21 42 7 62 69 44
38 42 7 62 69 44
22 42 7 62 69 44
37 42 7 62 69 44
23 42 7 62 69 44
36 42 7 62 69 44
23 44 10 62 69 44
36 44 10 62 69 44
29 22 12 62 69 44
30 22 12 62 69 44
28 22 12 82 85 53
31 22 12 82 85 53
29 21 12 62 69 44
30 21 12 62 69 44
28 21 12 62 69 44
31 21 12 62 69 44
29 20 12 62 69 44
30 20 12 62 69 44
28 20 12 62 69 44
31 20 12 62 69 44
14 43 7 62 69 44
45 43 7 62 69 44
15 43 7 62 69 44
44 43 7 62 69 44
16 43 7 62 69 44
43 43 7 62 69 44
17 43 7 73 73 73
42 43 7 73 73 73
18 43 7 73 73 73
41 43 7 73 73 73
19 43 7 73 73 73
40 43 7 73 73 73
20 43 7 73 73 73
39 43 7 73 73 73
21 43 7 62 69 44
38 43 7 62 69 44
22 43 7 62 69 44
37 43 7 62 69 44
23 43 7 62 69 44
36 43 7 62 69 44
29 19 12 0 106 255
30 19 12 0 106 255
28 19 12 73 73 73
31 19 12 73 73 73
29 18 12 73 73 73
30 18 12 73 73 73
28 18 12 73 73 73
31 18 12 73 73 73
29 17 12 196 205 255
30 17 12 196 205 255
14 44 7 62 69 44
45 44 7 62 69 44
15 44 7 62 69 44
44 44 7 62 69 44
16 44 7 62 69 44
43 44 7 62 69 44
17 44 7 73 73 73
42 44 7 73 73 73
18 44 7 73 73 73
41 44 7 73 73 73
19 44 7 73 73 73
40 44 7 73 73 73
20 44 7 73 73 73
39 44 7 73 73 73
21 44 7 62 69 44
38 44 7 62 69 44
22 44 7 62 69 44
37 44 7 62 69 44
23 44 7 62 69 44
36 44 7 62 69 44
29 16 11 0 106 255
30 16 11 0 106 255
28 17 12 0 106 255
31 17 12 0 106 255
29 16 12 196 205 255
30 16 12 196 205 255
28 16 12 0 106 255
31 16 12 0 106 255
29 15 12 0 106 255
30 15 12 0 106 255
28 15 12 0 106 255
31 15 12 0 106 255
29 14 12 0 106 255
30 14 12 0 106 255
22 39 9 62 69 44
37 39 9 62 69 44
15 45 7 73 73 73
44 45 7 73 73 73
16 45 7 62 69 44
43 45 7 62 69 44
17 45 7 73 73 73
42 45 7 73 73 73
18 45 7 73 73 73
41 45 7 73 73 73
19 45 7 73 73 73
40 45 7 73 73 73
20 45 7 73 73 73
39 45 7 73 73 73
21 45 7 62 69 44
38 45 7 62 69 44
22 45 7 73 73 73
37 45 7 73 73 73
26 17 10 73 73 73
33 17 10 73 73 73
29 44 10 62 69 44
30 44 10 62 69 44
28 44 10 62 69 44
31 44 10 62 69 44
27 44 10 62 69 44
32 44 10 62 69 44
26 44 10 62 69 44
33 44 10 62 69 44
25 44 10 62 69 44
34 44 10 62 69 44
24 44 10 62 69 44
35 44 10 62 69 44
29 21 10 62 69 44
30 21 10 62 69 44
15 46 7 73 73 73
44 46 7 73 73 73
16 46 7 62 69 44
43 46 7 62 69 44
17 46 7 73 73 73
42 46 7 73 73 73
18 46 7 73 73 73
41 46 7 73 73 73
19 46 7 73 73 73
40 46 7 73 73 73
20 46 7 73 73 73
39 46 7 73 73 73
21 46 7 62 69 44
38 46 7 62 69 44
22 46 7 73 73 73
37 46 7 73 73 73
15 47 7 73 73 73
44 47 7 73 73 73
16 47 7 62 69 44
43 47 7 62 69 44
17 47 7 73 73 73
42 47 7 73 73 73
18 47 7 73 73 73
41 47 7 73 73 73
19 47 7 73 73 73
40 47 7 73 73 73
20 47 7 73 73 73
39 47 7 73 73 73
21 47 7 62 69 44
38 47 7 62 69 44
22 47 7 73 73 73
37 47 7 73 73 73
29 16 10 62 69 44
30 16 10 62 69 44
16 48 7 73 73 73
43 48 7 73 73 73
17 48 7 73 73 73
42 48 7 73 73 73
18 48 7 73 73 73
41 48 7 73 73 73
19 48 7 73 73 73
40 48 7 73 73 73
20 48 7 73 73 73
39 48 7 73 73 73
21 48 7 73 73 73
38 48 7 73 73 73
16 49 7 73 73 73
43 49 7 73 73 73
17 49 7 73 73 73
42 49 7 73 73 73
18 49 7 73 73 73
41 49 7 73 73 73
19 49 7 73 73 73
40 49 7 73 73 73
20 49 7 73 73 73
39 49 7 73 73 73
21 49 7 73 73 73
38 49 7 73 73 73
28 10 11 73 73 73
31 10 11 73 73 73
27 15 11 0 106 255
32 15 11 0 106 255
29 2 8 62 69 44
30 2 8 62 69 44
28 3 8 82 85 53
31 3 8 82 85 53
29 3 8 62 69 44
30 3 8 62 69 44
28 4 8 62 69 44
31 4 8 62 69 44
29 4 8 62 69 44
30 4 8 62 69 44
28 5 8 62 69 44
31 5 8 62 69 44
29 5 8 62 69 44
30 5 8 62 69 44
27 6 8 62 69 44
32 6 8 62 69 44
28 6 8 62 69 44
31 6 8 62 69 44
29 6 8 62 69 44
30 6 8 62 69 44
27 7 8 62 69 44
32 7 8 62 69 44
28 7 8 62 69 44
31 7 8 62 69 44
29 7 8 62 69 44
30 7 8 62 69 44
26 8 8 62 69 44
33 8 8 62 69 44
27 8 8 62 69 44
32 8 8 62 69 44
28 8 8 62 69 44
31 8 8 62 69 44
29 8 8 62 69 44
30 8 8 62 69 44
26 9 8 62 69 44
33 9 8 62 69 44
27 9 8 62 69 44
32 9 8 62 69 44
28 9 8 62 69 44
31 9 8 62 69 44
29 9 8 62 69 44
30 9 8 62 69 44
26 10 8 62 69 44
33 10 8 62 69 44
27 10 8 62 69 44
32 10 8 62 69 44
28 10 8 62 69 44
31 10 8 62 69 44
29 10 8 62 69 44
30 10 8 62 69 44
26 11 8 73 73 73
33 11 8 73 73 73
27 11 8 73 73 73
32 11 8 73 73 73
28 11 8 73 73 73
31 11 8 73 73 73
29 11 8 73 73 73
30 11 8 73 73 73
26 12 8 102 107 78
33 12 8 102 107 78
27 12 8 62 69 44
32 12 8 62 69 44
28 12 8 62 69 44
31 12 8 62 69 44
29 12 8 62 69 44
30 12 8 62 69 44
26 13 8 102 107 78
33 13 8 102 107 78
27 13 8 62 69 44
32 13 8 62 69 44
28 13 8 62 69 44
31 13 8 62 69 44
29 13 8 62 69 44
30 13 8 62 69 44
26 14 8 102 107 78
33 14 8 102 107 78
27 14 8 62 69 44
32 14 8 62 69 44
28 14 8 62 69 44
31 14 8 62 69 44
29 14 8 62 69 44
30 14 8 62 69 44
26 15 8 102 107 78
33 15 8 102 107 78
27 15 8 62 69 44
32 15 8 62 69 44
28 15 8 62 69 44
31 15 8 62 69 44
29 15 8 62 69 44
30 15 8 62 69 44
26 16 8 102 107 78
33 16 8 102 107 78
27 16 8 62 69 44
32 16 8 62 69 44
28 16 8 62 69 44
31 16 8 62 69 44
29 16 8 62 69 44
30 16 8 62 69 44
26 17 8 62 69 44
33 17 8 62 69 44
27 17 8 62 69 44
32 17 8 62 69 44
28 17 8 62 69 44
31 17 8 62 69 44
29 17 8 62 69 44
30 17 8 62 69 44
21 35 9 62 69 44
38 35 9 62 69 44
21 36 8 35 35 35
38 36 8 35 35 35
24 20 7 7 7 7
35 20 7 7 7 7
23 20 7 7 7 7
36 20 7 7 7 7
26 18 8 62 69 44
33 18 8 62 69 44
27 18 8 62 69 44
32 18 8 62 69 44
28 18 8 62 69 44
31 18 8 62 69 44
29 18 8 62 69 44
30 18 8 62 69 44
17 19 9 82 85 53
42 19 9 82 85 53
16 19 9 82 85 53
43 19 9 82 85 53
17 37 9 82 85 53
42 37 9 82 85 53
19 37 8 62 69 44
40 37 8 62 69 44
17 19 6 82 85 53
42 19 6 82 85 53
16 19 6 82 85 53
43 19 6 82 85 53
26 19 8 62 69 44
33 19 8 62 69 44
27 19 8 62 69 44
32 19 8 62 69 44
28 19 8 62 69 44
31 19 8 62 69 44
29 19 8 62 69 44
30 19 8 62 69 44
19 38 3 7 7 7
40 38 3 7 7 7
21 34 8 62 69 44
38 34 8 62 69 44
23 20 8 7 7 7
36 20 8 7 7 7
21 33 9 62 69 44
38 33 9 62 69 44
20 34 8 62 69 44
39 34 8 62 69 44
16 36 8 35 35 35
43 36 8 35 35 35
20 35 8 62 69 44
39 35 8 62 69 44
26 20 8 62 69 44
33 20 8 62 69 44
27 20 8 62 69 44
32 20 8 62 69 44
28 20 8 62 69 44
31 20 8 62 69 44
29 20 8 62 69 44
30 20 8 62 69 44
17 38 3 7 7 7
42 38 3 7 7 7
13 21 8 82 85 53
46 21 8 82 85 53
14 21 8 62 69 44
45 21 8 62 69 44
15 21 8 62 69 44
44 21 8 62 69 44
16 21 8 62 69 44
43 21 8 62 69 44
17 21 8 62 69 44
42 21 8 62 69 44
18 21 8 62 69 44
41 21 8 62 69 44
19 21 8 62 69 44
40 21 8 62 69 44
20 21 8 62 69 44
39 21 8 62 69 44
21 21 8 62 69 44
38 21 8 62 69 44
22 21 8 35 35 35
37 21 8 35 35 35
23 21 8 35 35 35
36 21 8 35 35 35
24 21 8 35 35 35
35 21 8 35 35 35
25 21 8 35 35 35
34 21 8 35 35 35
26 21 8 62 69 44
33 21 8 62 69 44
27 21 8 62 69 44
32 21 8 62 69 44
28 21 8 62 69 44
31 21 8 62 69 44
29 21 8 62 69 44
30 21 8 62 69 44
13 22 8 82 85 53
46 22 8 82 85 53
14 22 8 62 69 44
45 22 8 62 69 44
15 22 8 62 69 44
44 22 8 62 69 44
16 22 8 62 69 44
43 22 8 62 69 44
17 22 8 62 69 44
42 22 8 62 69 44
18 22 8 62 69 44
41 22 8 62 69 44
19 22 8 62 69 44
40 22 8 62 69 44
20 22 8 62 69 44
39 22 8 62 69 44
21 22 8 35 35 35
38 22 8 35 35 35
22 22 8 62 69 44
37 22 8 62 69 44
23 22 8 62 69 44
36 22 8 62 69 44
24 22 8 62 69 44
35 22 8 62 69 44
25 22 8 62 69 44
34 22 8 62 69 44
26 22 8 62 69 44
33 22 8 62 69 44
27 22 8 62 69 44
32 22 8 62 69 44
28 22 8 62 69 44
31 22 8 62 69 44
29 22 8 62 69 44
30 22 8 62 69 44
12 23 8 82 85 53
47 23 8 82 85 53
13 23 8 62 69 44
46 23 8 62 69 44
14 23 8 62 69 44
45 23 8 62 69 44
15 23 8 62 69 44
44 23 8 62 69 44
16 23 8 62 69 44
43 23 8 62 69 44
17 23 8 62 69 44
42 23 8 62 69 44
18 23 8 62 69 44
41 23 8 62 69 44
19 23 8 62 69 44
40 23 8 62 69 44
20 23 8 62 69 44
39 23 8 62 69 44
21 23 8 35 35 35
38 23 8 35 35 35
22 23 8 62 69 44
37 23 8 62 69 44
23 23 8 62 69 44
36 23 8 62 69 44
24 23 8 62 69 44
35 23 8 62 69 44
25 23 8 62 69 44
34 23 8 62 69 44
26 23 8 62 69 44
33 23 8 62 69 44
27 23 8 62 69 44
32 23 8 62 69 44
28 23 8 62 69 44
31 23 8 62 69 44
29 23 8 62 69 44
30 23 8 62 69 44
21 20 8 7 7 7
38 20 8 7 7 7
11 24 8 82 85 53
48 24 8 82 85 53
12 24 8 62 69 44
47 24 8 62 69 44
13 24 8 62 69 44
46 24 8 62 69 44
14 24 8 62 69 44
45 24 8 62 69 44
15 24 8 62 69 44
44 24 8 62 69 44
16 24 8 62 69 44
43 24 8 62 69 44
17 24 8 62 69 44
42 24 8 62 69 44
18 24 8 62 69 44
41 24 8 62 69 44
19 24 8 62 69 44
40 24 8 62 69 44
20 24 8 62 69 44
39 24 8 62 69 44
21 24 8 35 35 35
38 24 8 35 35 35
22 24 8 62 69 44
37 24 8 62 69 44
23 24 8 62 69 44
36 24 8 62 69 44
24 24 8 62 69 44
35 24 8 62 69 44
25 24 8 62 69 44
34 24 8 62 69 44
26 24 8 62 69 44
33 24 8 62 69 44
27 24 8 62 69 44
32 24 8 62 69 44
28 24 8 62 69 44
31 24 8 62 69 44
29 24 8 62 69 44
30 24 8 62 69 44
15 40 3 102 107 78
44 40 3 102 107 78
17 38 4 7 7 7
42 38 4 7 7 7
16 25 8 35 35 35
43 25 8 35 35 35
17 25 8 35 35 35
42 25 8 35 35 35
18 25 8 35 35 35
41 25 8 35 35 35
19 25 8 35 35 35
40 25 8 35 35 35
20 25 8 35 35 35
39 25 8 35 35 35
21 25 8 62 69 44
38 25 8 62 69 44
22 25 8 62 69 44
37 25 8 62 69 44
23 25 8 62 69 44
36 25 8 62 69 44
24 25 8 62 69 44
35 25 8 62 69 44
25 25 8 62 69 44
34 25 8 62 69 44
26 25 8 62 69 44
33 25 8 62 69 44
27 25 8 62 69 44
32 25 8 62 69 44
28 25 8 62 69 44
31 25 8 62 69 44
29 25 8 62 69 44
30 25 8 62 69 44
16 20 8 7 7 7
43 20 8 7 7 7
11 26 8 82 85 53
48 26 8 82 85 53
12 26 8 62 69 44
47 26 8 62 69 44
13 26 8 62 69 44
46 26 8 62 69 44
14 26 8 62 69 44
45 26 8 62 69 44
15 26 8 62 69 44
44 26 8 62 69 44
16 26 8 62 69 44
43 26 8 62 69 44
17 26 8 62 69 44
42 26 8 62 69 44
18 26 8 62 69 44
41 26 8 62 69 44
19 26 8 62 69 44
40 26 8 62 69 44
20 26 8 62 69 44
39 26 8 62 69 44
21 26 8 35 35 35
38 26 8 35 35 35
22 26 8 62 69 44
37 26 8 62 69 44
23 26 8 62 69 44
36 26 8 62 69 44
24 26 8 62 69 44
35 26 8 62 69 44
25 26 8 62 69 44
34 26 8 62 69 44
26 26 8 62 69 44
33 26 8 62 69 44
27 26 8 62 69 44
32 26 8 62 69 44
28 26 8 62 69 44
31 26 8 62 69 44
29 26 8 62 69 44
30 26 8 62 69 44
11 27 8 82 85 53
48 27 8 82 85 53
12 27 8 62 69 44
47 27 8 62 69 44
13 27 8 62 69 44
46 27 8 62 69 44
14 27 8 62 69 44
45 27 8 62 69 44
15 27 8 62 69 44
44 27 8 62 69 44
16 27 8 62 69 44
43 27 8 62 69 44
17 27 8 62 69 44
42 27 8 62 69 44
18 27 8 62 69 44
41 27 8 62 69 44
19 27 8 62 69 44
40 27 8 62 69 44
20 27 8 62 69 44
39 27 8 62 69 44
21 27 8 35 35 35
38 27 8 35 35 35
22 27 8 62 69 44
37 27 8 62 69 44
23 27 8 62 69 44
36 27 8 62 69 44
24 27 8 62 69 44
35 27 8 62 69 44
25 27 8 62 69 44
34 27 8 62 69 44
26 27 8 62 69 44
33 27 8 62 69 44
27 27 8 62 69 44
32 27 8 62 69 44
28 27 8 62 69 44
31 27 8 62 69 44
29 27 8 62 69 44
30 27 8 62 69 44
12 28 8 82 85 53
47 28 8 82 85 53
13 28 8 62 69 44
46 28 8 62 69 44
14 28 8 62 69 44
45 28 8 62 69 44
15 28 8 62 69 44
44 28 8 62 69 44
16 28 8 62 69 44
43 28 8 62 69 44
17 28 8 62 69 44
42 28 8 62 69 44
18 28 8 62 69 44
41 28 8 62 69 44
19 28 8 62 69 44
40 28 8 62 69 44
20 28 8 62 69 44
39 28 8 62 69 44
21 28 8 35 35 35
38 28 8 35 35 35
22 28 8 62 69 44
37 28 8 62 69 44
23 28 8 62 69 44
36 28 8 62 69 44
24 28 8 62 69 44
35 28 8 62 69 44
25 28 8 62 69 44
34 28 8 62 69 44
26 28 8 62 69 44
33 28 8 62 69 44
27 28 8 62 69 44
32 28 8 62 69 44
28 28 8 62 69 44
31 28 8 62 69 44
29 28 8 62 69 44
30 28 8 62 69 44
12 29 8 82 85 53
47 29 8 82 85 53
13 29 8 62 69 44
46 29 8 62 69 44
14 29 8 62 69 44
45 29 8 62 69 44
15 29 8 62 69 44
44 29 8 62 69 44
16 29 8 62 69 44
43 29 8 62 69 44
17 29 8 62 69 44
42 29 8 62 69 44
18 29 8 62 69 44
41 29 8 62 69 44
19 29 8 62 69 44
40 29 8 62 69 44
20 29 8 62 69 44
39 29 8 62 69 44
21 29 8 35 35 35
38 29 8 35 35 35
22 29 8 62 69 44
37 29 8 62 69 44
23 29 8 62 69 44
36 29 8 62 69 44
24 29 8 62 69 44
35 29 8 62 69 44
25 29 8 62 69 44
34 29 8 62 69 44
26 29 8 62 69 44
33 29 8 62 69 44
27 29 8 62 69 44
32 29 8 62 69 44
28 29 8 62 69 44
31 29 8 62 69 44
29 29 8 62 69 44
30 29 8 62 69 44
12 30 8 82 85 53
47 30 8 82 85 53
13 30 8 62 69 44
46 30 8 62 69 44
14 30 8 62 69 44
45 30 8 62 69 44
15 30 8 62 69 44
44 30 8 62 69 44
16 30 8 62 69 44
43 30 8 62 69 44
17 30 8 62 69 44
42 30 8 62 69 44
18 30 8 62 69 44
41 30 8 62 69 44
19 30 8 62 69 44
40 30 8 62 69 44
20 30 8 62 69 44
39 30 8 62 69 44
21 30 8 62 69 44
38 30 8 62 69 44
22 30 8 35 35 35
37 30 8 35 35 35
23 30 8 62 69 44
36 30 8 62 69 44
24 30 8 62 69 44
35 30 8 62 69 44
25 30 8 62 69 44
34 30 8 62 69 44
26 30 8 62 69 44
33 30 8 62 69 44
27 30 8 62 69 44
32 30 8 62 69 44
28 30 8 62 69 44
31 30 8 62 69 44
29 30 8 62 69 44
30 30 8 62 69 44
12 31 8 82 85 53
47 31 8 82 85 53
13 31 8 62 69 44
46 31 8 62 69 44
14 31 8 62 69 44
45 31 8 62 69 44
15 31 8 62 69 44
44 31 8 62 69 44
16 31 8 62 69 44
43 31 8 62 69 44
17 31 8 62 69 44
42 31 8 62 69 44
18 31 8 62 69 44
41 31 8 62 69 44
19 31 8 62 69 44
40 31 8 62 69 44
20 31 8 62 69 44
39 31 8 62 69 44
21 31 8 62 69 44
38 31 8 62 69 44
22 31 8 35 35 35
37 31 8 35 35 35
23 31 8 62 69 44
36 31 8 62 69 44
24 31 8 62 69 44
35 31 8 62 69 44
25 31 8 62 69 44
34 31 8 62 69 44
26 31 8 62 69 44
33 31 8 62 69 44
27 31 8 62 69 44
32 31 8 62 69 44
28 31 8 62 69 44
31 31 8 62 69 44
29 31 8 62 69 44
30 31 8 62 69 44
22 20 7 7 7 7
37 20 7 7 7 7
13 32 8 82 85 53
46 32 8 82 85 53
14 32 8 62 69 44
45 32 8 62 69 44
15 32 8 62 69 44
44 32 8 62 69 44
16 32 8 62 69 44
43 32 8 62 69 44
17 32 8 62 69 44
42 32 8 62 69 44
18 32 8 62 69 44
41 32 8 62 69 44
19 32 8 62 69 44
40 32 8 62 69 44
20 32 8 62 69 44
39 32 8 62 69 44
21 32 8 62 69 44
38 32 8 62 69 44
28 32 8 62 69 44
31 32 8 62 69 44
29 32 8 62 69 44
30 32 8 62 69 44
13 33 8 82 85 53
46 33 8 82 85 53
14 33 8 62 69 44
45 33 8 62 69 44
15 33 8 62 69 44
44 33 8 62 69 44
16 33 8 62 69 44
43 33 8 62 69 44
17 33 8 62 69 44
42 33 8 62 69 44
18 33 8 62 69 44
41 33 8 62 69 44
19 33 8 62 69 44
40 33 8 62 69 44
20 33 8 62 69 44
39 33 8 62 69 44
21 33 8 62 69 44
38 33 8 62 69 44
28 33 8 62 69 44
31 33 8 62 69 44
29 33 8 62 69 44
30 33 8 62 69 44
21 20 7 7 7 7
38 20 7 7 7 7
13 34 8 82 85 53
46 34 8 82 85 53
14 34 8 62 69 44
45 34 8 62 69 44
15 34 8 62 69 44
44 34 8 62 69 44
16 34 8 62 69 44
43 34 8 62 69 44
17 34 8 62 69 44
42 34 8 62 69 44
18 34 8 62 69 44
41 34 8 62 69 44
19 34 8 62 69 44
40 34 8 62 69 44
22 34 8 35 35 35
37 34 8 35 35 35
23 34 8 35 35 35
36 34 8 35 35 35
24 34 8 73 73 73
35 34 8 73 73 73
20 30 9 62 69 44
39 30 9 62 69 44
19 30 9 62 69 44
40 30 9 62 69 44
18 30 9 62 69 44
41 30 9 62 69 44
17 30 9 62 69 44
42 30 9 62 69 44
16 30 9 82 85 53
43 30 9 82 85 53
20 35 9 62 69 44
39 35 9 62 69 44
20 34 9 62 69 44
39 34 9 62 69 44
16 35 8 62 69 44
43 35 8 62 69 44
17 35 8 62 69 44
42 35 8 62 69 44
18 35 8 62 69 44
41 35 8 62 69 44
19 35 8 62 69 44
40 35 8 62 69 44
22 35 8 35 35 35
37 35 8 35 35 35
23 35 8 35 35 35
36 35 8 35 35 35
24 35 8 73 73 73
35 35 8 73 73 73
25 31 9 62 69 44
34 31 9 62 69 44
24 31 9 62 69 44
35 31 9 62 69 44
23 31 9 82 85 53
36 31 9 82 85 53
21 31 9 62 69 44
38 31 9 62 69 44
20 31 9 62 69 44
39 31 9 62 69 44
22 36 8 35 35 35
37 36 8 35 35 35
23 36 8 35 35 35
36 36 8 35 35 35
24 36 8 73 73 73
35 36 8 73 73 73
21 47 13 62 69 44
38 47 13 62 69 44
20 20 7 7 7 7
39 20 7 7 7 7
19 33 9 62 69 44
40 33 9 62 69 44
18 33 9 62 69 44
41 33 9 62 69 44
17 33 9 62 69 44
42 33 9 62 69 44
22 37 8 35 35 35
37 37 8 35 35 35
23 37 8 35 35 35
36 37 8 35 35 35
24 37 8 73 73 73
35 37 8 73 73 73
29 31 5 62 69 44
30 31 5 62 69 44
24 30 5 62 69 44
35 30 5 62 69 44
25 30 5 62 69 44
34 30 5 62 69 44
26 30 5 62 69 44
33 30 5 62 69 44
27 30 5 62 69 44
32 30 5 62 69 44
14 38 8 82 85 53
45 38 8 82 85 53
15 38 8 62 69 44
44 38 8 62 69 44
16 38 8 62 69 44
43 38 8 62 69 44
17 38 8 62 69 44
42 38 8 62 69 44
18 38 8 62 69 44
41 38 8 62 69 44
19 38 8 62 69 44
40 38 8 62 69 44
20 38 8 62 69 44
39 38 8 62 69 44
21 38 8 62 69 44
38 38 8 62 69 44
22 38 8 62 69 44
37 38 8 62 69 44
23 38 8 62 69 44
36 38 8 62 69 44
28 14 12 0 106 255
31 14 12 0 106 255
22 45 11 62 69 44
37 45 11 62 69 44
23 44 11 62 69 44
36 44 11 62 69 44
22 44 11 62 69 44
37 44 11 62 69 44
14 39 8 82 85 53
45 39 8 82 85 53
15 39 8 62 69 44
44 39 8 62 69 44
16 39 8 62 69 44
43 39 8 62 69 44
17 39 8 62 69 44
42 39 8 62 69 44
18 39 8 62 69 44
41 39 8 62 69 44
19 39 8 62 69 44
40 39 8 62 69 44
20 39 8 62 69 44
39 39 8 62 69 44
21 39 8 62 69 44
38 39 8 62 69 44
22 39 8 62 69 44
37 39 8 62 69 44
23 39 8 62 69 44
36 39 8 62 69 44
28 16 11 0 106 255
31 16 11 0 106 255
23 43 11 62 69 44
36 43 11 62 69 44
22 43 11 62 69 44
37 43 11 62 69 44
23 42 11 62 69 44
36 42 11 62 69 44
22 42 11 62 69 44
37 42 11 62 69 44
23 41 11 62 69 44
36 41 11 62 69 44
22 41 11 62 69 44
37 41 11 62 69 44
14 40 8 102 107 78
45 40 8 102 107 78
15 40 8 62 69 44
44 40 8 62 69 44
16 40 8 62 69 44
43 40 8 62 69 44
17 40 8 62 69 44
42 40 8 62 69 44
18 40 8 62 69 44
41 40 8 62 69 44
19 40 8 62 69 44
40 40 8 62 69 44
20 40 8 62 69 44
39 40 8 62 69 44
21 40 8 62 69 44
38 40 8 62 69 44
22 40 8 62 69 44
37 40 8 62 69 44
23 40 8 102 107 78
36 40 8 102 107 78
23 40 11 62 69 44
36 40 11 62 69 44
22 40 11 62 69 44
37 40 11 62 69 44
23 39 11 73 73 73
36 39 11 73 73 73
22 39 11 62 69 44
37 39 11 62 69 44
23 38 11 62 69 44
36 38 11 62 69 44
14 41 8 102 107 78
45 41 8 102 107 78
15 41 8 62 69 44
44 41 8 62 69 44
16 41 8 62 69 44
43 41 8 62 69 44
17 41 8 62 69 44
42 41 8 62 69 44
18 41 8 62 69 44
41 41 8 62 69 44
19 41 8 62 69 44
40 41 8 62 69 44
20 41 8 62 69 44
39 41 8 62 69 44
21 41 8 62 69 44
38 41 8 62 69 44
22 41 8 62 69 44
37 41 8 62 69 44
23 41 8 102 107 78
36 41 8 102 107 78
27 16 11 0 106 255
32 16 11 0 106 255
22 38 11 62 69 44
37 38 11 62 69 44
29 11 11 73 73 73
30 11 11 73 73 73
22 44 10 62 69 44
37 44 10 62 69 44
14 42 8 82 85 53
45 42 8 82 85 53
15 42 8 62 69 44
44 42 8 62 69 44
16 42 8 62 69 44
43 42 8 62 69 44
17 42 8 62 69 44
42 42 8 62 69 44
18 42 8 62 69 44
41 42 8 62 69 44
19 42 8 62 69 44
40 42 8 62 69 44
20 42 8 62 69 44
39 42 8 62 69 44
21 42 8 62 69 44
38 42 8 62 69 44
22 42 8 62 69 44
37 42 8 62 69 44
23 42 8 62 69 44
36 42 8 62 69 44
28 14 11 0 106 255
31 14 11 0 106 255
21 43 13 62 69 44
38 43 13 62 69 44
29 31 11 62 69 44
30 31 11 62 69 44
28 31 11 82 85 53
31 31 11 82 85 53
14 43 8 82 85 53
45 43 8 82 85 53
15 43 8 62 69 44
44 43 8 62 69 44
16 43 8 62 69 44
43 43 8 62 69 44
17 43 8 62 69 44
42 43 8 62 69 44
18 43 8 62 69 44
41 43 8 62 69 44
19 43 8 62 69 44
40 43 8 62 69 44
20 43 8 62 69 44
39 43 8 62 69 44
21 43 8 62 69 44
38 43 8 62 69 44
22 43 8 62 69 44
37 43 8 62 69 44
23 43 8 62 69 44
36 43 8 62 69 44
29 30 11 62 69 44
30 30 11 62 69 44
28 30 11 82 85 53
31 30 11 82 85 53
29 29 11 62 69 44
30 29 11 62 69 44
28 29 11 82 85 53
31 29 11 82 85 53
28 33 10 62 69 44
31 33 10 62 69 44
14 44 8 62 69 44
45 44 8 62 69 44
15 44 8 62 69 44
44 44 8 62 69 44
16 44 8 62 69 44
43 44 8 62 69 44
17 44 8 62 69 44
42 44 8 62 69 44
18 44 8 62 69 44
41 44 8 62 69 44
19 44 8 62 69 44
40 44 8 62 69 44
20 44 8 62 69 44
39 44 8 62 69 44
21 44 8 62 69 44
38 44 8 62 69 44
22 44 8 62 69 44
37 44 8 62 69 44
23 44 8 62 69 44
36 44 8 62 69 44
28 11 11 73 73 73
31 11 11 73 73 73
23 43 10 62 69 44
36 43 10 62 69 44
29 28 11 62 69 44
30 28 11 62 69 44
28 28 11 62 69 44
31 28 11 62 69 44
29 33 10 62 69 44
30 33 10 62 69 44
28 21 10 62 69 44
31 21 10 62 69 44
15 45 8 73 73 73
44 45 8 73 73 73
16 45 8 73 73 73
43 45 8 73 73 73
17 45 8 73 73 73
42 45 8 73 73 73
18 45 8 73 73 73
41 45 8 73 73 73
19 45 8 73 73 73
40 45 8 73 73 73
20 45 8 73 73 73
39 45 8 73 73 73
21 45 8 73 73 73
38 45 8 73 73 73
22 45 8 73 73 73
37 45 8 73 73 73
29 43 10 102 107 78
30 43 10 102 107 78
28 43 10 102 107 78
31 43 10 102 107 78
27 43 10 102 107 78
32 43 10 102 107 78
26 43 10 102 107 78
33 43 10 102 107 78
25 43 10 102 107 78
34 43 10 102 107 78
24 43 10 102 107 78
35 43 10 102 107 78
15 46 8 73 73 73
44 46 8 73 73 73
16 46 8 73 73 73
43 46 8 73 73 73
17 46 8 73 73 73
42 46 8 73 73 73
18 46 8 73 73 73
41 46 8 73 73 73
19 46 8 73 73 73
40 46 8 73 73 73
20 46 8 73 73 73
39 46 8 73 73 73
21 46 8 73 73 73
38 46 8 73 73 73
22 46 8 73 73 73
37 46 8 73 73 73
28 16 10 62 69 44
31 16 10 62 69 44
27 21 10 62 69 44
32 21 10 62 69 44
15 47 8 73 73 73
44 47 8 73 73 73
16 47 8 73 73 73
43 47 8 73 73 73
17 47 8 73 73 73
42 47 8 73 73 73
18 47 8 73 73 73
41 47 8 73 73 73
19 47 8 73 73 73
40 47 8 73 73 73
20 47 8 73 73 73
39 47 8 73 73 73
21 47 8 73 73 73
38 47 8 73 73 73
22 47 8 73 73 73
37 47 8 73 73 73
27 4 8 62 69 44
32 4 8 62 69 44
27 21 11 82 85 53
32 21 11 82 85 53
28 21 11 62 69 44
31 21 11 62 69 44
28 4 9 82 85 53
31 4 9 82 85 53
29 4 9 62 69 44
30 4 9 62 69 44
28 5 9 82 85 53
31 5 9 82 85 53
29 5 9 62 69 44
30 5 9 62 69 44
27 6 9 82 85 53
32 6 9 82 85 53
28 6 9 62 69 44
31 6 9 62 69 44
29 6 9 62 69 44
30 6 9 62 69 44
27 7 9 82 85 53
32 7 9 82 85 53
28 7 9 62 69 44
31 7 9 62 69 44
29 7 9 62 69 44
30 7 9 62 69 44
27 8 9 62 69 44
32 8 9 62 69 44
28 8 9 62 69 44
31 8 9 62 69 44
29 8 9 62 69 44
30 8 9 62 69 44
27 11 11 73 73 73
32 11 11 73 73 73
27 9 9 62 69 44
32 9 9 62 69 44
28 9 9 62 69 44
31 9 9 62 69 44
29 9 9 62 69 44
30 9 9 62 69 44
22 43 10 62 69 44
37 43 10 62 69 44
26 10 9 62 69 44
33 10 9 62 69 44
27 10 9 62 69 44
32 10 9 62 69 44
28 10 9 62 69 44
31 10 9 62 69 44
29 10 9 62 69 44
30 10 9 62 69 44
26 11 9 73 73 73
33 11 9 73 73 73
27 11 9 73 73 73
32 11 9 73 73 73
28 11 9 73 73 73
31 11 9 73 73 73
29 11 9 73 73 73
30 11 9 73 73 73
26 12 9 62 69 44
33 12 9 62 69 44
27 12 9 62 69 44
32 12 9 62 69 44
28 12 9 62 69 44
31 12 9 62 69 44
29 12 9 62 69 44
30 12 9 62 69 44
26 13 9 62 69 44
33 13 9 62 69 44
27 13 9 62 69 44
32 13 9 62 69 44
28 13 9 62 69 44
31 13 9 62 69 44
29 13 9 62 69 44
30 13 9 62 69 44
26 14 9 62 69 44
33 14 9 62 69 44
27 14 9 62 69 44
32 14 9 62 69 44
28 14 9 62 69 44
31 14 9 62 69 44
29 14 9 62 69 44
30 14 9 62 69 44
26 15 9 62 69 44
33 15 9 62 69 44
27 15 9 62 69 44
32 15 9 62 69 44
28 15 9 62 69 44
31 15 9 62 69 44
29 15 9 62 69 44
30 15 9 62 69 44
26 16 9 62 69 44
33 16 9 62 69 44
27 16 9 62 69 44
32 16 9 62 69 44
28 16 9 62 69 44
31 16 9 62 69 44
29 16 9 62 69 44
30 16 9 62 69 44
26 17 9 62 69 44
33 17 9 62 69 44
27 17 9 62 69 44
32 17 9 62 69 44
28 17 9 62 69 44
31 17 9 62 69 44
29 17 9 62 69 44
30 17 9 62 69 44
18 18 9 82 85 53
41 18 9 82 85 53
19 18 9 82 85 53
40 18 9 82 85 53
20 18 9 82 85 53
39 18 9 82 85 53
21 18 9 82 85 53
38 18 9 82 85 53
22 18 9 62 69 44
37 18 9 62 69 44
23 18 9 62 69 44
36 18 9 62 69 44
24 18 9 62 69 44
35 18 9 62 69 44
25 18 9 62 69 44
34 18 9 62 69 44
26 18 9 62 69 44
33 18 9 62 69 44
27 18 9 62 69 44
32 18 9 62 69 44
28 18 9 62 69 44
31 18 9 62 69 44
29 18 9 62 69 44
30 18 9 62 69 44
18 19 9 62 69 44
41 19 9 62 69 44
19 19 9 62 69 44
40 19 9 62 69 44
20 19 9 62 69 44
39 19 9 62 69 44
21 19 9 62 69 44
38 19 9 62 69 44
22 19 9 62 69 44
37 19 9 62 69 44
23 19 9 62 69 44
36 19 9 62 69 44
24 19 9 62 69 44
35 19 9 62 69 44
25 19 9 62 69 44
34 19 9 62 69 44
26 19 9 62 69 44
33 19 9 62 69 44
27 19 9 62 69 44
32 19 9 62 69 44
28 19 9 62 69 44
31 19 9 62 69 44
29 19 9 62 69 44
30 19 9 62 69 44
25 16 7 62 69 44
34 16 7 62 69 44
16 38 4 7 7 7
43 38 4 7 7 7
16 20 9 62 69 44
43 20 9 62 69 44
17 20 9 62 69 44
42 20 9 62 69 44
18 20 9 62 69 44
41 20 9 62 69 44
19 20 9 62 69 44
40 20 9 62 69 44
20 20 9 62 69 44
39 20 9 62 69 44
21 20 9 62 69 44
38 20 9 62 69 44
22 20 9 62 69 44
37 20 9 62 69 44
23 20 9 62 69 44
36 20 9 62 69 44
24 20 9 62 69 44
35 20 9 62 69 44
25 20 9 62 69 44
34 20 9 62 69 44
26 20 9 62 69 44
33 20 9 62 69 44
27 20 9 62 69 44
32 20 9 62 69 44
28 20 9 62 69 44
31 20 9 62 69 44
29 20 9 62 69 44
30 20 9 62 69 44
25 20 8 62 69 44
34 20 8 62 69 44
16 21 9 62 69 44
43 21 9 62 69 44
17 21 9 62 69 44
42 21 9 62 69 44
18 21 9 62 69 44
41 21 9 62 69 44
19 21 9 62 69 44
40 21 9 62 69 44
20 21 9 62 69 44
39 21 9 62 69 44
21 21 9 62 69 44
38 21 9 62 69 44
24 33 8 35 35 35
35 33 8 35 35 35
26 21 9 62 69 44
33 21 9 62 69 44
27 21 9 62 69 44
32 21 9 62 69 44
28 21 9 62 69 44
31 21 9 62 69 44
29 21 9 62 69 44
30 21 9 62 69 44
25 19 8 62 69 44
34 19 8 62 69 44
25 18 8 62 69 44
34 18 8 62 69 44
21 38 3 7 7 7
38 38 3 7 7 7
16 22 9 62 69 44
43 22 9 62 69 44
17 22 9 62 69 44
42 22 9 62 69 44
18 22 9 62 69 44
41 22 9 62 69 44
19 22 9 62 69 44
40 22 9 62 69 44
20 22 9 62 69 44
39 22 9 62 69 44
23 33 8 35 35 35
36 33 8 35 35 35
22 22 9 102 107 78
37 22 9 102 107 78
23 22 9 102 107 78
36 22 9 102 107 78
24 22 9 102 107 78
35 22 9 102 107 78
25 22 9 102 107 78
34 22 9 102 107 78
26 22 9 62 69 44
33 22 9 62 69 44
27 22 9 62 69 44
32 22 9 62 69 44
28 22 9 62 69 44
31 22 9 62 69 44
29 22 9 62 69 44
30 22 9 62 69 44
25 17 8 62 69 44
34 17 8 62 69 44
16 23 9 62 69 44
43 23 9 62 69 44
17 23 9 102 107 78
42 23 9 102 107 78
18 23 9 102 107 78
41 23 9 102 107 78
19 23 9 102 107 78
40 23 9 102 107 78
20 23 9 102 107 78
39 23 9 102 107 78
22 23 9 102 107 78
37 23 9 102 107 78
23 23 9 102 107 78
36 23 9 102 107 78
24 23 9 102 107 78
35 23 9 102 107 78
25 23 9 102 107 78
34 23 9 102 107 78
26 23 9 62 69 44
33 23 9 62 69 44
27 23 9 62 69 44
32 23 9 62 69 44
28 23 9 62 69 44
31 23 9 62 69 44
29 23 9 62 69 44
30 23 9 62 69 44
25 20 7 62 69 44
34 20 7 62 69 44
25 19 7 62 69 44
34 19 7 62 69 44
20 38 3 7 7 7
39 38 3 7 7 7
16 24 9 102 107 78
43 24 9 102 107 78
17 24 9 102 107 78
42 24 9 102 107 78
18 24 9 102 107 78
41 24 9 102 107 78
19 24 9 102 107 78
40 24 9 102 107 78
20 24 9 102 107 78
39 24 9 102 107 78
22 24 9 62 69 44
37 24 9 62 69 44
23 24 9 62 69 44
36 24 9 62 69 44
24 24 9 62 69 44
35 24 9 62 69 44
25 24 9 62 69 44
34 24 9 62 69 44
26 24 9 62 69 44
33 24 9 62 69 44
27 24 9 62 69 44
32 24 9 62 69 44
28 24 9 62 69 44
31 24 9 62 69 44
29 24 9 62 69 44
30 24 9 62 69 44
25 18 7 62 69 44
34 18 7 62 69 44
27 33 8 35 35 35
32 33 8 35 35 35
26 33 8 35 35 35
33 33 8 35 35 35
15 41 3 102 107 78
44 41 3 102 107 78
21 25 9 82 85 53
38 25 9 82 85 53
22 25 9 62 69 44
37 25 9 62 69 44
23 25 9 62 69 44
36 25 9 62 69 44
24 25 9 62 69 44
35 25 9 62 69 44
25 25 9 62 69 44
34 25 9 62 69 44
26 25 9 62 69 44
33 25 9 62 69 44
27 25 9 62 69 44
32 25 9 62 69 44
28 25 9 62 69 44
31 25 9 62 69 44
29 25 9 62 69 44
30 25 9 62 69 44
21 35 8 62 69 44
38 35 8 62 69 44
25 17 7 62 69 44
34 17 7 62 69 44
16 26 9 82 85 53
43 26 9 82 85 53
17 26 9 82 85 53
42 26 9 82 85 53
18 26 9 82 85 53
41 26 9 82 85 53
19 26 9 82 85 53
40 26 9 82 85 53
20 26 9 82 85 53
39 26 9 82 85 53
22 26 9 82 85 53
37 26 9 82 85 53
23 26 9 62 69 44
36 26 9 62 69 44
24 26 9 62 69 44
35 26 9 62 69 44
25 26 9 62 69 44
34 26 9 62 69 44
26 26 9 62 69 44
33 26 9 62 69 44
27 26 9 62 69 44
32 26 9 62 69 44
28 26 9 62 69 44
31 26 9 62 69 44
29 26 9 62 69 44
30 26 9 62 69 44
21 34 9 62 69 44
38 34 9 62 69 44
16 38 3 7 7 7
43 38 3 7 7 7
20 41 14 102 107 78
39 41 14 102 107 78
16 27 9 82 85 53
43 27 9 82 85 53
17 27 9 62 69 44
42 27 9 62 69 44
18 27 9 62 69 44
41 27 9 62 69 44
19 27 9 62 69 44
40 27 9 62 69 44
20 27 9 62 69 44
39 27 9 62 69 44
22 33 8 35 35 35
37 33 8 35 35 35
22 27 9 82 85 53
37 27 9 82 85 53
23 27 9 62 69 44
36 27 9 62 69 44
24 27 9 62 69 44
35 27 9 62 69 44
25 27 9 62 69 44
34 27 9 62 69 44
26 27 9 62 69 44
33 27 9 62 69 44
27 27 9 62 69 44
32 27 9 62 69 44
28 27 9 62 69 44
31 27 9 62 69 44
29 27 9 62 69 44
30 27 9 62 69 44
24 20 8 7 7 7
35 20 8 7 7 7
16 28 9 82 85 53
43 28 9 82 85 53
17 28 9 62 69 44
42 28 9 62 69 44
18 28 9 62 69 44
41 28 9 62 69 44
19 28 9 62 69 44
40 28 9 62 69 44
20 28 9 62 69 44
39 28 9 62 69 44
22 28 9 82 85 53
37 28 9 82 85 53
23 28 9 62 69 44
36 28 9 62 69 44
24 28 9 62 69 44
35 28 9 62 69 44
25 28 9 62 69 44
34 28 9 62 69 44
26 28 9 62 69 44
33 28 9 62 69 44
27 28 9 62 69 44
32 28 9 62 69 44
28 28 9 62 69 44
31 28 9 62 69 44
29 28 9 62 69 44
30 28 9 62 69 44
14 20 8 62 69 44
45 20 8 62 69 44
14 20 7 62 69 44
45 20 7 62 69 44
18 38 4 7 7 7
41 38 4 7 7 7
16 29 9 82 85 53
43 29 9 82 85 53
17 29 9 62 69 44
42 29 9 62 69 44
18 29 9 62 69 44
41 29 9 62 69 44
19 29 9 62 69 44
40 29 9 62 69 44
20 29 9 62 69 44
39 29 9 62 69 44
25 33 8 35 35 35
34 33 8 35 35 35
22 29 9 82 85 53
37 29 9 82 85 53
23 29 9 62 69 44
36 29 9 62 69 44
24 29 9 62 69 44
35 29 9 62 69 44
25 29 9 62 69 44
34 29 9 62 69 44
26 29 9 62 69 44
33 29 9 62 69 44
27 29 9 62 69 44
32 29 9 62 69 44
28 29 9 62 69 44
31 29 9 62 69 44
29 29 9 62 69 44
30 29 9 62 69 44
13 20 8 82 85 53
46 20 8 82 85 53
29 34 6 73 73 73
30 34 6 73 73 73
28 34 6 73 73 73
31 34 6 73 73 73
27 34 6 73 73 73
32 34 6 73 73 73
26 34 6 73 73 73
33 34 6 73 73 73
25 34 6 73 73 73
34 34 6 73 73 73
29 34 7 255 50 0
30 34 7 255 50 0
28 34 7 255 50 0
31 34 7 255 50 0
27 34 7 255 50 0
32 34 7 255 50 0
26 34 7 255 50 0
33 34 7 255 50 0
25 34 7 255 50 0
34 34 7 255 50 0
29 34 8 255 50 0
30 34 8 255 50 0
28 34 8 255 50 0
31 34 8 255 50 0
27 34 8 255 50 0
32 34 8 255 50 0
26 34 8 255 50 0
33 34 8 255 50 0
25 34 8 255 50 0
34 34 8 255 50 0
29 34 9 255 50 0
30 34 9 255 50 0
28 34 9 255 50 0
31 34 9 255 50 0
27 34 9 255 50 0
32 34 9 255 50 0
26 34 9 255 50 0
33 34 9 255 50 0
23 40 4 102 107 78
36 40 4 102 107 78
23 40 3 73 73 73
36 40 3 73 73 73
23 40 2 73 73 73
36 40 2 73 73 73
24 40 2 73 73 73
35 40 2 73 73 73
29 40 2 73 73 73
30 40 2 73 73 73
28 40 2 73 73 73
31 40 2 73 73 73
27 40 2 73 73 73
32 40 2 73 73 73
26 40 2 73 73 73
33 40 2 73 73 73
25 40 2 73 73 73
34 40 2 73 73 73
26 39 2 73 73 73
33 39 2 73 73 73
26 28 2 255 241 46
33 28 2 255 241 46
26 29 2 73 73 73
33 29 2 73 73 73
26 30 2 73 73 73
33 30 2 73 73 73
26 31 2 73 73 73
33 31 2 73 73 73
26 32 2 73 73 73
33 32 2 73 73 73
26 33 2 73 73 73
33 33 2 73 73 73
26 34 2 73 73 73
33 34 2 73 73 73
26 35 2 73 73 73
33 35 2 73 73 73
26 36 2 73 73 73
33 36 2 73 73 73
26 37 2 73 73 73
33 37 2 73 73 73
26 38 2 73 73 73
33 38 2 73 73 73
26 29 1 73 73 73
33 29 1 73 73 73
26 29 0 255 241 46
33 29 0 255 241 46
25 29 2 73 73 73
34 29 2 73 73 73
14 36 5 62 69 44
45 36 5 62 69 44
14 37 5 62 69 44
45 37 5 62 69 44
14 38 5 62 69 44
45 38 5 62 69 44
14 39 5 62 69 44
45 39 5 62 69 44
13 37 5 102 107 78
46 37 5 102 107 78
13 38 5 102 107 78
46 38 5 102 107 78
13 39 5 62 69 44
46 39 5 62 69 44
12 38 5 102 107 78
47 38 5 102 107 78
12 40 5 62 69 44
47 40 5 62 69 44
12 39 5 102 107 78
47 39 5 102 107 78
11 39 4 102 107 78
48 39 4 102 107 78
10 40 4 102 107 78
49 40 4 102 107 78
11 40 4 102 107 78
48 40 4 102 107 78
10 41 4 102 107 78
49 41 4 102 107 78
11 41 4 62 69 44
48 41 4 62 69 44
10 42 4 62 69 44
49 42 4 62 69 44
29 3 9 62 69 44
30 3 9 62 69 44
29 2 7 62 69 44
30 2 7 62 69 44
29 1 7 62 69 44
30 1 7 62 69 44
29 1 8 62 69 44
30 1 8 62 69 44
29 0 8 62 69 44
30 0 8 62 69 44
28 6 10 62 69 44
31 6 10 62 69 44
29 6 10 62 69 44
30 6 10 62 69 44
29 2 9 62 69 44
30 2 9 62 69 44
29 4 10 62 69 44
30 4 10 62 69 44
29 5 10 62 69 44
30 5 10 62 69 44
27 8 10 82 85 53
32 8 10 82 85 53
29 8 11 62 69 44
30 8 11 62 69 44
29 9 11 62 69 44
30 9 11 62 69 44
28 8 11 62 69 44
31 8 11 62 69 44
28 9 11 62 69 44
31 9 11 62 69 44
16 20 7 7 7 7
43 20 7 7 7 7
17 20 7 7 7 7
42 20 7 7 7 7
18 20 7 7 7 7
41 20 7 7 7 7
19 20 7 7 7 7
40 20 7 7 7 7
21 32 9 62 69 44
38 32 9 62 69 44
20 33 9 62 69 44
39 33 9 62 69 44
0 42 7 102 107 78
59 42 7 102 107 78
0 43 7 102 107 78
59 43 7 102 107 78
1 42 7 62 69 44
58 42 7 62 69 44
1 41 8 255 241 46
58 41 8 255 241 46
1 42 8 62 69 44
58 42 8 62 69 44
9 29 6 62 69 44
50 29 6 62 69 44
9 30 6 62 69 44
50 30 6 62 69 44
9 29 7 62 69 44
50 29 7 62 69 44
9 30 8 111 114 84
50 30 8 111 114 84
9 31 8 111 114 84
50 31 8 111 114 84
9 32 8 62 69 44
50 32 8 62 69 44
9 33 8 111 114 84
50 33 8 111 114 84
25 17 9 82 85 53
34 17 9 82 85 53
24 17 9 82 85 53
35 17 9 82 85 53
22 17 9 82 85 53
37 17 9 82 85 53
23 17 9 82 85 53
36 17 9 82 85 53
25 15 7 62 69 44
34 15 7 62 69 44
25 16 8 62 69 44
34 16 8 62 69 44
26 39 1 73 73 73
33 39 1 73 73 73
26 40 1 73 73 73
33 40 1 73 73 73
26 41 1 73 73 73
33 41 1 73 73 73
26 41 2 73 73 73
33 41 2 73 73 73
26 42 2 73 73 73
33 42 2 73 73 73
25 35 9 255 50 0
34 35 9 255 50 0
26 35 9 255 50 0
33 35 9 255 50 0
27 35 9 255 50 0
32 35 9 255 50 0
28 35 9 255 50 0
31 35 9 255 50 0
29 35 9 255 50 0
30 35 9 255 50 0
17 54 6 255 50 0
42 54 6 255 50 0
17 47 6 255 50 0
42 47 6 255 50 0
17 52 6 255 50 0
42 52 6 255 50 0
17 51 6 255 50 0
42 51 6 255 50 0
25 53 9 255 50 0
34 53 9 255 50 0
17 50 6 255 50 0
42 50 6 255 50 0
18 54 6 255 50 0
41 54 6 255 50 0
17 46 6 255 50 0
42 46 6 255 50 0
18 52 6 255 50 0
41 52 6 255 50 0
26 53 9 255 50 0
33 53 9 255 50 0
18 51 6 255 50 0
41 51 6 255 50 0
18 50 6 255 50 0
41 50 6 255 50 0
20 49 6 255 50 0
39 49 6 255 50 0
20 48 6 255 50 0
39 48 6 255 50 0
25 50 9 255 50 0
34 50 9 255 50 0
26 50 9 255 50 0
33 50 9 255 50 0
20 54 6 255 50 0
39 54 6 255 50 0
29 36 9 255 50 0
30 36 9 255 50 0
29 37 9 255 50 0
30 37 9 255 50 0
29 38 9 255 50 0
30 38 9 255 50 0
29 39 9 255 50 0
30 39 9 255 50 0
29 40 9 255 50 0
30 40 9 255 50 0
29 41 9 255 50 0
30 41 9 255 50 0
29 42 9 255 50 0
30 42 9 255 50 0
20 47 6 255 50 0
39 47 6 255 50 0
20 46 6 255 50 0
39 46 6 255 50 0
20 45 6 255 50 0
39 45 6 255 50 0
20 44 6 255 50 0
39 44 6 255 50 0
17 45 6 255 50 0
42 45 6 255 50 0
20 52 6 255 50 0
39 52 6 255 50 0
20 51 6 255 50 0
39 51 6 255 50 0
28 36 9 255 50 0
31 36 9 255 50 0
28 37 9 255 50 0
31 37 9 255 50 0
28 38 9 255 50 0
31 38 9 255 50 0
28 39 9 255 50 0
31 39 9 255 50 0
28 40 9 255 50 0
31 40 9 255 50 0
28 41 9 255 50 0
31 41 9 255 50 0
28 42 9 255 50 0
31 42 9 255 50 0
19 49 6 255 50 0
40 49 6 255 50 0
19 48 6 255 50 0
40 48 6 255 50 0
19 47 6 255 50 0
40 47 6 255 50 0
19 46 6 255 50 0
40 46 6 255 50 0
20 50 6 255 50 0
39 50 6 255 50 0
19 54 6 255 50 0
40 54 6 255 50 0
17 44 6 255 50 0
42 44 6 255 50 0
27 36 9 255 50 0
32 36 9 255 50 0
27 37 9 255 50 0
32 37 9 255 50 0
27 38 9 255 50 0
32 38 9 255 50 0
27 39 9 255 50 0
32 39 9 255 50 0
27 40 9 255 50 0
32 40 9 255 50 0
27 41 9 255 50 0
32 41 9 255 50 0
27 42 9 255 50 0
32 42 9 255 50 0
19 45 6 255 50 0
40 45 6 255 50 0
19 44 6 255 50 0
40 44 6 255 50 0
17 49 6 255 50 0
42 49 6 255 50 0
17 48 6 255 50 0
42 48 6 255 50 0
19 52 6 255 50 0
40 52 6 255 50 0
19 51 6 255 50 0
40 51 6 255 50 0
19 50 6 255 50 0
40 50 6 255 50 0
26 36 9 255 50 0
33 36 9 255 50 0
26 37 9 255 50 0
33 37 9 255 50 0
26 38 9 255 50 0
33 38 9 255 50 0
26 39 9 255 50 0
33 39 9 255 50 0
26 40 9 255 50 0
33 40 9 255 50 0
26 41 9 255 50 0
33 41 9 255 50 0
26 42 9 255 50 0
33 42 9 255 50 0
26 43 9 255 50 0
33 43 9 255 50 0
26 44 9 255 50 0
33 44 9 255 50 0
26 45 9 255 50 0
33 45 9 255 50 0
26 46 9 255 50 0
33 46 9 255 50 0
26 47 9 255 50 0
33 47 9 255 50 0
26 48 9 255 50 0
33 48 9 255 50 0
26 49 9 255 50 0
33 49 9 255 50 0
25 36 9 255 50 0
34 36 9 255 50 0
25 37 9 255 50 0
34 37 9 255 50 0
25 38 9 255 50 0
34 38 9 255 50 0
25 39 9 255 50 0
34 39 9 255 50 0
25 40 9 255 50 0
34 40 9 255 50 0
25 41 9 255 50 0
34 41 9 255 50 0
25 42 9 255 50 0
34 42 9 255 50 0
25 43 9 255 50 0
34 43 9 255 50 0
25 44 9 255 50 0
34 44 9 255 50 0
25 45 9 255 50 0
34 45 9 255 50 0
25 46 9 255 50 0
34 46 9 255 50 0
25 47 9 255 50 0
34 47 9 255 50 0
25 48 9 255 50 0
34 48 9 255 50 0
25 49 9 255 50 0
34 49 9 255 50 0
17 43 6 255 50 0
42 43 6 255 50 0
18 43 6 255 50 0
41 43 6 255 50 0
19 43 6 255 50 0
40 43 6 255 50 0
20 43 6 255 50 0
39 43 6 255 50 0
18 44 6 255 50 0
41 44 6 255 50 0
18 45 6 255 50 0
41 45 6 255 50 0
18 46 6 255 50 0
41 46 6 255 50 0
18 47 6 255 50 0
41 47 6 255 50 0
29 16 13 0 106 255
30 16 13 0 106 255
29 17 13 0 106 255
30 17 13 0 106 255
16 27 4 73 73 73
43 27 4 73 73 73
16 28 4 73 73 73
43 28 4 73 73 73
16 29 4 73 73 73
43 29 4 73 73 73
16 27 5 73 73 73
43 27 5 73 73 73
21 27 4 73 73 73
38 27 4 73 73 73
21 28 4 73 73 73
38 28 4 73 73 73
21 29 4 73 73 73
38 29 4 73 73 73
21 27 5 73 73 73
38 27 5 73 73 73
25 19 5 73 73 73
34 19 5 73 73 73
26 19 4 73 73 73
33 19 4 73 73 73
25 19 4 73 73 73
34 19 4 73 73 73
