ply
format ascii 1.0
comment : MagicaVoxel @ Ephtracy
element vertex 256
property float x
property float z
property float y
property uchar red
property uchar green
property uchar blue
end_header
58 125 97 136 136 136
59 125 98 136 136 136
60 125 99 136 136 136
61 125 100 136 136 136
62 125 101 136 136 136
63 125 102 136 136 136
64 125 103 136 136 136
65 125 104 136 136 136
66 125 105 136 136 136
67 125 106 136 136 136
68 125 107 136 136 136
69 125 108 136 136 136
70 125 109 136 136 136
71 125 110 136 136 136
72 125 111 136 136 136
57 125 96 136 136 136
40 125 79 136 136 136
38 125 79 136 136 136
41 125 80 136 136 136
42 125 81 136 136 136
43 125 82 136 136 136
44 125 83 136 136 136
45 125 84 136 136 136
46 125 85 136 136 136
47 125 86 136 136 136
48 125 87 136 136 136
49 125 88 136 136 136
50 125 89 136 136 136
51 125 90 136 136 136
52 125 91 136 136 136
53 125 92 136 136 136
54 125 93 136 136 136
71 125 111 136 136 136
70 125 110 136 136 136
69 125 109 136 136 136
68 125 108 136 136 136
67 125 107 136 136 136
66 125 106 136 136 136
65 125 105 136 136 136
64 125 104 136 136 136
63 125 103 136 136 136
62 125 102 136 136 136
61 125 101 136 136 136
60 125 100 136 136 136
59 125 99 136 136 136
58 125 98 136 136 136
57 125 97 136 136 136
56 125 96 136 136 136
38 125 111 136 136 136
40 125 111 136 136 136
53 125 93 136 136 136
52 125 92 136 136 136
51 125 91 136 136 136
50 125 90 136 136 136
49 125 89 136 136 136
48 125 88 136 136 136
47 125 87 136 136 136
46 125 86 136 136 136
45 125 85 136 136 136
44 125 84 136 136 136
43 125 83 136 136 136
42 125 82 136 136 136
41 125 81 136 136 136
40 125 80 136 136 136
39 125 79 136 136 136
70 125 111 136 136 136
69 125 110 136 136 136
68 125 109 136 136 136
67 125 108 136 136 136
66 125 107 136 136 136
65 125 106 136 136 136
64 125 105 136 136 136
63 125 104 136 136 136
62 125 103 136 136 136
61 125 102 136 136 136
60 125 101 136 136 136
59 125 100 136 136 136
58 125 99 136 136 136
57 125 98 136 136 136
56 125 97 136 136 136
39 125 110 136 136 136
39 125 111 136 136 136
53 125 94 136 136 136
52 125 93 136 136 136
51 125 92 136 136 136
50 125 91 136 136 136
49 125 90 136 136 136
48 125 89 136 136 136
47 125 88 136 136 136
46 125 87 136 136 136
45 125 86 136 136 136
44 125 85 136 136 136
43 125 84 136 136 136
42 125 83 136 136 136
41 125 82 136 136 136
40 125 81 136 136 136
39 125 80 136 136 136
69 125 111 136 136 136
68 125 110 136 136 136
67 125 109 136 136 136
66 125 108 136 136 136
65 125 107 136 136 136
64 125 106 136 136 136
63 125 105 136 136 136
62 125 104 136 136 136
61 125 103 136 136 136
60 125 102 136 136 136
59 125 101 136 136 136
58 125 100 136 136 136
57 125 99 136 136 136
56 125 98 136 136 136
55 125 97 136 136 136
40 125 110 136 136 136
41 125 110 136 136 136
52 125 94 136 136 136
51 125 93 136 136 136
50 125 92 136 136 136
49 125 91 136 136 136
48 125 90 136 136 136
47 125 89 136 136 136
46 125 88 136 136 136
45 125 87 136 136 136
44 125 86 136 136 136
43 125 85 136 136 136
42 125 84 136 136 136
41 125 83 136 136 136
40 125 82 136 136 136
39 125 81 136 136 136
38 125 80 136 136 136
37 125 79 136 136 136
71 125 79 136 136 136
70 125 80 136 136 136
69 125 81 136 136 136
68 125 82 136 136 136
67 125 83 136 136 136
66 125 84 136 136 136
65 125 85 136 136 136
64 125 86 136 136 136
63 125 87 136 136 136
62 125 88 136 136 136
61 125 89 136 136 136
60 125 90 136 136 136
59 125 91 136 136 136
58 125 92 136 136 136
57 125 93 136 136 136
56 125 94 136 136 136
55 125 95 136 136 136
54 125 96 136 136 136
53 125 97 136 136 136
52 125 98 136 136 136
51 125 99 136 136 136
50 125 100 136 136 136
49 125 101 136 136 136
48 125 102 136 136 136
47 125 103 136 136 136
46 125 104 136 136 136
45 125 105 136 136 136
44 125 106 136 136 136
43 125 107 136 136 136
42 125 108 136 136 136
41 125 109 136 136 136
70 125 79 136 136 136
69 125 80 136 136 136
68 125 81 136 136 136
67 125 82 136 136 136
66 125 83 136 136 136
65 125 84 136 136 136
64 125 85 136 136 136
63 125 86 136 136 136
62 125 87 136 136 136
61 125 88 136 136 136
60 125 89 136 136 136
59 125 90 136 136 136
58 125 91 136 136 136
57 125 92 136 136 136
56 125 93 136 136 136
55 125 94 136 136 136
54 125 95 136 136 136
53 125 96 136 136 136
52 125 97 136 136 136
51 125 98 136 136 136
50 125 99 136 136 136
49 125 100 136 136 136
48 125 101 136 136 136
47 125 102 136 136 136
46 125 103 136 136 136
45 125 104 136 136 136
44 125 105 136 136 136
43 125 106 136 136 136
42 125 107 136 136 136
41 125 108 136 136 136
40 125 109 136 136 136
72 125 79 136 136 136
71 125 80 136 136 136
70 125 81 136 136 136
69 125 82 136 136 136
68 125 83 136 136 136
67 125 84 136 136 136
66 125 85 136 136 136
65 125 86 136 136 136
64 125 87 136 136 136
63 125 88 136 136 136
62 125 89 136 136 136
61 125 90 136 136 136
60 125 91 136 136 136
59 125 92 136 136 136
58 125 93 136 136 136
57 125 94 136 136 136
56 125 95 136 136 136
55 125 96 136 136 136
54 125 97 136 136 136
53 125 98 136 136 136
52 125 99 136 136 136
51 125 100 136 136 136
50 125 101 136 136 136
49 125 102 136 136 136
48 125 103 136 136 136
47 125 104 136 136 136
46 125 105 136 136 136
45 125 106 136 136 136
44 125 107 136 136 136
43 125 108 136 136 136
42 125 109 136 136 136
69 125 79 136 136 136
68 125 80 136 136 136
67 125 81 136 136 136
66 125 82 136 136 136
65 125 83 136 136 136
64 125 84 136 136 136
63 125 85 136 136 136
62 125 86 136 136 136
61 125 87 136 136 136
60 125 88 136 136 136
59 125 89 136 136 136
58 125 90 136 136 136
57 125 91 136 136 136
56 125 92 136 136 136
55 125 93 136 136 136
54 125 94 136 136 136
53 125 95 136 136 136
52 125 96 136 136 136
51 125 97 136 136 136
50 125 98 136 136 136
49 125 99 136 136 136
48 125 100 136 136 136
47 125 101 136 136 136
46 125 102 136 136 136
45 125 103 136 136 136
44 125 104 136 136 136
43 125 105 136 136 136
42 125 106 136 136 136
41 125 107 136 136 136
40 125 108 136 136 136
39 125 109 136 136 136
38 125 110 136 136 136
37 125 111 136 136 136
