ply
format ascii 1.0
comment : MagicaVoxel @ Ephtracy
element vertex 4092
property float x
property float z
property float y
property uchar red
property uchar green
property uchar blue
origin 17 8 28
scale 0.035 0.035 0.035
explode
end_header
13 27 8 13 29 66
20 27 8 13 29 66
5 48 8 45 45 45
28 48 8 45 45 45
13 33 3 177 177 177
20 33 3 177 177 177
12 33 3 177 177 177
21 33 3 177 177 177
8 47 7 177 177 177
25 47 7 177 177 177
5 48 4 37 37 37
28 48 4 37 37 37
13 34 3 177 177 177
20 34 3 177 177 177
12 34 3 177 177 177
21 34 3 177 177 177
11 34 3 177 177 177
22 34 3 177 177 177
10 34 3 177 177 177
23 34 3 177 177 177
9 34 3 177 177 177
24 34 3 177 177 177
8 34 3 177 177 177
25 34 3 177 177 177
7 34 3 177 177 177
26 34 3 177 177 177
6 34 3 177 177 177
27 34 3 177 177 177
5 34 3 177 177 177
28 34 3 177 177 177
4 34 3 177 177 177
29 34 3 177 177 177
3 34 3 177 177 177
30 34 3 177 177 177
2 34 3 13 29 66
31 34 3 13 29 66
13 35 3 177 177 177
20 35 3 177 177 177
12 35 3 177 177 177
21 35 3 177 177 177
11 35 3 177 177 177
22 35 3 177 177 177
10 35 3 177 177 177
23 35 3 177 177 177
9 35 3 177 177 177
24 35 3 177 177 177
8 35 3 177 177 177
25 35 3 177 177 177
7 35 3 177 177 177
26 35 3 177 177 177
6 35 3 177 177 177
27 35 3 177 177 177
5 35 3 177 177 177
28 35 3 177 177 177
4 35 3 177 177 177
29 35 3 177 177 177
3 35 3 177 177 177
30 35 3 177 177 177
2 35 3 13 29 66
31 35 3 13 29 66
13 36 3 177 177 177
20 36 3 177 177 177
12 36 3 177 177 177
21 36 3 177 177 177
11 36 3 177 177 177
22 36 3 177 177 177
10 36 3 177 177 177
23 36 3 177 177 177
9 36 3 177 177 177
24 36 3 177 177 177
8 36 3 177 177 177
25 36 3 177 177 177
7 36 3 177 177 177
26 36 3 177 177 177
6 36 3 177 177 177
27 36 3 177 177 177
5 36 3 177 177 177
28 36 3 177 177 177
4 36 3 177 177 177
29 36 3 177 177 177
3 36 3 177 177 177
30 36 3 177 177 177
2 36 3 177 177 177
31 36 3 177 177 177
1 36 3 45 45 45
32 36 3 45 45 45
13 37 3 177 177 177
20 37 3 177 177 177
12 37 3 177 177 177
21 37 3 177 177 177
11 37 3 177 177 177
22 37 3 177 177 177
10 37 3 177 177 177
23 37 3 177 177 177
9 37 3 177 177 177
24 37 3 177 177 177
8 37 3 177 177 177
25 37 3 177 177 177
7 37 3 177 177 177
26 37 3 177 177 177
6 37 3 177 177 177
27 37 3 177 177 177
5 37 3 177 177 177
28 37 3 177 177 177
4 37 3 177 177 177
29 37 3 177 177 177
3 37 3 177 177 177
30 37 3 177 177 177
2 37 3 177 177 177
31 37 3 177 177 177
1 37 3 45 45 45
32 37 3 45 45 45
11 38 3 177 177 177
22 38 3 177 177 177
10 38 3 177 177 177
23 38 3 177 177 177
9 38 3 177 177 177
24 38 3 177 177 177
8 38 3 177 177 177
25 38 3 177 177 177
7 38 3 177 177 177
26 38 3 177 177 177
6 38 3 177 177 177
27 38 3 177 177 177
5 38 3 177 177 177
28 38 3 177 177 177
4 38 3 177 177 177
29 38 3 177 177 177
3 38 3 177 177 177
30 38 3 177 177 177
2 38 3 177 177 177
31 38 3 177 177 177
1 38 3 45 45 45
32 38 3 45 45 45
11 33 5 45 45 45
22 33 5 45 45 45
11 39 3 177 177 177
22 39 3 177 177 177
10 39 3 177 177 177
23 39 3 177 177 177
9 39 3 177 177 177
24 39 3 177 177 177
8 39 3 177 177 177
25 39 3 177 177 177
7 39 3 177 177 177
26 39 3 177 177 177
6 39 3 177 177 177
27 39 3 177 177 177
5 39 3 177 177 177
28 39 3 177 177 177
4 39 3 177 177 177
29 39 3 177 177 177
3 39 3 177 177 177
30 39 3 177 177 177
2 39 3 177 177 177
31 39 3 177 177 177
1 39 3 45 45 45
32 39 3 45 45 45
11 40 3 177 177 177
22 40 3 177 177 177
10 40 3 177 177 177
23 40 3 177 177 177
9 40 3 177 177 177
24 40 3 177 177 177
8 40 3 177 177 177
25 40 3 177 177 177
7 40 3 177 177 177
26 40 3 177 177 177
6 40 3 177 177 177
27 40 3 177 177 177
5 40 3 177 177 177
28 40 3 177 177 177
4 40 3 177 177 177
29 40 3 177 177 177
3 40 3 177 177 177
30 40 3 177 177 177
2 40 3 177 177 177
31 40 3 177 177 177
1 40 3 45 45 45
32 40 3 45 45 45
11 33 4 45 45 45
22 33 4 45 45 45
11 41 3 177 177 177
22 41 3 177 177 177
10 41 3 177 177 177
23 41 3 177 177 177
9 41 3 177 177 177
24 41 3 177 177 177
8 41 3 177 177 177
25 41 3 177 177 177
7 41 3 177 177 177
26 41 3 177 177 177
6 41 3 177 177 177
27 41 3 177 177 177
5 41 3 177 177 177
28 41 3 177 177 177
4 41 3 177 177 177
29 41 3 177 177 177
3 41 3 177 177 177
30 41 3 177 177 177
2 41 3 177 177 177
31 41 3 177 177 177
1 41 3 45 45 45
32 41 3 45 45 45
11 42 3 177 177 177
22 42 3 177 177 177
10 42 3 177 177 177
23 42 3 177 177 177
9 42 3 177 177 177
24 42 3 177 177 177
8 42 3 177 177 177
25 42 3 177 177 177
7 42 3 177 177 177
26 42 3 177 177 177
6 42 3 177 177 177
27 42 3 177 177 177
5 42 3 177 177 177
28 42 3 177 177 177
4 42 3 177 177 177
29 42 3 177 177 177
3 42 3 177 177 177
30 42 3 177 177 177
2 42 3 177 177 177
31 42 3 177 177 177
1 42 3 45 45 45
32 42 3 45 45 45
11 33 3 177 177 177
22 33 3 177 177 177
11 43 3 177 177 177
22 43 3 177 177 177
10 43 3 177 177 177
23 43 3 177 177 177
9 43 3 177 177 177
24 43 3 177 177 177
8 43 3 177 177 177
25 43 3 177 177 177
7 43 3 177 177 177
26 43 3 177 177 177
6 43 3 177 177 177
27 43 3 177 177 177
5 43 3 177 177 177
28 43 3 177 177 177
4 43 3 177 177 177
29 43 3 177 177 177
3 43 3 177 177 177
30 43 3 177 177 177
2 43 3 177 177 177
31 43 3 177 177 177
1 43 3 45 45 45
32 43 3 45 45 45
9 44 3 177 177 177
24 44 3 177 177 177
8 44 3 177 177 177
25 44 3 177 177 177
7 44 3 177 177 177
26 44 3 177 177 177
6 44 3 177 177 177
27 44 3 177 177 177
5 44 3 177 177 177
28 44 3 177 177 177
4 44 3 177 177 177
29 44 3 177 177 177
3 44 3 177 177 177
30 44 3 177 177 177
2 44 3 177 177 177
31 44 3 177 177 177
9 45 3 177 177 177
24 45 3 177 177 177
8 45 3 177 177 177
25 45 3 177 177 177
7 45 3 177 177 177
26 45 3 177 177 177
6 45 3 177 177 177
27 45 3 177 177 177
5 45 3 177 177 177
28 45 3 177 177 177
4 45 3 177 177 177
29 45 3 177 177 177
3 45 3 177 177 177
30 45 3 177 177 177
2 45 3 177 177 177
31 45 3 177 177 177
9 46 3 177 177 177
24 46 3 177 177 177
8 46 3 177 177 177
25 46 3 177 177 177
7 46 3 177 177 177
26 46 3 177 177 177
6 46 3 177 177 177
27 46 3 177 177 177
5 46 3 177 177 177
28 46 3 177 177 177
4 46 3 177 177 177
29 46 3 177 177 177
9 47 3 177 177 177
24 47 3 177 177 177
8 47 3 177 177 177
25 47 3 177 177 177
7 47 3 177 177 177
26 47 3 177 177 177
6 47 3 177 177 177
27 47 3 177 177 177
5 47 3 177 177 177
28 47 3 177 177 177
4 47 3 177 177 177
29 47 3 177 177 177
13 32 4 177 177 177
20 32 4 177 177 177
12 32 4 177 177 177
21 32 4 177 177 177
4 48 8 45 45 45
29 48 8 45 45 45
13 33 4 177 177 177
20 33 4 177 177 177
12 33 4 177 177 177
21 33 4 177 177 177
15 11 9 13 29 66
18 11 9 13 29 66
16 11 9 177 177 177
17 11 9 177 177 177
15 10 9 13 29 66
18 10 9 13 29 66
16 10 9 13 29 66
17 10 9 13 29 66
13 34 4 177 177 177
20 34 4 177 177 177
12 34 4 177 177 177
21 34 4 177 177 177
11 34 4 177 177 177
22 34 4 177 177 177
10 34 4 45 45 45
23 34 4 45 45 45
15 22 9 177 177 177
18 22 9 177 177 177
16 40 12 45 45 45
17 40 12 45 45 45
2 34 4 13 29 66
31 34 4 13 29 66
15 9 9 13 29 66
18 9 9 13 29 66
16 9 9 13 29 66
17 9 9 13 29 66
15 8 9 177 177 177
18 8 9 177 177 177
16 8 9 13 29 66
17 8 9 13 29 66
13 35 4 177 177 177
20 35 4 177 177 177
12 35 4 177 177 177
21 35 4 177 177 177
11 35 4 177 177 177
22 35 4 177 177 177
10 35 4 45 45 45
23 35 4 45 45 45
15 37 12 45 45 45
18 37 12 45 45 45
15 21 9 177 177 177
18 21 9 177 177 177
2 35 4 13 29 66
31 35 4 13 29 66
13 36 4 177 177 177
20 36 4 177 177 177
12 36 4 177 177 177
21 36 4 177 177 177
11 36 4 177 177 177
22 36 4 177 177 177
10 36 4 45 45 45
23 36 4 45 45 45
4 35 8 45 45 45
29 35 8 45 45 45
5 35 8 45 45 45
28 35 8 45 45 45
6 35 8 45 45 45
27 35 8 45 45 45
8 35 8 37 37 37
25 35 8 37 37 37
9 35 8 45 45 45
24 35 8 45 45 45
5 35 7 45 45 45
28 35 7 45 45 45
2 36 4 177 177 177
31 36 4 177 177 177
1 36 4 45 45 45
32 36 4 45 45 45
13 28 8 13 29 66
20 28 8 13 29 66
13 37 4 177 177 177
20 37 4 177 177 177
12 37 4 177 177 177
21 37 4 177 177 177
11 37 4 177 177 177
22 37 4 177 177 177
10 37 4 177 177 177
23 37 4 177 177 177
9 37 4 0 46 255
24 37 4 0 46 255
8 37 4 177 177 177
25 37 4 177 177 177
7 37 4 0 46 255
26 37 4 0 46 255
6 37 4 177 177 177
27 37 4 177 177 177
5 37 4 0 46 255
28 37 4 0 46 255
4 37 4 177 177 177
29 37 4 177 177 177
3 37 4 0 46 255
30 37 4 0 46 255
2 37 4 177 177 177
31 37 4 177 177 177
1 37 4 45 45 45
32 37 4 45 45 45
0 37 4 177 177 177
33 37 4 177 177 177
11 38 4 177 177 177
22 38 4 177 177 177
10 38 4 177 177 177
23 38 4 177 177 177
9 38 4 177 177 177
24 38 4 177 177 177
8 38 4 177 177 177
25 38 4 177 177 177
7 38 4 177 177 177
26 38 4 177 177 177
6 38 4 177 177 177
27 38 4 177 177 177
5 38 4 177 177 177
28 38 4 177 177 177
4 38 4 177 177 177
29 38 4 177 177 177
3 38 4 177 177 177
30 38 4 177 177 177
2 38 4 177 177 177
31 38 4 177 177 177
1 38 4 45 45 45
32 38 4 45 45 45
0 38 4 177 177 177
33 38 4 177 177 177
11 39 4 177 177 177
22 39 4 177 177 177
10 39 4 177 177 177
23 39 4 177 177 177
9 39 4 177 177 177
24 39 4 177 177 177
8 39 4 177 177 177
25 39 4 177 177 177
7 39 4 177 177 177
26 39 4 177 177 177
6 39 4 177 177 177
27 39 4 177 177 177
5 39 4 177 177 177
28 39 4 177 177 177
4 39 4 177 177 177
29 39 4 177 177 177
3 39 4 177 177 177
30 39 4 177 177 177
2 39 4 177 177 177
31 39 4 177 177 177
1 39 4 45 45 45
32 39 4 45 45 45
0 39 4 177 177 177
33 39 4 177 177 177
11 40 4 177 177 177
22 40 4 177 177 177
10 40 4 177 177 177
23 40 4 177 177 177
9 40 4 177 177 177
24 40 4 177 177 177
8 40 4 177 177 177
25 40 4 177 177 177
7 40 4 177 177 177
26 40 4 177 177 177
6 40 4 177 177 177
27 40 4 177 177 177
5 40 4 177 177 177
28 40 4 177 177 177
4 40 4 177 177 177
29 40 4 177 177 177
3 40 4 177 177 177
30 40 4 177 177 177
2 40 4 177 177 177
31 40 4 177 177 177
1 40 4 45 45 45
32 40 4 45 45 45
0 40 4 177 177 177
33 40 4 177 177 177
11 41 4 177 177 177
22 41 4 177 177 177
10 41 4 177 177 177
23 41 4 177 177 177
9 41 4 177 177 177
24 41 4 177 177 177
8 41 4 177 177 177
25 41 4 177 177 177
7 41 4 177 177 177
26 41 4 177 177 177
6 41 4 177 177 177
27 41 4 177 177 177
5 41 4 177 177 177
28 41 4 177 177 177
4 41 4 177 177 177
29 41 4 177 177 177
3 41 4 177 177 177
30 41 4 177 177 177
2 41 4 177 177 177
31 41 4 177 177 177
1 41 4 45 45 45
32 41 4 45 45 45
0 41 4 177 177 177
33 41 4 177 177 177
11 42 4 177 177 177
22 42 4 177 177 177
10 42 4 177 177 177
23 42 4 177 177 177
9 42 4 177 177 177
24 42 4 177 177 177
8 42 4 177 177 177
25 42 4 177 177 177
7 42 4 177 177 177
26 42 4 177 177 177
6 42 4 177 177 177
27 42 4 177 177 177
5 42 4 177 177 177
28 42 4 177 177 177
4 42 4 177 177 177
29 42 4 177 177 177
3 42 4 177 177 177
30 42 4 177 177 177
2 42 4 177 177 177
31 42 4 177 177 177
1 42 4 45 45 45
32 42 4 45 45 45
0 42 4 177 177 177
33 42 4 177 177 177
11 43 4 177 177 177
22 43 4 177 177 177
10 43 4 177 177 177
23 43 4 177 177 177
9 43 4 177 177 177
24 43 4 177 177 177
8 43 4 177 177 177
25 43 4 177 177 177
7 43 4 177 177 177
26 43 4 177 177 177
6 43 4 177 177 177
27 43 4 177 177 177
5 43 4 177 177 177
28 43 4 177 177 177
4 43 4 177 177 177
29 43 4 177 177 177
3 43 4 177 177 177
30 43 4 177 177 177
2 43 4 177 177 177
31 43 4 177 177 177
1 43 4 45 45 45
32 43 4 45 45 45
6 50 4 37 37 37
27 50 4 37 37 37
9 44 4 177 177 177
24 44 4 177 177 177
8 44 4 177 177 177
25 44 4 177 177 177
7 44 4 177 177 177
26 44 4 177 177 177
6 44 4 177 177 177
27 44 4 177 177 177
5 44 4 177 177 177
28 44 4 177 177 177
4 44 4 177 177 177
29 44 4 177 177 177
3 44 4 177 177 177
30 44 4 177 177 177
2 44 4 177 177 177
31 44 4 177 177 177
9 45 4 177 177 177
24 45 4 177 177 177
8 45 4 177 177 177
25 45 4 177 177 177
7 45 4 177 177 177
26 45 4 177 177 177
6 45 4 177 177 177
27 45 4 177 177 177
5 45 4 177 177 177
28 45 4 177 177 177
4 45 4 177 177 177
29 45 4 177 177 177
3 45 4 177 177 177
30 45 4 177 177 177
2 45 4 177 177 177
31 45 4 177 177 177
9 46 4 177 177 177
24 46 4 177 177 177
8 46 4 177 177 177
25 46 4 177 177 177
7 46 4 177 177 177
26 46 4 177 177 177
6 46 4 177 177 177
27 46 4 177 177 177
5 46 4 177 177 177
28 46 4 177 177 177
4 46 4 177 177 177
29 46 4 177 177 177
9 47 4 177 177 177
24 47 4 177 177 177
15 20 9 177 177 177
18 20 9 177 177 177
15 34 12 0 106 255
18 34 12 0 106 255
4 47 4 177 177 177
29 47 4 177 177 177
16 1 6 45 45 45
17 1 6 45 45 45
16 12 5 45 45 45
17 12 5 45 45 45
15 12 5 45 45 45
18 12 5 45 45 45
15 7 6 45 45 45
18 7 6 45 45 45
16 13 5 45 45 45
17 13 5 45 45 45
15 13 5 45 45 45
18 13 5 45 45 45
16 7 6 45 45 45
17 7 6 45 45 45
15 11 6 45 45 45
18 11 6 45 45 45
16 14 5 0 46 255
17 14 5 0 46 255
15 14 5 45 45 45
18 14 5 45 45 45
16 11 6 45 45 45
17 11 6 45 45 45
16 15 5 45 45 45
17 15 5 45 45 45
15 15 5 45 45 45
18 15 5 45 45 45
16 16 5 45 45 45
17 16 5 45 45 45
15 16 5 45 45 45
18 16 5 45 45 45
15 6 6 45 45 45
18 6 6 45 45 45
16 17 5 45 45 45
17 17 5 45 45 45
15 17 5 45 45 45
18 17 5 45 45 45
16 6 6 45 45 45
17 6 6 45 45 45
15 10 6 45 45 45
18 10 6 45 45 45
16 18 5 45 45 45
17 18 5 45 45 45
15 18 5 45 45 45
18 18 5 45 45 45
16 10 6 45 45 45
17 10 6 45 45 45
16 19 5 45 45 45
17 19 5 45 45 45
15 19 5 45 45 45
18 19 5 45 45 45
16 20 5 45 45 45
17 20 5 45 45 45
15 20 5 45 45 45
18 20 5 45 45 45
15 5 6 45 45 45
18 5 6 45 45 45
16 21 5 45 45 45
17 21 5 45 45 45
15 21 5 45 45 45
18 21 5 45 45 45
16 5 6 45 45 45
17 5 6 45 45 45
15 9 6 45 45 45
18 9 6 45 45 45
16 22 5 45 45 45
17 22 5 45 45 45
15 22 5 45 45 45
18 22 5 45 45 45
16 9 6 45 45 45
17 9 6 45 45 45
16 23 5 45 45 45
17 23 5 45 45 45
15 23 5 45 45 45
18 23 5 45 45 45
16 24 5 45 45 45
17 24 5 45 45 45
15 24 5 45 45 45
18 24 5 45 45 45
15 4 6 45 45 45
18 4 6 45 45 45
16 25 5 45 45 45
17 25 5 45 45 45
15 25 5 45 45 45
18 25 5 45 45 45
16 4 6 45 45 45
17 4 6 45 45 45
15 8 6 45 45 45
18 8 6 45 45 45
16 26 5 45 45 45
17 26 5 45 45 45
15 26 5 45 45 45
18 26 5 45 45 45
16 8 6 45 45 45
17 8 6 45 45 45
16 27 5 45 45 45
17 27 5 45 45 45
15 27 5 45 45 45
18 27 5 45 45 45
16 28 5 45 45 45
17 28 5 45 45 45
15 28 5 45 45 45
18 28 5 45 45 45
15 3 6 45 45 45
18 3 6 45 45 45
16 29 5 45 45 45
17 29 5 45 45 45
15 29 5 45 45 45
18 29 5 45 45 45
16 3 6 45 45 45
17 3 6 45 45 45
16 30 5 45 45 45
17 30 5 45 45 45
15 30 5 45 45 45
18 30 5 45 45 45
14 30 5 45 45 45
19 30 5 45 45 45
13 30 5 177 177 177
20 30 5 177 177 177
9 48 8 45 45 45
24 48 8 45 45 45
16 31 5 45 45 45
17 31 5 45 45 45
15 31 5 45 45 45
18 31 5 45 45 45
14 31 5 45 45 45
19 31 5 45 45 45
13 31 5 45 45 45
20 31 5 45 45 45
16 32 5 45 45 45
17 32 5 45 45 45
15 32 5 45 45 45
18 32 5 45 45 45
14 32 5 45 45 45
19 32 5 45 45 45
13 32 5 177 177 177
20 32 5 177 177 177
12 32 5 45 45 45
21 32 5 45 45 45
8 50 5 37 37 37
25 50 5 37 37 37
16 33 5 45 45 45
17 33 5 45 45 45
15 33 5 45 45 45
18 33 5 45 45 45
14 33 5 45 45 45
19 33 5 45 45 45
13 33 5 177 177 177
20 33 5 177 177 177
12 33 5 177 177 177
21 33 5 177 177 177
8 49 7 37 37 37
25 49 7 37 37 37
5 47 4 177 177 177
28 47 4 177 177 177
16 34 5 45 45 45
17 34 5 45 45 45
15 34 5 45 45 45
18 34 5 45 45 45
14 34 5 45 45 45
19 34 5 45 45 45
13 34 5 177 177 177
20 34 5 177 177 177
12 34 5 177 177 177
21 34 5 177 177 177
11 34 5 177 177 177
22 34 5 177 177 177
10 34 5 45 45 45
23 34 5 45 45 45
2 34 5 13 29 66
31 34 5 13 29 66
16 35 5 45 45 45
17 35 5 45 45 45
15 35 5 45 45 45
18 35 5 45 45 45
14 35 5 45 45 45
19 35 5 45 45 45
13 35 5 177 177 177
20 35 5 177 177 177
12 35 5 177 177 177
21 35 5 177 177 177
11 35 5 177 177 177
22 35 5 177 177 177
10 35 5 45 45 45
23 35 5 45 45 45
2 35 5 13 29 66
31 35 5 13 29 66
16 36 5 45 45 45
17 36 5 45 45 45
15 36 5 45 45 45
18 36 5 45 45 45
14 36 5 45 45 45
19 36 5 45 45 45
13 36 5 177 177 177
20 36 5 177 177 177
12 36 5 177 177 177
21 36 5 177 177 177
11 36 5 177 177 177
22 36 5 177 177 177
10 36 5 45 45 45
23 36 5 45 45 45
6 35 7 45 45 45
27 35 7 45 45 45
4 48 5 45 45 45
29 48 5 45 45 45
8 35 7 37 37 37
25 35 7 37 37 37
9 35 7 45 45 45
24 35 7 45 45 45
4 35 7 37 37 37
29 35 7 37 37 37
3 35 8 45 45 45
30 35 8 45 45 45
9 48 7 45 45 45
24 48 7 45 45 45
2 36 5 177 177 177
31 36 5 177 177 177
1 36 5 45 45 45
32 36 5 45 45 45
16 37 5 45 45 45
17 37 5 45 45 45
15 37 5 45 45 45
18 37 5 45 45 45
14 37 5 45 45 45
19 37 5 45 45 45
13 37 5 177 177 177
20 37 5 177 177 177
12 37 5 177 177 177
21 37 5 177 177 177
11 37 5 177 177 177
22 37 5 177 177 177
10 37 5 177 177 177
23 37 5 177 177 177
9 37 5 0 46 255
24 37 5 0 46 255
8 37 5 177 177 177
25 37 5 177 177 177
7 37 5 0 46 255
26 37 5 0 46 255
6 37 5 177 177 177
27 37 5 177 177 177
5 37 5 0 46 255
28 37 5 0 46 255
4 37 5 177 177 177
29 37 5 177 177 177
3 37 5 0 46 255
30 37 5 0 46 255
2 37 5 177 177 177
31 37 5 177 177 177
1 37 5 45 45 45
32 37 5 45 45 45
0 37 5 177 177 177
33 37 5 177 177 177
16 38 5 13 29 66
17 38 5 13 29 66
15 38 5 45 45 45
18 38 5 45 45 45
14 38 5 45 45 45
19 38 5 45 45 45
13 38 5 45 45 45
20 38 5 45 45 45
12 38 5 45 45 45
21 38 5 45 45 45
11 38 5 177 177 177
22 38 5 177 177 177
10 38 5 177 177 177
23 38 5 177 177 177
9 38 5 177 177 177
24 38 5 177 177 177
8 38 5 177 177 177
25 38 5 177 177 177
7 38 5 177 177 177
26 38 5 177 177 177
6 38 5 177 177 177
27 38 5 177 177 177
5 38 5 177 177 177
28 38 5 177 177 177
4 38 5 177 177 177
29 38 5 177 177 177
3 38 5 177 177 177
30 38 5 177 177 177
2 38 5 177 177 177
31 38 5 177 177 177
1 38 5 45 45 45
32 38 5 45 45 45
0 38 5 177 177 177
33 38 5 177 177 177
16 39 5 13 29 66
17 39 5 13 29 66
15 39 5 13 29 66
18 39 5 13 29 66
14 39 5 45 45 45
19 39 5 45 45 45
13 39 5 45 45 45
20 39 5 45 45 45
12 39 5 45 45 45
21 39 5 45 45 45
11 39 5 177 177 177
22 39 5 177 177 177
10 39 5 177 177 177
23 39 5 177 177 177
9 39 5 177 177 177
24 39 5 177 177 177
8 39 5 177 177 177
25 39 5 177 177 177
7 39 5 177 177 177
26 39 5 177 177 177
6 39 5 177 177 177
27 39 5 177 177 177
5 39 5 177 177 177
28 39 5 177 177 177
4 39 5 177 177 177
29 39 5 177 177 177
3 39 5 177 177 177
30 39 5 177 177 177
2 39 5 177 177 177
31 39 5 177 177 177
1 39 5 45 45 45
32 39 5 45 45 45
0 39 5 177 177 177
33 39 5 177 177 177
16 40 5 13 29 66
17 40 5 13 29 66
15 40 5 13 29 66
18 40 5 13 29 66
14 40 5 13 29 66
19 40 5 13 29 66
13 40 5 45 45 45
20 40 5 45 45 45
12 40 5 45 45 45
21 40 5 45 45 45
11 40 5 177 177 177
22 40 5 177 177 177
10 40 5 177 177 177
23 40 5 177 177 177
9 40 5 177 177 177
24 40 5 177 177 177
8 40 5 177 177 177
25 40 5 177 177 177
7 40 5 177 177 177
26 40 5 177 177 177
6 40 5 177 177 177
27 40 5 177 177 177
5 40 5 177 177 177
28 40 5 177 177 177
4 40 5 177 177 177
29 40 5 177 177 177
3 40 5 177 177 177
30 40 5 177 177 177
2 40 5 177 177 177
31 40 5 177 177 177
1 40 5 45 45 45
32 40 5 45 45 45
0 40 5 177 177 177
33 40 5 177 177 177
16 41 5 13 29 66
17 41 5 13 29 66
15 41 5 13 29 66
18 41 5 13 29 66
14 41 5 13 29 66
19 41 5 13 29 66
13 41 5 13 29 66
20 41 5 13 29 66
12 41 5 45 45 45
21 41 5 45 45 45
11 41 5 177 177 177
22 41 5 177 177 177
10 41 5 177 177 177
23 41 5 177 177 177
9 41 5 177 177 177
24 41 5 177 177 177
8 41 5 177 177 177
25 41 5 177 177 177
7 41 5 177 177 177
26 41 5 177 177 177
6 41 5 177 177 177
27 41 5 177 177 177
5 41 5 177 177 177
28 41 5 177 177 177
4 41 5 177 177 177
29 41 5 177 177 177
3 41 5 177 177 177
30 41 5 177 177 177
2 41 5 177 177 177
31 41 5 177 177 177
1 41 5 45 45 45
32 41 5 45 45 45
0 41 5 177 177 177
33 41 5 177 177 177
16 42 5 13 29 66
17 42 5 13 29 66
15 42 5 13 29 66
18 42 5 13 29 66
14 42 5 13 29 66
19 42 5 13 29 66
13 42 5 13 29 66
20 42 5 13 29 66
12 42 5 13 29 66
21 42 5 13 29 66
11 42 5 177 177 177
22 42 5 177 177 177
10 42 5 177 177 177
23 42 5 177 177 177
9 42 5 177 177 177
24 42 5 177 177 177
8 42 5 177 177 177
25 42 5 177 177 177
7 42 5 177 177 177
26 42 5 177 177 177
6 42 5 177 177 177
27 42 5 177 177 177
5 42 5 177 177 177
28 42 5 177 177 177
4 42 5 177 177 177
29 42 5 177 177 177
3 42 5 177 177 177
30 42 5 177 177 177
2 42 5 177 177 177
31 42 5 177 177 177
1 42 5 45 45 45
32 42 5 45 45 45
0 42 5 177 177 177
33 42 5 177 177 177
16 43 5 13 29 66
17 43 5 13 29 66
15 43 5 13 29 66
18 43 5 13 29 66
14 43 5 13 29 66
19 43 5 13 29 66
13 43 5 13 29 66
20 43 5 13 29 66
12 43 5 13 29 66
21 43 5 13 29 66
11 43 5 177 177 177
22 43 5 177 177 177
10 43 5 177 177 177
23 43 5 177 177 177
9 43 5 177 177 177
24 43 5 177 177 177
8 43 5 177 177 177
25 43 5 177 177 177
7 43 5 177 177 177
26 43 5 177 177 177
6 43 5 177 177 177
27 43 5 177 177 177
5 43 5 177 177 177
28 43 5 177 177 177
4 43 5 177 177 177
29 43 5 177 177 177
3 43 5 177 177 177
30 43 5 177 177 177
2 43 5 177 177 177
31 43 5 177 177 177
1 43 5 45 45 45
32 43 5 45 45 45
16 44 5 13 29 66
17 44 5 13 29 66
15 44 5 13 29 66
18 44 5 13 29 66
14 44 5 13 29 66
19 44 5 13 29 66
13 44 5 13 29 66
20 44 5 13 29 66
12 44 5 13 29 66
21 44 5 13 29 66
11 44 5 13 29 66
22 44 5 13 29 66
10 44 5 13 29 66
23 44 5 13 29 66
9 44 5 177 177 177
24 44 5 177 177 177
8 44 5 177 177 177
25 44 5 177 177 177
7 44 5 177 177 177
26 44 5 177 177 177
6 44 5 177 177 177
27 44 5 177 177 177
5 44 5 177 177 177
28 44 5 177 177 177
4 44 5 177 177 177
29 44 5 177 177 177
3 44 5 177 177 177
30 44 5 177 177 177
2 44 5 177 177 177
31 44 5 177 177 177
16 45 5 13 29 66
17 45 5 13 29 66
15 45 5 13 29 66
18 45 5 13 29 66
14 45 5 13 29 66
19 45 5 13 29 66
13 45 5 177 177 177
20 45 5 177 177 177
12 45 5 13 29 66
21 45 5 13 29 66
11 45 5 13 29 66
22 45 5 13 29 66
10 45 5 13 29 66
23 45 5 13 29 66
9 45 5 177 177 177
24 45 5 177 177 177
8 45 5 177 177 177
25 45 5 177 177 177
7 45 5 177 177 177
26 45 5 177 177 177
6 45 5 177 177 177
27 45 5 177 177 177
5 45 5 177 177 177
28 45 5 177 177 177
4 45 5 177 177 177
29 45 5 177 177 177
3 45 5 177 177 177
30 45 5 177 177 177
2 45 5 177 177 177
31 45 5 177 177 177
16 46 5 13 29 66
17 46 5 13 29 66
15 46 5 13 29 66
18 46 5 13 29 66
14 46 5 13 29 66
19 46 5 13 29 66
13 46 5 177 177 177
20 46 5 177 177 177
12 46 5 13 29 66
21 46 5 13 29 66
11 46 5 13 29 66
22 46 5 13 29 66
10 46 5 13 29 66
23 46 5 13 29 66
9 46 5 177 177 177
24 46 5 177 177 177
8 46 5 177 177 177
25 46 5 177 177 177
7 46 5 177 177 177
26 46 5 177 177 177
6 46 5 177 177 177
27 46 5 177 177 177
5 46 5 177 177 177
28 46 5 177 177 177
4 46 5 177 177 177
29 46 5 177 177 177
16 47 5 37 37 37
17 47 5 37 37 37
15 47 5 37 37 37
18 47 5 37 37 37
14 47 5 37 37 37
19 47 5 37 37 37
13 47 5 37 37 37
20 47 5 37 37 37
12 47 5 37 37 37
21 47 5 37 37 37
11 47 5 13 29 66
22 47 5 13 29 66
10 47 5 13 29 66
23 47 5 13 29 66
9 47 5 177 177 177
24 47 5 177 177 177
16 31 11 0 106 255
17 31 11 0 106 255
15 33 12 0 106 255
18 33 12 0 106 255
4 47 5 177 177 177
29 47 5 177 177 177
11 48 5 13 29 66
22 48 5 13 29 66
11 51 11 37 37 37
22 51 11 37 37 37
15 1 8 177 177 177
18 1 8 177 177 177
16 12 6 177 177 177
17 12 6 177 177 177
15 12 6 177 177 177
18 12 6 177 177 177
14 12 6 45 45 45
19 12 6 45 45 45
16 13 6 177 177 177
17 13 6 177 177 177
15 13 6 177 177 177
18 13 6 177 177 177
14 13 6 45 45 45
19 13 6 45 45 45
16 14 6 177 177 177
17 14 6 177 177 177
15 14 6 177 177 177
18 14 6 177 177 177
14 14 6 45 45 45
19 14 6 45 45 45
16 15 6 177 177 177
17 15 6 177 177 177
15 15 6 177 177 177
18 15 6 177 177 177
14 15 6 45 45 45
19 15 6 45 45 45
16 16 6 177 177 177
17 16 6 177 177 177
15 16 6 177 177 177
18 16 6 177 177 177
14 16 6 45 45 45
19 16 6 45 45 45
16 17 6 177 177 177
17 17 6 177 177 177
15 17 6 177 177 177
18 17 6 177 177 177
14 17 6 13 29 66
19 17 6 13 29 66
16 18 6 177 177 177
17 18 6 177 177 177
15 18 6 177 177 177
18 18 6 177 177 177
14 18 6 13 29 66
19 18 6 13 29 66
16 19 6 177 177 177
17 19 6 177 177 177
15 19 6 177 177 177
18 19 6 177 177 177
14 19 6 13 29 66
19 19 6 13 29 66
16 20 6 177 177 177
17 20 6 177 177 177
15 20 6 177 177 177
18 20 6 177 177 177
14 20 6 13 29 66
19 20 6 13 29 66
16 21 6 177 177 177
17 21 6 177 177 177
15 21 6 177 177 177
18 21 6 177 177 177
14 21 6 13 29 66
19 21 6 13 29 66
16 22 6 177 177 177
17 22 6 177 177 177
15 22 6 177 177 177
18 22 6 177 177 177
14 22 6 177 177 177
19 22 6 177 177 177
16 23 6 177 177 177
17 23 6 177 177 177
15 23 6 177 177 177
18 23 6 177 177 177
14 23 6 177 177 177
19 23 6 177 177 177
16 24 6 177 177 177
17 24 6 177 177 177
15 24 6 177 177 177
18 24 6 177 177 177
14 24 6 45 45 45
19 24 6 45 45 45
16 25 6 177 177 177
17 25 6 177 177 177
15 25 6 177 177 177
18 25 6 177 177 177
14 25 6 45 45 45
19 25 6 45 45 45
16 26 6 177 177 177
17 26 6 177 177 177
15 26 6 177 177 177
18 26 6 177 177 177
14 26 6 45 45 45
19 26 6 45 45 45
16 27 6 177 177 177
17 27 6 177 177 177
15 27 6 177 177 177
18 27 6 177 177 177
14 27 6 45 45 45
19 27 6 45 45 45
16 28 6 177 177 177
17 28 6 177 177 177
15 28 6 177 177 177
18 28 6 177 177 177
14 28 6 45 45 45
19 28 6 45 45 45
16 29 6 177 177 177
17 29 6 177 177 177
15 29 6 177 177 177
18 29 6 177 177 177
14 29 6 45 45 45
19 29 6 45 45 45
16 30 6 177 177 177
17 30 6 177 177 177
15 30 6 177 177 177
18 30 6 177 177 177
14 30 6 177 177 177
19 30 6 177 177 177
13 30 6 177 177 177
20 30 6 177 177 177
8 48 8 45 45 45
25 48 8 45 45 45
16 31 6 177 177 177
17 31 6 177 177 177
15 31 6 177 177 177
18 31 6 177 177 177
14 31 6 177 177 177
19 31 6 177 177 177
13 31 6 45 45 45
20 31 6 45 45 45
16 32 6 177 177 177
17 32 6 177 177 177
15 32 6 177 177 177
18 32 6 177 177 177
14 32 6 177 177 177
19 32 6 177 177 177
13 32 6 177 177 177
20 32 6 177 177 177
12 32 6 45 45 45
21 32 6 45 45 45
8 49 5 37 37 37
25 49 5 37 37 37
16 33 6 177 177 177
17 33 6 177 177 177
15 33 6 177 177 177
18 33 6 177 177 177
14 33 6 177 177 177
19 33 6 177 177 177
13 33 6 177 177 177
20 33 6 177 177 177
12 33 6 177 177 177
21 33 6 177 177 177
15 13 9 177 177 177
18 13 9 177 177 177
16 34 6 177 177 177
17 34 6 177 177 177
15 34 6 177 177 177
18 34 6 177 177 177
14 34 6 177 177 177
19 34 6 177 177 177
13 34 6 177 177 177
20 34 6 177 177 177
12 34 6 177 177 177
21 34 6 177 177 177
11 34 6 177 177 177
22 34 6 177 177 177
10 34 6 45 45 45
23 34 6 45 45 45
15 4 9 177 177 177
18 4 9 177 177 177
2 34 6 13 29 66
31 34 6 13 29 66
16 13 9 177 177 177
17 13 9 177 177 177
16 35 6 177 177 177
17 35 6 177 177 177
15 35 6 177 177 177
18 35 6 177 177 177
14 35 6 177 177 177
19 35 6 177 177 177
13 35 6 177 177 177
20 35 6 177 177 177
12 35 6 177 177 177
21 35 6 177 177 177
11 35 6 177 177 177
22 35 6 177 177 177
10 35 6 45 45 45
23 35 6 45 45 45
16 4 9 177 177 177
17 4 9 177 177 177
2 35 6 13 29 66
31 35 6 13 29 66
16 36 6 177 177 177
17 36 6 177 177 177
15 36 6 177 177 177
18 36 6 177 177 177
14 36 6 177 177 177
19 36 6 177 177 177
13 36 6 177 177 177
20 36 6 177 177 177
12 36 6 177 177 177
21 36 6 177 177 177
11 36 6 177 177 177
22 36 6 177 177 177
10 36 6 45 45 45
23 36 6 45 45 45
9 48 6 45 45 45
24 48 6 45 45 45
9 48 5 45 45 45
24 48 5 45 45 45
4 48 7 45 45 45
29 48 7 45 45 45
2 36 6 177 177 177
31 36 6 177 177 177
1 36 6 45 45 45
32 36 6 45 45 45
13 29 8 13 29 66
20 29 8 13 29 66
16 37 6 177 177 177
17 37 6 177 177 177
15 37 6 177 177 177
18 37 6 177 177 177
14 37 6 177 177 177
19 37 6 177 177 177
13 37 6 177 177 177
20 37 6 177 177 177
12 37 6 177 177 177
21 37 6 177 177 177
11 37 6 177 177 177
22 37 6 177 177 177
10 37 6 177 177 177
23 37 6 177 177 177
9 37 6 0 46 255
24 37 6 0 46 255
8 37 6 177 177 177
25 37 6 177 177 177
7 37 6 0 46 255
26 37 6 0 46 255
6 37 6 177 177 177
27 37 6 177 177 177
5 37 6 0 46 255
28 37 6 0 46 255
4 37 6 177 177 177
29 37 6 177 177 177
3 37 6 0 46 255
30 37 6 0 46 255
2 37 6 177 177 177
31 37 6 177 177 177
1 37 6 45 45 45
32 37 6 45 45 45
0 37 6 177 177 177
33 37 6 177 177 177
16 38 6 177 177 177
17 38 6 177 177 177
15 38 6 177 177 177
18 38 6 177 177 177
14 38 6 177 177 177
19 38 6 177 177 177
13 38 6 177 177 177
20 38 6 177 177 177
12 38 6 177 177 177
21 38 6 177 177 177
11 38 6 177 177 177
22 38 6 177 177 177
10 38 6 177 177 177
23 38 6 177 177 177
9 38 6 177 177 177
24 38 6 177 177 177
8 38 6 177 177 177
25 38 6 177 177 177
7 38 6 177 177 177
26 38 6 177 177 177
6 38 6 177 177 177
27 38 6 177 177 177
5 38 6 177 177 177
28 38 6 177 177 177
4 38 6 177 177 177
29 38 6 177 177 177
3 38 6 177 177 177
30 38 6 177 177 177
2 38 6 177 177 177
31 38 6 177 177 177
1 38 6 45 45 45
32 38 6 45 45 45
0 38 6 177 177 177
33 38 6 177 177 177
16 39 6 177 177 177
17 39 6 177 177 177
15 39 6 177 177 177
18 39 6 177 177 177
14 39 6 177 177 177
19 39 6 177 177 177
13 39 6 177 177 177
20 39 6 177 177 177
12 39 6 177 177 177
21 39 6 177 177 177
11 39 6 177 177 177
22 39 6 177 177 177
10 39 6 177 177 177
23 39 6 177 177 177
9 39 6 177 177 177
24 39 6 177 177 177
8 39 6 177 177 177
25 39 6 177 177 177
7 39 6 177 177 177
26 39 6 177 177 177
6 39 6 177 177 177
27 39 6 177 177 177
5 39 6 177 177 177
28 39 6 177 177 177
4 39 6 177 177 177
29 39 6 177 177 177
3 39 6 177 177 177
30 39 6 177 177 177
2 39 6 177 177 177
31 39 6 177 177 177
1 39 6 45 45 45
32 39 6 45 45 45
0 39 6 177 177 177
33 39 6 177 177 177
16 40 6 177 177 177
17 40 6 177 177 177
15 40 6 177 177 177
18 40 6 177 177 177
14 40 6 177 177 177
19 40 6 177 177 177
13 40 6 177 177 177
20 40 6 177 177 177
12 40 6 177 177 177
21 40 6 177 177 177
11 40 6 177 177 177
22 40 6 177 177 177
10 40 6 177 177 177
23 40 6 177 177 177
9 40 6 177 177 177
24 40 6 177 177 177
8 40 6 177 177 177
25 40 6 177 177 177
7 40 6 177 177 177
26 40 6 177 177 177
6 40 6 177 177 177
27 40 6 177 177 177
5 40 6 177 177 177
28 40 6 177 177 177
4 40 6 177 177 177
29 40 6 177 177 177
3 40 6 177 177 177
30 40 6 177 177 177
2 40 6 177 177 177
31 40 6 177 177 177
1 40 6 45 45 45
32 40 6 45 45 45
0 40 6 177 177 177
33 40 6 177 177 177
16 41 6 177 177 177
17 41 6 177 177 177
15 41 6 177 177 177
18 41 6 177 177 177
14 41 6 177 177 177
19 41 6 177 177 177
13 41 6 177 177 177
20 41 6 177 177 177
12 41 6 177 177 177
21 41 6 177 177 177
11 41 6 177 177 177
22 41 6 177 177 177
10 41 6 177 177 177
23 41 6 177 177 177
9 41 6 177 177 177
24 41 6 177 177 177
8 41 6 177 177 177
25 41 6 177 177 177
7 41 6 177 177 177
26 41 6 177 177 177
6 41 6 177 177 177
27 41 6 177 177 177
5 41 6 177 177 177
28 41 6 177 177 177
4 41 6 177 177 177
29 41 6 177 177 177
3 41 6 177 177 177
30 41 6 177 177 177
2 41 6 177 177 177
31 41 6 177 177 177
1 41 6 45 45 45
32 41 6 45 45 45
0 41 6 177 177 177
33 41 6 177 177 177
16 42 6 177 177 177
17 42 6 177 177 177
15 42 6 177 177 177
18 42 6 177 177 177
14 42 6 177 177 177
19 42 6 177 177 177
13 42 6 177 177 177
20 42 6 177 177 177
12 42 6 177 177 177
21 42 6 177 177 177
11 42 6 177 177 177
22 42 6 177 177 177
10 42 6 177 177 177
23 42 6 177 177 177
9 42 6 177 177 177
24 42 6 177 177 177
8 42 6 177 177 177
25 42 6 177 177 177
7 42 6 177 177 177
26 42 6 177 177 177
6 42 6 177 177 177
27 42 6 177 177 177
5 42 6 177 177 177
28 42 6 177 177 177
4 42 6 177 177 177
29 42 6 177 177 177
3 42 6 177 177 177
30 42 6 177 177 177
2 42 6 177 177 177
31 42 6 177 177 177
1 42 6 45 45 45
32 42 6 45 45 45
0 42 6 177 177 177
33 42 6 177 177 177
16 43 6 177 177 177
17 43 6 177 177 177
15 43 6 177 177 177
18 43 6 177 177 177
14 43 6 177 177 177
19 43 6 177 177 177
13 43 6 177 177 177
20 43 6 177 177 177
12 43 6 177 177 177
21 43 6 177 177 177
11 43 6 177 177 177
22 43 6 177 177 177
10 43 6 177 177 177
23 43 6 177 177 177
9 43 6 177 177 177
24 43 6 177 177 177
8 43 6 177 177 177
25 43 6 177 177 177
7 43 6 177 177 177
26 43 6 177 177 177
6 43 6 177 177 177
27 43 6 177 177 177
5 43 6 177 177 177
28 43 6 177 177 177
4 43 6 177 177 177
29 43 6 177 177 177
3 43 6 177 177 177
30 43 6 177 177 177
2 43 6 177 177 177
31 43 6 177 177 177
1 43 6 45 45 45
32 43 6 45 45 45
6 49 4 37 37 37
27 49 4 37 37 37
16 44 6 177 177 177
17 44 6 177 177 177
15 44 6 177 177 177
18 44 6 177 177 177
14 44 6 177 177 177
19 44 6 177 177 177
13 44 6 177 177 177
20 44 6 177 177 177
12 44 6 177 177 177
21 44 6 177 177 177
11 44 6 177 177 177
22 44 6 177 177 177
10 44 6 177 177 177
23 44 6 177 177 177
9 44 6 177 177 177
24 44 6 177 177 177
8 44 6 177 177 177
25 44 6 177 177 177
7 44 6 177 177 177
26 44 6 177 177 177
6 44 6 177 177 177
27 44 6 177 177 177
5 44 6 177 177 177
28 44 6 177 177 177
4 44 6 177 177 177
29 44 6 177 177 177
3 44 6 177 177 177
30 44 6 177 177 177
2 44 6 177 177 177
31 44 6 177 177 177
16 45 6 177 177 177
17 45 6 177 177 177
15 45 6 177 177 177
18 45 6 177 177 177
14 45 6 177 177 177
19 45 6 177 177 177
13 45 6 177 177 177
20 45 6 177 177 177
12 45 6 177 177 177
21 45 6 177 177 177
11 45 6 177 177 177
22 45 6 177 177 177
10 45 6 177 177 177
23 45 6 177 177 177
9 45 6 177 177 177
24 45 6 177 177 177
8 45 6 177 177 177
25 45 6 177 177 177
7 45 6 177 177 177
26 45 6 177 177 177
6 45 6 177 177 177
27 45 6 177 177 177
5 45 6 177 177 177
28 45 6 177 177 177
4 45 6 177 177 177
29 45 6 177 177 177
3 45 6 177 177 177
30 45 6 177 177 177
2 45 6 177 177 177
31 45 6 177 177 177
16 46 6 255 50 0
17 46 6 255 50 0
15 46 6 255 50 0
18 46 6 255 50 0
14 46 6 255 50 0
19 46 6 255 50 0
13 46 6 255 50 0
20 46 6 255 50 0
12 46 6 177 177 177
21 46 6 177 177 177
11 46 6 177 177 177
22 46 6 177 177 177
10 46 6 177 177 177
23 46 6 177 177 177
9 46 6 177 177 177
24 46 6 177 177 177
8 46 6 177 177 177
25 46 6 177 177 177
7 46 6 177 177 177
26 46 6 177 177 177
6 46 6 177 177 177
27 46 6 177 177 177
5 46 6 177 177 177
28 46 6 177 177 177
4 46 6 177 177 177
29 46 6 177 177 177
13 48 4 177 177 177
20 48 4 177 177 177
13 47 4 177 177 177
20 47 4 177 177 177
13 46 4 177 177 177
20 46 4 177 177 177
13 45 4 177 177 177
20 45 4 177 177 177
12 47 6 37 37 37
21 47 6 37 37 37
11 47 6 177 177 177
22 47 6 177 177 177
10 47 6 13 29 66
23 47 6 13 29 66
9 47 6 177 177 177
24 47 6 177 177 177
13 54 7 255 50 0
20 54 7 255 50 0
15 1 7 45 45 45
18 1 7 45 45 45
4 47 6 177 177 177
29 47 6 177 177 177
11 48 6 13 29 66
22 48 6 13 29 66
11 50 11 37 37 37
22 50 11 37 37 37
4 42 10 177 177 177
29 42 10 177 177 177
4 41 10 177 177 177
29 41 10 177 177 177
16 0 7 45 45 45
17 0 7 45 45 45
16 1 7 45 45 45
17 1 7 45 45 45
16 2 7 45 45 45
17 2 7 45 45 45
15 2 7 45 45 45
18 2 7 45 45 45
14 2 7 45 45 45
19 2 7 45 45 45
16 3 7 45 45 45
17 3 7 45 45 45
15 3 7 45 45 45
18 3 7 45 45 45
14 3 7 45 45 45
19 3 7 45 45 45
16 4 7 45 45 45
17 4 7 45 45 45
15 4 7 45 45 45
18 4 7 45 45 45
14 4 7 45 45 45
19 4 7 45 45 45
16 5 7 45 45 45
17 5 7 45 45 45
15 5 7 45 45 45
18 5 7 45 45 45
14 5 7 45 45 45
19 5 7 45 45 45
16 6 7 177 177 177
17 6 7 177 177 177
15 6 7 177 177 177
18 6 7 177 177 177
14 6 7 177 177 177
19 6 7 177 177 177
16 7 7 177 177 177
17 7 7 177 177 177
15 7 7 177 177 177
18 7 7 177 177 177
14 7 7 177 177 177
19 7 7 177 177 177
16 8 7 177 177 177
17 8 7 177 177 177
15 8 7 177 177 177
18 8 7 177 177 177
14 8 7 177 177 177
19 8 7 177 177 177
16 9 7 177 177 177
17 9 7 177 177 177
15 9 7 177 177 177
18 9 7 177 177 177
14 9 7 177 177 177
19 9 7 177 177 177
16 10 7 177 177 177
17 10 7 177 177 177
15 10 7 177 177 177
18 10 7 177 177 177
14 10 7 177 177 177
19 10 7 177 177 177
16 11 7 177 177 177
17 11 7 177 177 177
15 11 7 177 177 177
18 11 7 177 177 177
14 11 7 177 177 177
19 11 7 177 177 177
16 12 7 177 177 177
17 12 7 177 177 177
15 12 7 177 177 177
18 12 7 177 177 177
14 12 7 177 177 177
19 12 7 177 177 177
16 13 7 177 177 177
17 13 7 177 177 177
15 13 7 177 177 177
18 13 7 177 177 177
14 13 7 13 29 66
19 13 7 13 29 66
16 14 7 177 177 177
17 14 7 177 177 177
15 14 7 177 177 177
18 14 7 177 177 177
14 14 7 13 29 66
19 14 7 13 29 66
16 15 7 177 177 177
17 15 7 177 177 177
15 15 7 177 177 177
18 15 7 177 177 177
14 15 7 13 29 66
19 15 7 13 29 66
16 16 7 177 177 177
17 16 7 177 177 177
15 16 7 177 177 177
18 16 7 177 177 177
14 16 7 13 29 66
19 16 7 13 29 66
16 17 7 177 177 177
17 17 7 177 177 177
15 17 7 177 177 177
18 17 7 177 177 177
14 17 7 13 29 66
19 17 7 13 29 66
16 18 7 177 177 177
17 18 7 177 177 177
15 18 7 177 177 177
18 18 7 177 177 177
14 18 7 13 29 66
19 18 7 13 29 66
16 19 7 177 177 177
17 19 7 177 177 177
15 19 7 177 177 177
18 19 7 177 177 177
14 19 7 177 177 177
19 19 7 177 177 177
16 20 7 177 177 177
17 20 7 177 177 177
15 20 7 177 177 177
18 20 7 177 177 177
14 20 7 177 177 177
19 20 7 177 177 177
16 21 7 177 177 177
17 21 7 177 177 177
15 21 7 177 177 177
18 21 7 177 177 177
14 21 7 177 177 177
19 21 7 177 177 177
16 22 7 177 177 177
17 22 7 177 177 177
15 22 7 177 177 177
18 22 7 177 177 177
14 22 7 177 177 177
19 22 7 177 177 177
16 23 7 177 177 177
17 23 7 177 177 177
15 23 7 177 177 177
18 23 7 177 177 177
14 23 7 177 177 177
19 23 7 177 177 177
16 24 7 177 177 177
17 24 7 177 177 177
15 24 7 177 177 177
18 24 7 177 177 177
14 24 7 177 177 177
19 24 7 177 177 177
16 25 7 177 177 177
17 25 7 177 177 177
15 25 7 177 177 177
18 25 7 177 177 177
14 25 7 177 177 177
19 25 7 177 177 177
16 26 7 177 177 177
17 26 7 177 177 177
15 26 7 177 177 177
18 26 7 177 177 177
14 26 7 177 177 177
19 26 7 177 177 177
16 27 7 177 177 177
17 27 7 177 177 177
15 27 7 177 177 177
18 27 7 177 177 177
14 27 7 177 177 177
19 27 7 177 177 177
16 28 7 177 177 177
17 28 7 177 177 177
15 28 7 177 177 177
18 28 7 177 177 177
14 28 7 177 177 177
19 28 7 177 177 177
16 29 7 177 177 177
17 29 7 177 177 177
15 29 7 177 177 177
18 29 7 177 177 177
14 29 7 177 177 177
19 29 7 177 177 177
16 30 7 177 177 177
17 30 7 177 177 177
15 30 7 177 177 177
18 30 7 177 177 177
14 30 7 177 177 177
19 30 7 177 177 177
13 30 7 45 45 45
20 30 7 45 45 45
7 48 8 45 45 45
26 48 8 45 45 45
16 31 7 177 177 177
17 31 7 177 177 177
15 31 7 177 177 177
18 31 7 177 177 177
14 31 7 177 177 177
19 31 7 177 177 177
13 31 7 45 45 45
20 31 7 45 45 45
16 32 7 177 177 177
17 32 7 177 177 177
15 32 7 177 177 177
18 32 7 177 177 177
14 32 7 177 177 177
19 32 7 177 177 177
13 32 7 177 177 177
20 32 7 177 177 177
12 32 7 45 45 45
21 32 7 45 45 45
8 48 5 177 177 177
25 48 5 177 177 177
16 33 7 177 177 177
17 33 7 177 177 177
15 33 7 177 177 177
18 33 7 177 177 177
14 33 7 177 177 177
19 33 7 177 177 177
13 33 7 177 177 177
20 33 7 177 177 177
12 33 7 177 177 177
21 33 7 177 177 177
5 49 4 37 37 37
28 49 4 37 37 37
6 51 4 37 37 37
27 51 4 37 37 37
16 34 7 177 177 177
17 34 7 177 177 177
15 34 7 177 177 177
18 34 7 177 177 177
14 34 7 177 177 177
19 34 7 177 177 177
13 34 7 177 177 177
20 34 7 177 177 177
12 34 7 177 177 177
21 34 7 177 177 177
11 34 7 177 177 177
22 34 7 177 177 177
10 34 7 45 45 45
23 34 7 45 45 45
2 34 7 13 29 66
31 34 7 13 29 66
16 35 7 177 177 177
17 35 7 177 177 177
15 35 7 177 177 177
18 35 7 177 177 177
14 35 7 177 177 177
19 35 7 177 177 177
13 35 7 177 177 177
20 35 7 177 177 177
12 35 7 177 177 177
21 35 7 177 177 177
11 35 7 177 177 177
22 35 7 177 177 177
10 35 7 177 177 177
23 35 7 177 177 177
2 35 7 13 29 66
31 35 7 13 29 66
16 36 7 177 177 177
17 36 7 177 177 177
15 36 7 177 177 177
18 36 7 177 177 177
14 36 7 177 177 177
19 36 7 177 177 177
13 36 7 177 177 177
20 36 7 177 177 177
12 36 7 177 177 177
21 36 7 177 177 177
11 36 7 177 177 177
22 36 7 177 177 177
10 36 7 177 177 177
23 36 7 177 177 177
9 36 7 45 45 45
24 36 7 45 45 45
8 36 7 177 177 177
25 36 7 177 177 177
7 36 7 45 45 45
26 36 7 45 45 45
6 36 7 177 177 177
27 36 7 177 177 177
5 36 7 45 45 45
28 36 7 45 45 45
4 36 7 37 37 37
29 36 7 37 37 37
4 48 6 45 45 45
29 48 6 45 45 45
2 36 7 177 177 177
31 36 7 177 177 177
1 36 7 45 45 45
32 36 7 45 45 45
16 37 7 177 177 177
17 37 7 177 177 177
15 37 7 177 177 177
18 37 7 177 177 177
14 37 7 177 177 177
19 37 7 177 177 177
13 37 7 177 177 177
20 37 7 177 177 177
12 37 7 177 177 177
21 37 7 177 177 177
11 37 7 177 177 177
22 37 7 177 177 177
10 37 7 177 177 177
23 37 7 177 177 177
9 37 7 177 177 177
24 37 7 177 177 177
8 37 7 177 177 177
25 37 7 177 177 177
7 37 7 177 177 177
26 37 7 177 177 177
6 37 7 177 177 177
27 37 7 177 177 177
5 37 7 177 177 177
28 37 7 177 177 177
4 37 7 177 177 177
29 37 7 177 177 177
3 37 7 37 37 37
30 37 7 37 37 37
2 37 7 177 177 177
31 37 7 177 177 177
1 37 7 45 45 45
32 37 7 45 45 45
13 29 7 13 29 66
20 29 7 13 29 66
16 38 7 177 177 177
17 38 7 177 177 177
15 38 7 177 177 177
18 38 7 177 177 177
14 38 7 177 177 177
19 38 7 177 177 177
13 38 7 177 177 177
20 38 7 177 177 177
12 38 7 177 177 177
21 38 7 177 177 177
11 38 7 177 177 177
22 38 7 177 177 177
10 38 7 177 177 177
23 38 7 177 177 177
9 38 7 177 177 177
24 38 7 177 177 177
8 38 7 177 177 177
25 38 7 177 177 177
7 38 7 177 177 177
26 38 7 177 177 177
6 38 7 177 177 177
27 38 7 177 177 177
5 38 7 177 177 177
28 38 7 177 177 177
4 38 7 177 177 177
29 38 7 177 177 177
3 38 7 177 177 177
30 38 7 177 177 177
2 38 7 177 177 177
31 38 7 177 177 177
1 38 7 45 45 45
32 38 7 45 45 45
16 39 7 177 177 177
17 39 7 177 177 177
15 39 7 177 177 177
18 39 7 177 177 177
14 39 7 177 177 177
19 39 7 177 177 177
13 39 7 177 177 177
20 39 7 177 177 177
12 39 7 177 177 177
21 39 7 177 177 177
11 39 7 177 177 177
22 39 7 177 177 177
10 39 7 177 177 177
23 39 7 177 177 177
9 39 7 177 177 177
24 39 7 177 177 177
8 39 7 177 177 177
25 39 7 177 177 177
7 39 7 177 177 177
26 39 7 177 177 177
6 39 7 177 177 177
27 39 7 177 177 177
5 39 7 177 177 177
28 39 7 177 177 177
4 39 7 177 177 177
29 39 7 177 177 177
3 39 7 177 177 177
30 39 7 177 177 177
2 39 7 177 177 177
31 39 7 177 177 177
1 39 7 45 45 45
32 39 7 45 45 45
11 33 8 13 29 66
22 33 8 13 29 66
16 40 7 177 177 177
17 40 7 177 177 177
15 40 7 177 177 177
18 40 7 177 177 177
14 40 7 177 177 177
19 40 7 177 177 177
13 40 7 177 177 177
20 40 7 177 177 177
12 40 7 177 177 177
21 40 7 177 177 177
11 40 7 177 177 177
22 40 7 177 177 177
10 40 7 177 177 177
23 40 7 177 177 177
9 40 7 177 177 177
24 40 7 177 177 177
8 40 7 177 177 177
25 40 7 177 177 177
7 40 7 177 177 177
26 40 7 177 177 177
6 40 7 177 177 177
27 40 7 177 177 177
5 40 7 177 177 177
28 40 7 177 177 177
4 40 7 177 177 177
29 40 7 177 177 177
3 40 7 177 177 177
30 40 7 177 177 177
2 40 7 177 177 177
31 40 7 177 177 177
1 40 7 45 45 45
32 40 7 45 45 45
16 41 7 177 177 177
17 41 7 177 177 177
15 41 7 177 177 177
18 41 7 177 177 177
14 41 7 177 177 177
19 41 7 177 177 177
13 41 7 177 177 177
20 41 7 177 177 177
12 41 7 177 177 177
21 41 7 177 177 177
11 41 7 177 177 177
22 41 7 177 177 177
10 41 7 177 177 177
23 41 7 177 177 177
9 41 7 177 177 177
24 41 7 177 177 177
8 41 7 177 177 177
25 41 7 177 177 177
7 41 7 177 177 177
26 41 7 177 177 177
6 41 7 177 177 177
27 41 7 177 177 177
5 41 7 177 177 177
28 41 7 177 177 177
4 41 7 177 177 177
29 41 7 177 177 177
3 41 7 177 177 177
30 41 7 177 177 177
2 41 7 177 177 177
31 41 7 177 177 177
1 41 7 45 45 45
32 41 7 45 45 45
11 33 7 45 45 45
22 33 7 45 45 45
16 42 7 177 177 177
17 42 7 177 177 177
15 42 7 177 177 177
18 42 7 177 177 177
14 42 7 177 177 177
19 42 7 177 177 177
13 42 7 177 177 177
20 42 7 177 177 177
12 42 7 177 177 177
21 42 7 177 177 177
11 42 7 177 177 177
22 42 7 177 177 177
10 42 7 177 177 177
23 42 7 177 177 177
9 42 7 177 177 177
24 42 7 177 177 177
8 42 7 177 177 177
25 42 7 177 177 177
7 42 7 177 177 177
26 42 7 177 177 177
6 42 7 177 177 177
27 42 7 177 177 177
5 42 7 177 177 177
28 42 7 177 177 177
4 42 7 177 177 177
29 42 7 177 177 177
3 42 7 177 177 177
30 42 7 177 177 177
2 42 7 177 177 177
31 42 7 177 177 177
1 42 7 45 45 45
32 42 7 45 45 45
16 43 7 177 177 177
17 43 7 177 177 177
15 43 7 177 177 177
18 43 7 177 177 177
14 43 7 177 177 177
19 43 7 177 177 177
13 43 7 177 177 177
20 43 7 177 177 177
12 43 7 177 177 177
21 43 7 177 177 177
11 43 7 177 177 177
22 43 7 177 177 177
10 43 7 177 177 177
23 43 7 177 177 177
9 43 7 177 177 177
24 43 7 177 177 177
8 43 7 177 177 177
25 43 7 177 177 177
6 43 7 177 177 177
27 43 7 177 177 177
5 43 7 177 177 177
28 43 7 177 177 177
4 43 7 177 177 177
29 43 7 177 177 177
3 43 7 177 177 177
30 43 7 177 177 177
2 43 7 177 177 177
31 43 7 177 177 177
1 43 7 45 45 45
32 43 7 45 45 45
11 33 6 45 45 45
22 33 6 45 45 45
16 44 7 177 177 177
17 44 7 177 177 177
15 44 7 177 177 177
18 44 7 177 177 177
14 44 7 177 177 177
19 44 7 177 177 177
13 44 7 177 177 177
20 44 7 177 177 177
12 44 7 177 177 177
21 44 7 177 177 177
11 44 7 177 177 177
22 44 7 177 177 177
10 44 7 177 177 177
23 44 7 177 177 177
9 44 7 177 177 177
24 44 7 177 177 177
8 44 7 177 177 177
25 44 7 177 177 177
7 44 7 177 177 177
26 44 7 177 177 177
6 44 7 177 177 177
27 44 7 177 177 177
5 44 7 177 177 177
28 44 7 177 177 177
4 44 7 177 177 177
29 44 7 177 177 177
3 44 7 177 177 177
30 44 7 177 177 177
2 44 7 177 177 177
31 44 7 177 177 177
16 45 7 177 177 177
17 45 7 177 177 177
15 45 7 177 177 177
18 45 7 177 177 177
14 45 7 177 177 177
19 45 7 177 177 177
13 45 7 177 177 177
20 45 7 177 177 177
12 45 7 177 177 177
21 45 7 177 177 177
11 45 7 177 177 177
22 45 7 177 177 177
10 45 7 177 177 177
23 45 7 177 177 177
9 45 7 177 177 177
24 45 7 177 177 177
8 45 7 177 177 177
25 45 7 177 177 177
7 45 7 177 177 177
26 45 7 177 177 177
6 45 7 177 177 177
27 45 7 177 177 177
5 45 7 177 177 177
28 45 7 177 177 177
4 45 7 177 177 177
29 45 7 177 177 177
3 45 7 177 177 177
30 45 7 177 177 177
2 45 7 177 177 177
31 45 7 177 177 177
16 46 7 255 50 0
17 46 7 255 50 0
15 46 7 255 50 0
18 46 7 255 50 0
14 46 7 255 50 0
19 46 7 255 50 0
13 46 7 255 50 0
20 46 7 255 50 0
12 46 7 177 177 177
21 46 7 177 177 177
11 46 7 177 177 177
22 46 7 177 177 177
10 46 7 177 177 177
23 46 7 177 177 177
9 46 7 177 177 177
24 46 7 177 177 177
8 46 7 177 177 177
25 46 7 177 177 177
7 46 7 177 177 177
26 46 7 177 177 177
6 46 7 177 177 177
27 46 7 177 177 177
5 46 7 177 177 177
28 46 7 177 177 177
4 46 7 177 177 177
29 46 7 177 177 177
6 40 0 37 37 37
27 40 0 37 37 37
4 40 0 37 37 37
29 40 0 37 37 37
5 38 0 37 37 37
28 38 0 37 37 37
5 40 0 37 37 37
28 40 0 37 37 37
12 47 7 177 177 177
21 47 7 177 177 177
11 47 7 177 177 177
22 47 7 177 177 177
10 47 7 13 29 66
23 47 7 13 29 66
9 47 7 177 177 177
24 47 7 177 177 177
16 32 12 0 106 255
17 32 12 0 106 255
16 30 11 0 106 255
17 30 11 0 106 255
4 47 7 177 177 177
29 47 7 177 177 177
13 49 3 177 177 177
20 49 3 177 177 177
13 48 3 177 177 177
20 48 3 177 177 177
13 47 3 177 177 177
20 47 3 177 177 177
13 46 3 177 177 177
20 46 3 177 177 177
12 48 7 177 177 177
21 48 7 177 177 177
11 48 7 13 29 66
22 48 7 13 29 66
4 40 10 177 177 177
29 40 10 177 177 177
4 39 10 177 177 177
29 39 10 177 177 177
12 49 7 13 29 66
21 49 7 13 29 66
4 38 10 177 177 177
29 38 10 177 177 177
16 0 8 177 177 177
17 0 8 177 177 177
16 1 8 177 177 177
17 1 8 177 177 177
16 2 8 177 177 177
17 2 8 177 177 177
15 2 8 177 177 177
18 2 8 177 177 177
14 2 8 177 177 177
19 2 8 177 177 177
16 3 8 177 177 177
17 3 8 177 177 177
15 3 8 177 177 177
18 3 8 177 177 177
14 3 8 177 177 177
19 3 8 177 177 177
16 4 8 177 177 177
17 4 8 177 177 177
15 4 8 177 177 177
18 4 8 177 177 177
14 4 8 177 177 177
19 4 8 177 177 177
16 5 8 177 177 177
17 5 8 177 177 177
15 5 8 177 177 177
18 5 8 177 177 177
14 5 8 177 177 177
19 5 8 177 177 177
16 6 8 177 177 177
17 6 8 177 177 177
15 6 8 177 177 177
18 6 8 177 177 177
14 6 8 177 177 177
19 6 8 177 177 177
16 7 8 177 177 177
17 7 8 177 177 177
15 7 8 177 177 177
18 7 8 177 177 177
14 7 8 177 177 177
19 7 8 177 177 177
16 8 8 177 177 177
17 8 8 177 177 177
15 8 8 177 177 177
18 8 8 177 177 177
14 8 8 177 177 177
19 8 8 177 177 177
16 9 8 177 177 177
17 9 8 177 177 177
15 9 8 177 177 177
18 9 8 177 177 177
14 9 8 177 177 177
19 9 8 177 177 177
16 10 8 177 177 177
17 10 8 177 177 177
15 10 8 177 177 177
18 10 8 177 177 177
14 10 8 13 29 66
19 10 8 13 29 66
16 11 8 177 177 177
17 11 8 177 177 177
15 11 8 177 177 177
18 11 8 177 177 177
14 11 8 13 29 66
19 11 8 13 29 66
16 12 8 177 177 177
17 12 8 177 177 177
15 12 8 177 177 177
18 12 8 177 177 177
14 12 8 13 29 66
19 12 8 13 29 66
16 13 8 177 177 177
17 13 8 177 177 177
15 13 8 177 177 177
18 13 8 177 177 177
14 13 8 13 29 66
19 13 8 13 29 66
16 14 8 177 177 177
17 14 8 177 177 177
15 14 8 177 177 177
18 14 8 177 177 177
14 14 8 13 29 66
19 14 8 13 29 66
16 15 8 177 177 177
17 15 8 177 177 177
15 15 8 177 177 177
18 15 8 177 177 177
14 15 8 13 29 66
19 15 8 13 29 66
16 16 8 177 177 177
17 16 8 177 177 177
15 16 8 177 177 177
18 16 8 177 177 177
14 16 8 177 177 177
19 16 8 177 177 177
16 17 8 177 177 177
17 17 8 177 177 177
15 17 8 177 177 177
18 17 8 177 177 177
14 17 8 177 177 177
19 17 8 177 177 177
16 18 8 177 177 177
17 18 8 177 177 177
15 18 8 177 177 177
18 18 8 177 177 177
14 18 8 177 177 177
19 18 8 177 177 177
16 19 8 177 177 177
17 19 8 177 177 177
15 19 8 177 177 177
18 19 8 177 177 177
14 19 8 177 177 177
19 19 8 177 177 177
16 20 8 177 177 177
17 20 8 177 177 177
15 20 8 177 177 177
18 20 8 177 177 177
14 20 8 177 177 177
19 20 8 177 177 177
16 21 8 177 177 177
17 21 8 177 177 177
15 21 8 177 177 177
18 21 8 177 177 177
14 21 8 177 177 177
19 21 8 177 177 177
16 22 8 177 177 177
17 22 8 177 177 177
15 22 8 177 177 177
18 22 8 177 177 177
14 22 8 177 177 177
19 22 8 177 177 177
16 23 8 177 177 177
17 23 8 177 177 177
15 23 8 177 177 177
18 23 8 177 177 177
14 23 8 177 177 177
19 23 8 177 177 177
16 24 8 177 177 177
17 24 8 177 177 177
15 24 8 177 177 177
18 24 8 177 177 177
14 24 8 177 177 177
19 24 8 177 177 177
16 25 8 177 177 177
17 25 8 177 177 177
15 25 8 177 177 177
18 25 8 177 177 177
14 25 8 177 177 177
19 25 8 177 177 177
16 26 8 177 177 177
17 26 8 177 177 177
15 26 8 177 177 177
18 26 8 177 177 177
14 26 8 177 177 177
19 26 8 177 177 177
16 27 8 177 177 177
17 27 8 177 177 177
15 27 8 177 177 177
18 27 8 177 177 177
14 27 8 177 177 177
19 27 8 177 177 177
16 28 8 177 177 177
17 28 8 177 177 177
15 28 8 177 177 177
18 28 8 177 177 177
14 28 8 177 177 177
19 28 8 177 177 177
16 29 8 177 177 177
17 29 8 177 177 177
15 29 8 177 177 177
18 29 8 177 177 177
14 29 8 177 177 177
19 29 8 177 177 177
16 30 8 177 177 177
17 30 8 177 177 177
15 30 8 177 177 177
18 30 8 177 177 177
14 30 8 177 177 177
19 30 8 177 177 177
13 30 8 13 29 66
20 30 8 13 29 66
6 48 8 45 45 45
27 48 8 45 45 45
16 31 8 177 177 177
17 31 8 177 177 177
15 31 8 177 177 177
18 31 8 177 177 177
14 31 8 177 177 177
19 31 8 177 177 177
13 31 8 13 29 66
20 31 8 13 29 66
16 32 8 177 177 177
17 32 8 177 177 177
15 32 8 177 177 177
18 32 8 177 177 177
14 32 8 177 177 177
19 32 8 177 177 177
13 32 8 13 29 66
20 32 8 13 29 66
12 32 8 13 29 66
21 32 8 13 29 66
8 47 5 177 177 177
25 47 5 177 177 177
16 33 8 177 177 177
17 33 8 177 177 177
15 33 8 177 177 177
18 33 8 177 177 177
14 33 8 177 177 177
19 33 8 177 177 177
13 33 8 13 29 66
20 33 8 13 29 66
12 33 8 13 29 66
21 33 8 13 29 66
15 12 9 13 29 66
18 12 9 13 29 66
16 34 8 177 177 177
17 34 8 177 177 177
15 34 8 177 177 177
18 34 8 177 177 177
14 34 8 177 177 177
19 34 8 177 177 177
13 34 8 177 177 177
20 34 8 177 177 177
12 34 8 177 177 177
21 34 8 177 177 177
11 34 8 13 29 66
22 34 8 13 29 66
10 34 8 13 29 66
23 34 8 13 29 66
2 34 8 13 29 66
31 34 8 13 29 66
16 12 9 177 177 177
17 12 9 177 177 177
16 35 8 177 177 177
17 35 8 177 177 177
15 35 8 177 177 177
18 35 8 177 177 177
14 35 8 177 177 177
19 35 8 177 177 177
13 35 8 177 177 177
20 35 8 177 177 177
12 35 8 177 177 177
21 35 8 177 177 177
11 35 8 177 177 177
22 35 8 177 177 177
10 35 8 13 29 66
23 35 8 13 29 66
2 35 8 13 29 66
31 35 8 13 29 66
16 36 8 177 177 177
17 36 8 177 177 177
15 36 8 177 177 177
18 36 8 177 177 177
14 36 8 177 177 177
19 36 8 177 177 177
13 36 8 177 177 177
20 36 8 177 177 177
12 36 8 177 177 177
21 36 8 177 177 177
11 36 8 177 177 177
22 36 8 177 177 177
10 36 8 177 177 177
23 36 8 177 177 177
9 36 8 177 177 177
24 36 8 177 177 177
8 36 8 177 177 177
25 36 8 177 177 177
7 36 8 45 45 45
26 36 8 45 45 45
6 36 8 177 177 177
27 36 8 177 177 177
5 36 8 177 177 177
28 36 8 177 177 177
4 36 8 177 177 177
29 36 8 177 177 177
3 36 8 45 45 45
30 36 8 45 45 45
2 36 8 177 177 177
31 36 8 177 177 177
16 37 8 177 177 177
17 37 8 177 177 177
15 37 8 177 177 177
18 37 8 177 177 177
14 37 8 177 177 177
19 37 8 177 177 177
13 37 8 177 177 177
20 37 8 177 177 177
12 37 8 177 177 177
21 37 8 177 177 177
11 37 8 177 177 177
22 37 8 177 177 177
10 37 8 177 177 177
23 37 8 177 177 177
9 37 8 177 177 177
24 37 8 177 177 177
8 37 8 177 177 177
25 37 8 177 177 177
7 37 8 177 177 177
26 37 8 177 177 177
6 37 8 177 177 177
27 37 8 177 177 177
5 37 8 177 177 177
28 37 8 177 177 177
4 37 8 177 177 177
29 37 8 177 177 177
3 37 8 177 177 177
30 37 8 177 177 177
2 37 8 177 177 177
31 37 8 177 177 177
16 38 8 177 177 177
17 38 8 177 177 177
15 38 8 177 177 177
18 38 8 177 177 177
14 38 8 177 177 177
19 38 8 177 177 177
13 38 8 177 177 177
20 38 8 177 177 177
12 38 8 177 177 177
21 38 8 177 177 177
11 38 8 177 177 177
22 38 8 177 177 177
10 38 8 177 177 177
23 38 8 177 177 177
9 38 8 177 177 177
24 38 8 177 177 177
8 38 8 177 177 177
25 38 8 177 177 177
7 38 8 177 177 177
26 38 8 177 177 177
6 38 8 177 177 177
27 38 8 177 177 177
5 38 8 177 177 177
28 38 8 177 177 177
4 38 8 177 177 177
29 38 8 177 177 177
3 38 8 177 177 177
30 38 8 177 177 177
2 38 8 177 177 177
31 38 8 177 177 177
16 39 8 177 177 177
17 39 8 177 177 177
15 39 8 177 177 177
18 39 8 177 177 177
14 39 8 177 177 177
19 39 8 177 177 177
13 39 8 177 177 177
20 39 8 177 177 177
12 39 8 177 177 177
21 39 8 177 177 177
11 39 8 177 177 177
22 39 8 177 177 177
10 39 8 177 177 177
23 39 8 177 177 177
9 39 8 177 177 177
24 39 8 177 177 177
8 39 8 177 177 177
25 39 8 177 177 177
7 39 8 177 177 177
26 39 8 177 177 177
6 39 8 177 177 177
27 39 8 177 177 177
5 39 8 177 177 177
28 39 8 177 177 177
4 39 8 177 177 177
29 39 8 177 177 177
3 39 8 177 177 177
30 39 8 177 177 177
2 39 8 177 177 177
31 39 8 177 177 177
4 45 10 177 177 177
29 45 10 177 177 177
16 40 8 177 177 177
17 40 8 177 177 177
15 40 8 177 177 177
18 40 8 177 177 177
14 40 8 177 177 177
19 40 8 177 177 177
13 40 8 177 177 177
20 40 8 177 177 177
12 40 8 177 177 177
21 40 8 177 177 177
11 40 8 177 177 177
22 40 8 177 177 177
10 40 8 177 177 177
23 40 8 177 177 177
9 40 8 177 177 177
24 40 8 177 177 177
8 40 8 177 177 177
25 40 8 177 177 177
7 40 8 177 177 177
26 40 8 177 177 177
6 40 8 177 177 177
27 40 8 177 177 177
5 40 8 177 177 177
28 40 8 177 177 177
4 40 8 177 177 177
29 40 8 177 177 177
3 40 8 177 177 177
30 40 8 177 177 177
2 40 8 177 177 177
31 40 8 177 177 177
16 41 8 177 177 177
17 41 8 177 177 177
15 41 8 177 177 177
18 41 8 177 177 177
14 41 8 177 177 177
19 41 8 177 177 177
13 41 8 177 177 177
20 41 8 177 177 177
12 41 8 177 177 177
21 41 8 177 177 177
11 41 8 177 177 177
22 41 8 177 177 177
10 41 8 177 177 177
23 41 8 177 177 177
9 41 8 177 177 177
24 41 8 177 177 177
8 41 8 177 177 177
25 41 8 177 177 177
7 41 8 177 177 177
26 41 8 177 177 177
6 41 8 177 177 177
27 41 8 177 177 177
5 41 8 177 177 177
28 41 8 177 177 177
4 41 8 177 177 177
29 41 8 177 177 177
3 41 8 177 177 177
30 41 8 177 177 177
2 41 8 177 177 177
31 41 8 177 177 177
16 42 8 177 177 177
17 42 8 177 177 177
15 42 8 177 177 177
18 42 8 177 177 177
14 42 8 177 177 177
19 42 8 177 177 177
13 42 8 177 177 177
20 42 8 177 177 177
12 42 8 177 177 177
21 42 8 177 177 177
11 42 8 177 177 177
22 42 8 177 177 177
10 42 8 45 45 45
23 42 8 45 45 45
15 30 11 0 106 255
18 30 11 0 106 255
15 37 13 45 45 45
18 37 13 45 45 45
15 35 13 45 45 45
18 35 13 45 45 45
15 34 13 45 45 45
18 34 13 45 45 45
5 42 8 177 177 177
28 42 8 177 177 177
4 42 8 177 177 177
29 42 8 177 177 177
3 42 8 177 177 177
30 42 8 177 177 177
2 42 8 177 177 177
31 42 8 177 177 177
15 41 12 45 45 45
18 41 12 45 45 45
16 43 8 177 177 177
17 43 8 177 177 177
15 43 8 177 177 177
18 43 8 177 177 177
14 43 8 177 177 177
19 43 8 177 177 177
13 43 8 177 177 177
20 43 8 177 177 177
12 43 8 177 177 177
21 43 8 177 177 177
11 43 8 177 177 177
22 43 8 177 177 177
10 43 8 45 45 45
23 43 8 45 45 45
9 43 8 45 45 45
24 43 8 45 45 45
5 43 8 177 177 177
28 43 8 177 177 177
4 43 8 177 177 177
29 43 8 177 177 177
3 43 8 45 45 45
30 43 8 45 45 45
2 43 8 177 177 177
31 43 8 177 177 177
16 44 8 177 177 177
17 44 8 177 177 177
15 44 8 177 177 177
18 44 8 177 177 177
14 44 8 177 177 177
19 44 8 177 177 177
13 44 8 177 177 177
20 44 8 177 177 177
12 44 8 177 177 177
21 44 8 177 177 177
11 44 8 177 177 177
22 44 8 177 177 177
10 44 8 45 45 45
23 44 8 45 45 45
9 44 8 45 45 45
24 44 8 45 45 45
8 44 8 45 45 45
25 44 8 45 45 45
16 29 11 0 106 255
17 29 11 0 106 255
15 36 13 45 45 45
18 36 13 45 45 45
5 44 8 177 177 177
28 44 8 177 177 177
4 44 8 177 177 177
29 44 8 177 177 177
3 44 8 45 45 45
30 44 8 45 45 45
2 44 8 177 177 177
31 44 8 177 177 177
16 45 8 177 177 177
17 45 8 177 177 177
15 45 8 177 177 177
18 45 8 177 177 177
14 45 8 177 177 177
19 45 8 177 177 177
13 45 8 177 177 177
20 45 8 177 177 177
12 45 8 177 177 177
21 45 8 177 177 177
11 45 8 177 177 177
22 45 8 177 177 177
10 45 8 45 45 45
23 45 8 45 45 45
9 45 8 45 45 45
24 45 8 45 45 45
8 45 8 45 45 45
25 45 8 45 45 45
7 45 8 45 45 45
26 45 8 45 45 45
5 45 8 177 177 177
28 45 8 177 177 177
4 45 8 177 177 177
29 45 8 177 177 177
3 45 8 177 177 177
30 45 8 177 177 177
2 45 8 177 177 177
31 45 8 177 177 177
16 46 8 177 177 177
17 46 8 177 177 177
15 46 8 177 177 177
18 46 8 177 177 177
14 46 8 177 177 177
19 46 8 177 177 177
13 46 8 177 177 177
20 46 8 177 177 177
12 46 8 177 177 177
21 46 8 177 177 177
11 46 8 177 177 177
22 46 8 177 177 177
10 46 8 45 45 45
23 46 8 45 45 45
9 46 8 45 45 45
24 46 8 45 45 45
8 46 8 45 45 45
25 46 8 45 45 45
7 46 8 45 45 45
26 46 8 45 45 45
6 46 8 45 45 45
27 46 8 45 45 45
5 46 8 177 177 177
28 46 8 177 177 177
4 46 8 177 177 177
29 46 8 177 177 177
16 47 8 177 177 177
17 47 8 177 177 177
15 47 8 177 177 177
18 47 8 177 177 177
14 47 8 177 177 177
19 47 8 177 177 177
13 47 8 177 177 177
20 47 8 177 177 177
12 47 8 177 177 177
21 47 8 177 177 177
11 47 8 177 177 177
22 47 8 177 177 177
10 47 8 45 45 45
23 47 8 45 45 45
9 47 8 45 45 45
24 47 8 45 45 45
8 47 8 45 45 45
25 47 8 45 45 45
7 47 8 45 45 45
26 47 8 45 45 45
6 47 8 45 45 45
27 47 8 45 45 45
5 47 8 45 45 45
28 47 8 45 45 45
4 47 8 177 177 177
29 47 8 177 177 177
16 48 8 13 29 66
17 48 8 13 29 66
15 48 8 13 29 66
18 48 8 13 29 66
14 48 8 13 29 66
19 48 8 13 29 66
13 48 8 13 29 66
20 48 8 13 29 66
12 48 8 13 29 66
21 48 8 13 29 66
11 48 8 13 29 66
22 48 8 13 29 66
16 49 8 13 29 66
17 49 8 13 29 66
15 49 8 13 29 66
18 49 8 13 29 66
14 49 8 13 29 66
19 49 8 13 29 66
13 49 8 13 29 66
20 49 8 13 29 66
12 49 8 13 29 66
21 49 8 13 29 66
16 35 12 0 106 255
17 35 12 0 106 255
11 43 9 45 45 45
22 43 9 45 45 45
16 22 9 177 177 177
17 22 9 177 177 177
16 23 9 177 177 177
17 23 9 177 177 177
15 2 6 45 45 45
18 2 6 45 45 45
16 24 9 177 177 177
17 24 9 177 177 177
15 24 9 177 177 177
18 24 9 177 177 177
16 25 9 177 177 177
17 25 9 177 177 177
15 25 9 177 177 177
18 25 9 177 177 177
14 25 9 177 177 177
19 25 9 177 177 177
16 26 9 177 177 177
17 26 9 177 177 177
15 26 9 177 177 177
18 26 9 177 177 177
14 26 9 177 177 177
19 26 9 177 177 177
16 27 9 177 177 177
17 27 9 177 177 177
15 27 9 177 177 177
18 27 9 177 177 177
14 27 9 177 177 177
19 27 9 177 177 177
16 28 9 177 177 177
17 28 9 177 177 177
15 28 9 177 177 177
18 28 9 177 177 177
14 28 9 177 177 177
19 28 9 177 177 177
16 29 9 177 177 177
17 29 9 177 177 177
15 29 9 177 177 177
18 29 9 177 177 177
14 29 9 177 177 177
19 29 9 177 177 177
16 30 9 177 177 177
17 30 9 177 177 177
15 30 9 177 177 177
18 30 9 177 177 177
14 30 9 177 177 177
19 30 9 177 177 177
16 31 9 177 177 177
17 31 9 177 177 177
15 31 9 177 177 177
18 31 9 177 177 177
14 31 9 177 177 177
19 31 9 177 177 177
16 32 9 177 177 177
17 32 9 177 177 177
15 32 9 177 177 177
18 32 9 177 177 177
14 32 9 177 177 177
19 32 9 177 177 177
16 33 9 177 177 177
17 33 9 177 177 177
15 33 9 177 177 177
18 33 9 177 177 177
14 33 9 177 177 177
19 33 9 177 177 177
15 16 9 177 177 177
18 16 9 177 177 177
16 16 9 177 177 177
17 16 9 177 177 177
16 34 9 177 177 177
17 34 9 177 177 177
15 34 9 177 177 177
18 34 9 177 177 177
14 34 9 177 177 177
19 34 9 177 177 177
13 34 9 45 45 45
20 34 9 45 45 45
12 34 9 45 45 45
21 34 9 45 45 45
15 7 9 177 177 177
18 7 9 177 177 177
16 7 9 13 29 66
17 7 9 13 29 66
15 15 9 177 177 177
18 15 9 177 177 177
16 15 9 177 177 177
17 15 9 177 177 177
15 14 9 177 177 177
18 14 9 177 177 177
16 14 9 177 177 177
17 14 9 177 177 177
16 35 9 177 177 177
17 35 9 177 177 177
15 35 9 177 177 177
18 35 9 177 177 177
14 35 9 45 45 45
19 35 9 45 45 45
13 35 9 45 45 45
20 35 9 45 45 45
12 35 9 45 45 45
21 35 9 45 45 45
15 6 9 177 177 177
18 6 9 177 177 177
16 6 9 177 177 177
17 6 9 177 177 177
15 5 9 177 177 177
18 5 9 177 177 177
16 5 9 177 177 177
17 5 9 177 177 177
16 36 9 177 177 177
17 36 9 177 177 177
15 36 9 177 177 177
18 36 9 177 177 177
14 36 9 45 45 45
19 36 9 45 45 45
13 36 9 45 45 45
20 36 9 45 45 45
12 36 9 45 45 45
21 36 9 45 45 45
9 36 9 177 177 177
24 36 9 177 177 177
8 36 9 177 177 177
25 36 9 177 177 177
7 36 9 177 177 177
26 36 9 177 177 177
6 36 9 177 177 177
27 36 9 177 177 177
5 36 9 177 177 177
28 36 9 177 177 177
4 36 9 177 177 177
29 36 9 177 177 177
3 36 9 177 177 177
30 36 9 177 177 177
16 37 9 177 177 177
17 37 9 177 177 177
15 37 9 177 177 177
18 37 9 177 177 177
14 37 9 45 45 45
19 37 9 45 45 45
13 37 9 45 45 45
20 37 9 45 45 45
12 37 9 45 45 45
21 37 9 45 45 45
9 37 9 177 177 177
24 37 9 177 177 177
8 37 9 177 177 177
25 37 9 177 177 177
7 37 9 177 177 177
26 37 9 177 177 177
6 37 9 177 177 177
27 37 9 177 177 177
5 37 9 177 177 177
28 37 9 177 177 177
4 37 9 177 177 177
29 37 9 177 177 177
3 37 9 177 177 177
30 37 9 177 177 177
16 38 9 177 177 177
17 38 9 177 177 177
15 38 9 177 177 177
18 38 9 177 177 177
14 38 9 45 45 45
19 38 9 45 45 45
13 38 9 45 45 45
20 38 9 45 45 45
12 38 9 45 45 45
21 38 9 45 45 45
9 38 9 177 177 177
24 38 9 177 177 177
8 38 9 177 177 177
25 38 9 177 177 177
7 38 9 177 177 177
26 38 9 177 177 177
6 38 9 177 177 177
27 38 9 177 177 177
5 38 9 177 177 177
28 38 9 177 177 177
4 38 9 177 177 177
29 38 9 177 177 177
3 38 9 177 177 177
30 38 9 177 177 177
16 39 9 177 177 177
17 39 9 177 177 177
15 39 9 177 177 177
18 39 9 177 177 177
14 39 9 45 45 45
19 39 9 45 45 45
13 39 9 45 45 45
20 39 9 45 45 45
12 39 9 37 37 37
21 39 9 37 37 37
9 39 9 177 177 177
24 39 9 177 177 177
8 39 9 177 177 177
25 39 9 177 177 177
7 39 9 177 177 177
26 39 9 177 177 177
6 39 9 177 177 177
27 39 9 177 177 177
5 39 9 177 177 177
28 39 9 177 177 177
4 39 9 177 177 177
29 39 9 177 177 177
3 39 9 177 177 177
30 39 9 177 177 177
16 40 9 177 177 177
17 40 9 177 177 177
15 40 9 177 177 177
18 40 9 177 177 177
14 40 9 45 45 45
19 40 9 45 45 45
7 40 9 177 177 177
26 40 9 177 177 177
6 40 9 177 177 177
27 40 9 177 177 177
5 40 9 177 177 177
28 40 9 177 177 177
4 40 9 177 177 177
29 40 9 177 177 177
3 40 9 177 177 177
30 40 9 177 177 177
16 41 9 177 177 177
17 41 9 177 177 177
15 41 9 177 177 177
18 41 9 177 177 177
14 41 9 45 45 45
19 41 9 45 45 45
7 41 9 177 177 177
26 41 9 177 177 177
6 41 9 177 177 177
27 41 9 177 177 177
5 41 9 177 177 177
28 41 9 177 177 177
4 41 9 177 177 177
29 41 9 177 177 177
3 41 9 177 177 177
30 41 9 177 177 177
4 44 10 177 177 177
29 44 10 177 177 177
16 42 9 177 177 177
17 42 9 177 177 177
15 42 9 177 177 177
18 42 9 177 177 177
14 42 9 45 45 45
19 42 9 45 45 45
5 42 9 177 177 177
28 42 9 177 177 177
4 42 9 45 45 45
29 42 9 45 45 45
16 43 9 177 177 177
17 43 9 177 177 177
15 43 9 177 177 177
18 43 9 177 177 177
14 43 9 45 45 45
19 43 9 45 45 45
5 43 9 177 177 177
28 43 9 177 177 177
4 43 9 45 45 45
29 43 9 45 45 45
16 44 9 177 177 177
17 44 9 177 177 177
15 44 9 177 177 177
18 44 9 177 177 177
14 44 9 45 45 45
19 44 9 45 45 45
11 44 9 45 45 45
22 44 9 45 45 45
5 44 9 177 177 177
28 44 9 177 177 177
4 44 9 45 45 45
29 44 9 45 45 45
16 45 9 177 177 177
17 45 9 177 177 177
15 45 9 177 177 177
18 45 9 177 177 177
14 45 9 45 45 45
19 45 9 45 45 45
11 45 9 45 45 45
22 45 9 45 45 45
11 42 9 45 45 45
22 42 9 45 45 45
5 45 9 177 177 177
28 45 9 177 177 177
4 45 9 45 45 45
29 45 9 45 45 45
16 46 9 177 177 177
17 46 9 177 177 177
15 46 9 177 177 177
18 46 9 177 177 177
14 46 9 45 45 45
19 46 9 45 45 45
11 46 9 45 45 45
22 46 9 45 45 45
16 47 9 45 45 45
17 47 9 45 45 45
15 47 9 45 45 45
18 47 9 45 45 45
15 44 11 45 45 45
18 44 11 45 45 45
11 47 9 45 45 45
22 47 9 45 45 45
11 48 9 45 45 45
22 48 9 45 45 45
11 49 9 45 45 45
22 49 9 45 45 45
11 41 9 45 45 45
22 41 9 45 45 45
16 22 10 45 45 45
17 22 10 45 45 45
16 23 10 45 45 45
17 23 10 45 45 45
16 2 6 45 45 45
17 2 6 45 45 45
16 24 10 45 45 45
17 24 10 45 45 45
15 24 10 177 177 177
18 24 10 177 177 177
16 3 9 177 177 177
17 3 9 177 177 177
16 25 10 45 45 45
17 25 10 45 45 45
15 25 10 177 177 177
18 25 10 177 177 177
14 24 9 177 177 177
19 24 9 177 177 177
16 26 10 45 45 45
17 26 10 45 45 45
15 26 10 177 177 177
18 26 10 177 177 177
16 27 10 45 45 45
17 27 10 45 45 45
15 27 10 177 177 177
18 27 10 177 177 177
15 2 9 177 177 177
18 2 9 177 177 177
16 28 10 45 45 45
17 28 10 45 45 45
15 28 10 177 177 177
18 28 10 177 177 177
16 2 9 177 177 177
17 2 9 177 177 177
16 29 10 177 177 177
17 29 10 177 177 177
15 29 10 45 45 45
18 29 10 45 45 45
16 1 9 177 177 177
17 1 9 177 177 177
16 30 10 177 177 177
17 30 10 177 177 177
15 30 10 45 45 45
18 30 10 45 45 45
16 31 10 196 205 255
17 31 10 196 205 255
15 31 10 45 45 45
18 31 10 45 45 45
15 3 9 177 177 177
18 3 9 177 177 177
16 32 10 177 177 177
17 32 10 177 177 177
15 32 10 177 177 177
18 32 10 177 177 177
14 32 10 45 45 45
19 32 10 45 45 45
16 33 10 177 177 177
17 33 10 177 177 177
15 33 10 177 177 177
18 33 10 177 177 177
14 33 10 177 177 177
19 33 10 177 177 177
16 34 10 177 177 177
17 34 10 177 177 177
15 34 10 177 177 177
18 34 10 177 177 177
14 34 10 177 177 177
19 34 10 177 177 177
13 34 10 45 45 45
20 34 10 45 45 45
15 18 9 177 177 177
18 18 9 177 177 177
3 34 9 13 29 66
30 34 9 13 29 66
3 35 9 13 29 66
30 35 9 13 29 66
6 34 9 13 29 66
27 34 9 13 29 66
6 35 9 13 29 66
27 35 9 13 29 66
7 34 9 13 29 66
26 34 9 13 29 66
5 34 9 13 29 66
28 34 9 13 29 66
7 35 9 13 29 66
26 35 9 13 29 66
5 35 9 13 29 66
28 35 9 13 29 66
16 35 10 177 177 177
17 35 10 177 177 177
15 35 10 177 177 177
18 35 10 177 177 177
14 35 10 45 45 45
19 35 10 45 45 45
13 35 10 45 45 45
20 35 10 45 45 45
16 18 9 45 45 45
17 18 9 45 45 45
8 34 9 13 29 66
25 34 9 13 29 66
4 34 9 13 29 66
29 34 9 13 29 66
8 35 9 13 29 66
25 35 9 13 29 66
4 35 9 13 29 66
29 35 9 13 29 66
9 34 9 13 29 66
24 34 9 13 29 66
9 35 9 13 29 66
24 35 9 13 29 66
15 31 11 0 106 255
18 31 11 0 106 255
16 36 10 177 177 177
17 36 10 177 177 177
15 36 10 177 177 177
18 36 10 177 177 177
14 36 10 45 45 45
19 36 10 45 45 45
13 36 10 45 45 45
20 36 10 45 45 45
16 37 12 45 45 45
17 37 12 45 45 45
16 19 9 45 45 45
17 19 9 45 45 45
13 52 7 255 50 0
20 52 7 255 50 0
16 37 10 177 177 177
17 37 10 177 177 177
15 37 10 177 177 177
18 37 10 177 177 177
14 37 10 45 45 45
19 37 10 45 45 45
13 37 10 45 45 45
20 37 10 45 45 45
15 36 12 45 45 45
18 36 12 45 45 45
15 39 12 37 37 37
18 39 12 37 37 37
16 38 10 177 177 177
17 38 10 177 177 177
15 38 10 177 177 177
18 38 10 177 177 177
14 38 10 45 45 45
19 38 10 45 45 45
13 38 10 45 45 45
20 38 10 45 45 45
15 17 9 177 177 177
18 17 9 177 177 177
16 36 12 45 45 45
17 36 12 45 45 45
16 39 12 37 37 37
17 39 12 37 37 37
16 39 10 177 177 177
17 39 10 177 177 177
15 39 10 177 177 177
18 39 10 177 177 177
14 39 10 45 45 45
19 39 10 45 45 45
13 39 10 37 37 37
20 39 10 37 37 37
16 17 9 45 45 45
17 17 9 45 45 45
15 23 9 177 177 177
18 23 9 177 177 177
15 19 9 177 177 177
18 19 9 177 177 177
16 40 10 177 177 177
17 40 10 177 177 177
15 40 10 177 177 177
18 40 10 177 177 177
14 40 10 45 45 45
19 40 10 45 45 45
16 20 9 45 45 45
17 20 9 45 45 45
15 38 12 45 45 45
18 38 12 45 45 45
16 41 10 177 177 177
17 41 10 177 177 177
15 41 10 177 177 177
18 41 10 177 177 177
14 41 10 45 45 45
19 41 10 45 45 45
15 35 12 45 45 45
18 35 12 45 45 45
16 38 12 45 45 45
17 38 12 45 45 45
16 42 10 177 177 177
17 42 10 177 177 177
15 42 10 177 177 177
18 42 10 177 177 177
14 42 10 45 45 45
19 42 10 45 45 45
16 43 10 177 177 177
17 43 10 177 177 177
15 43 10 177 177 177
18 43 10 177 177 177
14 43 10 37 37 37
19 43 10 37 37 37
16 44 10 177 177 177
17 44 10 177 177 177
15 44 10 177 177 177
18 44 10 177 177 177
14 44 10 45 45 45
19 44 10 45 45 45
4 43 10 177 177 177
29 43 10 177 177 177
16 45 10 45 45 45
17 45 10 45 45 45
15 45 10 45 45 45
18 45 10 45 45 45
14 45 10 45 45 45
19 45 10 45 45 45
11 45 10 45 45 45
22 45 10 45 45 45
8 35 6 37 37 37
25 35 6 37 37 37
16 42 11 45 45 45
17 42 11 45 45 45
16 46 10 45 45 45
17 46 10 45 45 45
15 46 10 45 45 45
18 46 10 45 45 45
15 43 11 37 37 37
18 43 11 37 37 37
11 46 10 45 45 45
22 46 10 45 45 45
16 43 11 37 37 37
17 43 11 37 37 37
15 42 11 45 45 45
18 42 11 45 45 45
16 44 11 45 45 45
17 44 11 45 45 45
11 47 10 45 45 45
22 47 10 45 45 45
11 48 10 45 45 45
22 48 10 45 45 45
11 49 10 45 45 45
22 49 10 45 45 45
8 34 6 37 37 37
25 34 6 37 37 37
16 32 11 0 106 255
17 32 11 0 106 255
15 32 11 0 106 255
18 32 11 0 106 255
14 32 11 45 45 45
19 32 11 45 45 45
16 33 11 0 106 255
17 33 11 0 106 255
15 33 11 0 106 255
18 33 11 0 106 255
14 33 11 45 45 45
19 33 11 45 45 45
16 34 11 0 106 255
17 34 11 0 106 255
15 34 11 0 106 255
18 34 11 0 106 255
14 34 11 45 45 45
19 34 11 45 45 45
16 35 11 177 177 177
17 35 11 177 177 177
15 35 11 177 177 177
18 35 11 177 177 177
14 35 11 45 45 45
19 35 11 45 45 45
16 36 11 177 177 177
17 36 11 177 177 177
15 36 11 177 177 177
18 36 11 177 177 177
14 36 11 45 45 45
19 36 11 45 45 45
16 37 11 177 177 177
17 37 11 177 177 177
15 37 11 177 177 177
18 37 11 177 177 177
14 37 11 45 45 45
19 37 11 45 45 45
16 38 11 177 177 177
17 38 11 177 177 177
15 38 11 177 177 177
18 38 11 177 177 177
14 38 11 45 45 45
19 38 11 45 45 45
16 39 11 177 177 177
17 39 11 177 177 177
15 39 11 177 177 177
18 39 11 177 177 177
14 39 11 37 37 37
19 39 11 37 37 37
16 40 11 177 177 177
17 40 11 177 177 177
15 40 11 177 177 177
18 40 11 177 177 177
14 40 11 45 45 45
19 40 11 45 45 45
16 41 11 177 177 177
17 41 11 177 177 177
15 41 11 177 177 177
18 41 11 177 177 177
14 41 11 45 45 45
19 41 11 45 45 45
16 41 12 45 45 45
17 41 12 45 45 45
16 21 9 45 45 45
17 21 9 45 45 45
15 40 12 45 45 45
18 40 12 45 45 45
11 46 11 37 37 37
22 46 11 37 37 37
11 47 11 37 37 37
22 47 11 37 37 37
11 48 11 37 37 37
22 48 11 37 37 37
11 49 11 37 37 37
22 49 11 37 37 37
8 33 6 37 37 37
25 33 6 37 37 37
6 47 6 177 177 177
27 47 6 177 177 177
6 48 6 177 177 177
27 48 6 177 177 177
6 49 6 255 50 0
27 49 6 255 50 0
8 47 4 177 177 177
25 47 4 177 177 177
8 48 7 177 177 177
25 48 7 177 177 177
5 47 6 177 177 177
28 47 6 177 177 177
5 48 6 177 177 177
28 48 6 177 177 177
5 49 6 37 37 37
28 49 6 37 37 37
5 50 6 37 37 37
28 50 6 37 37 37
5 51 6 37 37 37
28 51 6 37 37 37
7 47 6 177 177 177
26 47 6 177 177 177
7 48 6 177 177 177
26 48 6 177 177 177
7 49 6 255 50 0
26 49 6 255 50 0
7 51 4 37 37 37
26 51 4 37 37 37
8 51 5 37 37 37
25 51 5 37 37 37
6 47 5 177 177 177
27 47 5 177 177 177
6 48 5 177 177 177
27 48 5 177 177 177
6 49 5 255 50 0
27 49 5 255 50 0
7 50 4 37 37 37
26 50 4 37 37 37
8 49 4 37 37 37
25 49 4 37 37 37
6 47 7 177 177 177
27 47 7 177 177 177
6 48 7 177 177 177
27 48 7 177 177 177
6 49 7 37 37 37
27 49 7 37 37 37
6 50 7 37 37 37
27 50 7 37 37 37
6 51 7 37 37 37
27 51 7 37 37 37
5 47 5 177 177 177
28 47 5 177 177 177
5 48 5 177 177 177
28 48 5 177 177 177
5 49 5 37 37 37
28 49 5 37 37 37
5 50 5 37 37 37
28 50 5 37 37 37
5 51 5 37 37 37
28 51 5 37 37 37
5 47 7 177 177 177
28 47 7 177 177 177
5 48 7 177 177 177
28 48 7 177 177 177
5 49 7 37 37 37
28 49 7 37 37 37
7 47 4 177 177 177
26 47 4 177 177 177
7 48 4 37 37 37
26 48 4 37 37 37
8 47 6 177 177 177
25 47 6 177 177 177
8 48 6 177 177 177
25 48 6 177 177 177
8 49 6 37 37 37
25 49 6 37 37 37
8 50 6 37 37 37
25 50 6 37 37 37
8 51 6 37 37 37
25 51 6 37 37 37
7 47 5 177 177 177
26 47 5 177 177 177
7 48 5 177 177 177
26 48 5 177 177 177
7 49 5 255 50 0
26 49 5 255 50 0
7 49 4 37 37 37
26 49 4 37 37 37
8 48 4 37 37 37
25 48 4 37 37 37
7 47 7 177 177 177
26 47 7 177 177 177
7 48 7 177 177 177
26 48 7 177 177 177
7 49 7 37 37 37
26 49 7 37 37 37
7 50 7 37 37 37
26 50 7 37 37 37
7 51 7 37 37 37
26 51 7 37 37 37
6 47 4 177 177 177
27 47 4 177 177 177
6 48 4 37 37 37
27 48 4 37 37 37
2 36 2 13 29 66
31 36 2 13 29 66
3 36 2 13 29 66
30 36 2 13 29 66
4 36 2 13 29 66
29 36 2 13 29 66
5 36 2 13 29 66
28 36 2 13 29 66
6 36 2 13 29 66
27 36 2 13 29 66
7 36 2 13 29 66
26 36 2 13 29 66
8 36 2 13 29 66
25 36 2 13 29 66
9 36 2 13 29 66
24 36 2 13 29 66
2 37 2 13 29 66
31 37 2 13 29 66
3 37 2 13 29 66
30 37 2 13 29 66
4 37 2 45 45 45
29 37 2 45 45 45
5 37 2 45 45 45
28 37 2 45 45 45
6 37 2 45 45 45
27 37 2 45 45 45
7 37 2 13 29 66
26 37 2 13 29 66
8 37 2 13 29 66
25 37 2 13 29 66
9 37 2 13 29 66
24 37 2 13 29 66
2 38 2 13 29 66
31 38 2 13 29 66
3 38 2 13 29 66
30 38 2 13 29 66
4 38 2 45 45 45
29 38 2 45 45 45
5 38 2 45 45 45
28 38 2 45 45 45
6 38 2 45 45 45
27 38 2 45 45 45
7 38 2 13 29 66
26 38 2 13 29 66
8 38 2 13 29 66
25 38 2 13 29 66
9 38 2 13 29 66
24 38 2 13 29 66
2 39 2 13 29 66
31 39 2 13 29 66
3 39 2 13 29 66
30 39 2 13 29 66
4 39 2 45 45 45
29 39 2 45 45 45
5 39 2 45 45 45
28 39 2 45 45 45
6 39 2 45 45 45
27 39 2 45 45 45
7 39 2 13 29 66
26 39 2 13 29 66
8 39 2 13 29 66
25 39 2 13 29 66
9 39 2 13 29 66
24 39 2 13 29 66
2 40 2 13 29 66
31 40 2 13 29 66
3 40 2 13 29 66
30 40 2 13 29 66
4 40 2 45 45 45
29 40 2 45 45 45
5 40 2 45 45 45
28 40 2 45 45 45
6 40 2 45 45 45
27 40 2 45 45 45
7 40 2 13 29 66
26 40 2 13 29 66
8 40 2 13 29 66
25 40 2 13 29 66
9 40 2 13 29 66
24 40 2 13 29 66
2 41 2 13 29 66
31 41 2 13 29 66
3 41 2 13 29 66
30 41 2 13 29 66
4 41 2 45 45 45
29 41 2 45 45 45
5 41 2 45 45 45
28 41 2 45 45 45
6 41 2 45 45 45
27 41 2 45 45 45
7 41 2 13 29 66
26 41 2 13 29 66
8 41 2 13 29 66
25 41 2 13 29 66
9 41 2 13 29 66
24 41 2 13 29 66
2 42 2 13 29 66
31 42 2 13 29 66
3 42 2 13 29 66
30 42 2 13 29 66
4 42 2 45 45 45
29 42 2 45 45 45
5 42 2 45 45 45
28 42 2 45 45 45
6 42 2 45 45 45
27 42 2 45 45 45
7 42 2 13 29 66
26 42 2 13 29 66
8 42 2 13 29 66
25 42 2 13 29 66
9 42 2 13 29 66
24 42 2 13 29 66
2 43 2 13 29 66
31 43 2 13 29 66
3 43 2 13 29 66
30 43 2 13 29 66
4 43 2 13 29 66
29 43 2 13 29 66
5 43 2 13 29 66
28 43 2 13 29 66
6 43 2 13 29 66
27 43 2 13 29 66
7 43 2 13 29 66
26 43 2 13 29 66
8 43 2 13 29 66
25 43 2 13 29 66
9 43 2 13 29 66
24 43 2 13 29 66
5 39 1 37 37 37
28 39 1 37 37 37
5 40 1 37 37 37
28 40 1 37 37 37
5 39 0 37 37 37
28 39 0 37 37 37
8 36 4 37 37 37
25 36 4 37 37 37
8 36 5 37 37 37
25 36 5 37 37 37
8 36 6 37 37 37
25 36 6 37 37 37
6 36 4 37 37 37
27 36 4 37 37 37
6 36 5 37 37 37
27 36 5 37 37 37
6 36 6 37 37 37
27 36 6 37 37 37
4 33 3 37 37 37
29 33 3 37 37 37
4 33 4 37 37 37
29 33 4 37 37 37
4 34 4 37 37 37
29 34 4 37 37 37
4 35 4 37 37 37
29 35 4 37 37 37
4 36 4 37 37 37
29 36 4 37 37 37
4 33 5 37 37 37
29 33 5 37 37 37
4 34 5 37 37 37
29 34 5 37 37 37
4 35 5 37 37 37
29 35 5 37 37 37
4 36 5 37 37 37
29 36 5 37 37 37
4 33 6 37 37 37
29 33 6 37 37 37
4 34 6 37 37 37
29 34 6 37 37 37
4 35 6 37 37 37
29 35 6 37 37 37
4 36 6 37 37 37
29 36 6 37 37 37
6 33 3 37 37 37
27 33 3 37 37 37
6 33 4 37 37 37
27 33 4 37 37 37
6 34 4 37 37 37
27 34 4 37 37 37
6 35 4 37 37 37
27 35 4 37 37 37
6 33 5 37 37 37
27 33 5 37 37 37
6 34 5 37 37 37
27 34 5 37 37 37
6 35 5 37 37 37
27 35 5 37 37 37
6 33 6 37 37 37
27 33 6 37 37 37
6 34 6 37 37 37
27 34 6 37 37 37
6 35 6 37 37 37
27 35 6 37 37 37
8 33 3 37 37 37
25 33 3 37 37 37
8 33 4 37 37 37
25 33 4 37 37 37
8 34 4 37 37 37
25 34 4 37 37 37
8 35 4 37 37 37
25 35 4 37 37 37
8 33 5 37 37 37
25 33 5 37 37 37
8 34 5 37 37 37
25 34 5 37 37 37
8 35 5 37 37 37
25 35 5 37 37 37
3 45 11 177 177 177
30 45 11 177 177 177
3 43 12 177 177 177
30 43 12 177 177 177
3 44 12 177 177 177
30 44 12 177 177 177
3 45 12 177 177 177
30 45 12 177 177 177
3 46 12 177 177 177
30 46 12 177 177 177
2 44 13 177 177 177
31 44 13 177 177 177
2 45 13 177 177 177
31 45 13 177 177 177
2 46 13 177 177 177
31 46 13 177 177 177
2 47 13 177 177 177
31 47 13 177 177 177
3 44 11 177 177 177
30 44 11 177 177 177
3 43 11 177 177 177
30 43 11 177 177 177
3 42 11 177 177 177
30 42 11 177 177 177
2 45 14 177 177 177
31 45 14 177 177 177
2 46 14 177 177 177
31 46 14 177 177 177
2 47 14 177 177 177
31 47 14 177 177 177
2 48 14 177 177 177
31 48 14 177 177 177
2 46 15 13 29 66
31 46 15 13 29 66
2 47 15 13 29 66
31 47 15 13 29 66
2 48 15 13 29 66
31 48 15 13 29 66
2 49 15 13 29 66
31 49 15 13 29 66
14 33 12 45 45 45
19 33 12 45 45 45
15 33 13 45 45 45
18 33 13 45 45 45
16 33 13 45 45 45
17 33 13 45 45 45
6 42 8 177 177 177
27 42 8 177 177 177
6 43 8 177 177 177
27 43 8 177 177 177
7 43 7 177 177 177
26 43 7 177 177 177
7 42 8 177 177 177
26 42 8 177 177 177
8 42 8 177 177 177
25 42 8 177 177 177
7 43 8 177 177 177
26 43 8 177 177 177
6 44 8 177 177 177
27 44 8 177 177 177
9 42 8 177 177 177
24 42 8 177 177 177
8 43 8 177 177 177
25 43 8 177 177 177
7 44 8 177 177 177
26 44 8 177 177 177
6 45 8 177 177 177
27 45 8 177 177 177
6 50 6 255 50 0
27 50 6 255 50 0
6 51 6 255 50 0
27 51 6 255 50 0
7 50 6 255 50 0
26 50 6 255 50 0
7 51 6 255 50 0
26 51 6 255 50 0
6 50 5 255 50 0
27 50 5 255 50 0
6 51 5 255 50 0
27 51 5 255 50 0
7 50 5 255 50 0
26 50 5 255 50 0
7 51 5 255 50 0
26 51 5 255 50 0
13 51 7 255 50 0
20 51 7 255 50 0
13 50 7 255 50 0
20 50 7 255 50 0
13 49 7 255 50 0
20 49 7 255 50 0
13 48 7 255 50 0
20 48 7 255 50 0
13 47 7 255 50 0
20 47 7 255 50 0
6 55 6 255 50 0
27 55 6 255 50 0
7 55 6 255 50 0
26 55 6 255 50 0
14 50 7 255 50 0
19 50 7 255 50 0
14 49 7 255 50 0
19 49 7 255 50 0
14 48 7 255 50 0
19 48 7 255 50 0
14 47 7 255 50 0
19 47 7 255 50 0
13 48 6 255 50 0
20 48 6 255 50 0
13 47 6 255 50 0
20 47 6 255 50 0
16 47 6 255 50 0
17 47 6 255 50 0
16 48 6 255 50 0
17 48 6 255 50 0
6 53 6 255 50 0
27 53 6 255 50 0
15 50 7 255 50 0
18 50 7 255 50 0
15 49 7 255 50 0
18 49 7 255 50 0
15 47 6 255 50 0
18 47 6 255 50 0
15 48 6 255 50 0
18 48 6 255 50 0
15 48 7 255 50 0
18 48 7 255 50 0
15 47 7 255 50 0
18 47 7 255 50 0
14 48 6 255 50 0
19 48 6 255 50 0
16 47 7 255 50 0
17 47 7 255 50 0
16 48 7 255 50 0
17 48 7 255 50 0
16 49 7 255 50 0
17 49 7 255 50 0
16 50 7 255 50 0
17 50 7 255 50 0
6 52 6 255 50 0
27 52 6 255 50 0
7 52 5 255 50 0
26 52 5 255 50 0
14 47 6 255 50 0
19 47 6 255 50 0
7 53 6 255 50 0
26 53 6 255 50 0
7 52 6 255 50 0
26 52 6 255 50 0
6 52 5 255 50 0
27 52 5 255 50 0
16 33 12 196 205 255
17 33 12 196 205 255
16 34 12 0 106 255
17 34 12 0 106 255
