ply
format ascii 1.0
comment : MagicaVoxel @ Ephtracy
element vertex 536
property float x
property float z
property float y
property uchar red
property uchar green
property uchar blue
end_header
47 125 79 187 187 187
48 125 79 187 187 187
54 125 79 187 187 187
71 125 79 187 187 187
53 125 79 187 187 187
65 125 79 187 187 187
66 125 79 187 187 187
72 125 79 187 187 187
74 125 79 187 187 187
75 125 79 187 187 187
76 125 79 187 187 187
77 125 79 187 187 187
78 125 79 187 187 187
47 125 80 187 187 187
48 125 80 187 187 187
53 125 80 187 187 187
54 125 80 187 187 187
57 125 80 187 187 187
58 125 80 187 187 187
75 125 86 187 187 187
74 125 86 187 187 187
61 125 80 187 187 187
62 125 80 187 187 187
65 125 80 187 187 187
66 125 80 187 187 187
71 125 80 187 187 187
72 125 80 187 187 187
74 125 80 187 187 187
75 125 80 187 187 187
76 125 80 187 187 187
77 125 80 187 187 187
78 125 80 187 187 187
47 125 81 187 187 187
48 125 81 187 187 187
52 125 81 187 187 187
53 125 81 187 187 187
54 125 81 187 187 187
56 125 81 187 187 187
57 125 81 187 187 187
62 125 81 187 187 187
63 125 81 187 187 187
65 125 81 187 187 187
66 125 81 187 187 187
70 125 81 187 187 187
71 125 81 187 187 187
72 125 81 187 187 187
74 125 81 187 187 187
75 125 81 187 187 187
47 125 82 187 187 187
48 125 82 187 187 187
51 125 82 187 187 187
52 125 82 187 187 187
53 125 82 187 187 187
54 125 82 187 187 187
56 125 82 187 187 187
63 125 82 187 187 187
65 125 82 187 187 187
66 125 82 187 187 187
69 125 82 187 187 187
70 125 82 187 187 187
71 125 82 187 187 187
72 125 82 187 187 187
74 125 82 187 187 187
75 125 82 187 187 187
47 125 83 187 187 187
48 125 83 187 187 187
50 125 83 187 187 187
51 125 83 187 187 187
53 125 83 187 187 187
54 125 83 187 187 187
72 125 86 187 187 187
76 125 86 187 187 187
65 125 83 187 187 187
66 125 83 187 187 187
68 125 83 187 187 187
69 125 83 187 187 187
71 125 83 187 187 187
72 125 83 187 187 187
74 125 83 187 187 187
75 125 83 187 187 187
76 125 83 187 187 187
77 125 83 187 187 187
78 125 83 187 187 187
47 125 84 187 187 187
48 125 84 187 187 187
49 125 84 187 187 187
50 125 84 187 187 187
53 125 84 187 187 187
54 125 84 187 187 187
56 125 84 187 187 187
63 125 84 187 187 187
65 125 84 187 187 187
66 125 84 187 187 187
67 125 84 187 187 187
68 125 84 187 187 187
71 125 84 187 187 187
72 125 84 187 187 187
74 125 84 187 187 187
75 125 84 187 187 187
47 125 85 187 187 187
48 125 85 187 187 187
49 125 85 187 187 187
53 125 85 187 187 187
54 125 85 187 187 187
56 125 85 187 187 187
57 125 85 187 187 187
62 125 85 187 187 187
63 125 85 187 187 187
65 125 85 187 187 187
66 125 85 187 187 187
67 125 85 187 187 187
71 125 85 187 187 187
72 125 85 187 187 187
74 125 85 187 187 187
75 125 85 187 187 187
47 125 86 187 187 187
48 125 86 187 187 187
53 125 86 187 187 187
54 125 86 187 187 187
57 125 86 187 187 187
58 125 86 187 187 187
78 125 86 187 187 187
77 125 86 187 187 187
61 125 86 187 187 187
62 125 86 187 187 187
65 125 86 187 187 187
66 125 86 187 187 187
71 125 86 187 187 187
56 125 83 187 187 187
59 125 80 187 187 187
60 125 80 187 187 187
63 125 83 187 187 187
59 125 86 187 187 187
60 125 86 187 187 187
48 124 84 187 187 187
47 124 84 187 187 187
49 124 84 187 187 187
48 124 83 187 187 187
48 124 85 187 187 187
47 124 83 187 187 187
47 124 85 187 187 187
50 124 84 187 187 187
49 124 85 187 187 187
48 124 82 187 187 187
48 124 86 187 187 187
47 124 82 187 187 187
47 124 86 187 187 187
50 124 83 187 187 187
48 124 81 187 187 187
47 124 81 187 187 187
51 124 83 187 187 187
48 124 80 187 187 187
47 124 80 187 187 187
51 124 82 187 187 187
48 124 79 187 187 187
47 124 79 187 187 187
52 124 82 187 187 187
53 124 82 187 187 187
52 124 81 187 187 187
54 124 82 187 187 187
53 124 81 187 187 187
53 124 83 187 187 187
54 124 81 187 187 187
54 124 83 187 187 187
53 124 80 187 187 187
53 124 84 187 187 187
54 124 80 187 187 187
54 124 84 187 187 187
53 124 79 187 187 187
53 124 85 187 187 187
54 124 79 187 187 187
54 124 85 187 187 187
53 124 86 187 187 187
54 124 86 187 187 187
48 123 85 187 187 187
47 123 85 187 187 187
49 123 85 187 187 187
48 123 84 187 187 187
48 123 86 187 187 187
47 123 84 187 187 187
47 123 86 187 187 187
49 123 84 187 187 187
48 123 83 187 187 187
47 123 83 187 187 187
50 123 84 187 187 187
48 123 82 187 187 187
47 123 82 187 187 187
50 123 83 187 187 187
48 123 81 187 187 187
47 123 81 187 187 187
51 123 83 187 187 187
48 123 80 187 187 187
47 123 80 187 187 187
51 123 82 187 187 187
48 123 79 187 187 187
47 123 79 187 187 187
52 123 82 187 187 187
53 123 82 187 187 187
52 123 81 187 187 187
54 123 82 187 187 187
53 123 81 187 187 187
53 123 83 187 187 187
54 123 81 187 187 187
54 123 83 187 187 187
53 123 80 187 187 187
53 123 84 187 187 187
54 123 80 187 187 187
54 123 84 187 187 187
53 123 79 187 187 187
53 123 85 187 187 187
54 123 79 187 187 187
54 123 85 187 187 187
53 123 86 187 187 187
54 123 86 187 187 187
47 122 85 187 187 187
48 122 85 187 187 187
47 122 84 187 187 187
47 122 86 187 187 187
49 122 85 187 187 187
48 122 84 187 187 187
48 122 86 187 187 187
47 122 83 187 187 187
49 122 84 187 187 187
48 122 83 187 187 187
47 122 82 187 187 187
50 122 84 187 187 187
48 122 82 187 187 187
47 122 81 187 187 187
50 122 83 187 187 187
48 122 81 187 187 187
47 122 80 187 187 187
51 122 83 187 187 187
48 122 80 187 187 187
47 122 79 187 187 187
51 122 82 187 187 187
48 122 79 187 187 187
52 122 82 187 187 187
53 122 82 187 187 187
52 122 81 187 187 187
54 122 82 187 187 187
53 122 81 187 187 187
53 122 83 187 187 187
54 122 81 187 187 187
54 122 83 187 187 187
53 122 80 187 187 187
53 122 84 187 187 187
54 122 80 187 187 187
54 122 84 187 187 187
53 122 79 187 187 187
53 122 85 187 187 187
54 122 79 187 187 187
54 122 85 187 187 187
53 122 86 187 187 187
54 122 86 187 187 187
56 124 84 187 187 187
56 124 83 187 187 187
56 124 85 187 187 187
56 124 82 187 187 187
57 124 85 187 187 187
56 124 81 187 187 187
57 124 86 187 187 187
57 124 81 187 187 187
58 124 86 187 187 187
57 124 80 187 187 187
59 124 86 187 187 187
58 124 80 187 187 187
60 124 86 187 187 187
59 124 80 187 187 187
61 124 86 187 187 187
60 124 80 187 187 187
62 124 86 187 187 187
61 124 80 187 187 187
62 124 85 187 187 187
62 124 80 187 187 187
63 124 85 187 187 187
62 124 81 187 187 187
63 124 84 187 187 187
63 124 81 187 187 187
63 124 83 187 187 187
63 124 82 187 187 187
56 123 84 187 187 187
56 123 83 187 187 187
56 123 85 187 187 187
56 123 82 187 187 187
57 123 85 187 187 187
56 123 81 187 187 187
57 123 86 187 187 187
57 123 81 187 187 187
58 123 86 187 187 187
57 123 80 187 187 187
59 123 86 187 187 187
58 123 80 187 187 187
60 123 86 187 187 187
59 123 80 187 187 187
61 123 86 187 187 187
60 123 80 187 187 187
62 123 86 187 187 187
61 123 80 187 187 187
62 123 85 187 187 187
62 123 80 187 187 187
63 123 85 187 187 187
62 123 81 187 187 187
63 123 84 187 187 187
63 123 81 187 187 187
63 123 83 187 187 187
63 123 82 187 187 187
56 122 84 187 187 187
56 122 83 187 187 187
56 122 85 187 187 187
56 122 82 187 187 187
57 122 85 187 187 187
56 122 81 187 187 187
57 122 86 187 187 187
57 122 81 187 187 187
58 122 86 187 187 187
57 122 80 187 187 187
59 122 86 187 187 187
58 122 80 187 187 187
60 122 86 187 187 187
59 122 80 187 187 187
61 122 86 187 187 187
60 122 80 187 187 187
62 122 86 187 187 187
61 122 80 187 187 187
62 122 85 187 187 187
62 122 80 187 187 187
63 122 85 187 187 187
62 122 81 187 187 187
63 122 84 187 187 187
63 122 81 187 187 187
63 122 83 187 187 187
63 122 82 187 187 187
65 124 84 187 187 187
66 124 84 187 187 187
65 124 83 187 187 187
65 124 85 187 187 187
67 124 84 187 187 187
66 124 83 187 187 187
66 124 85 187 187 187
65 124 82 187 187 187
65 124 86 187 187 187
68 124 84 187 187 187
67 124 85 187 187 187
66 124 82 187 187 187
66 124 86 187 187 187
65 124 81 187 187 187
68 124 83 187 187 187
66 124 81 187 187 187
65 124 80 187 187 187
69 124 83 187 187 187
66 124 80 187 187 187
65 124 79 187 187 187
69 124 82 187 187 187
66 124 79 187 187 187
70 124 82 187 187 187
71 124 82 187 187 187
70 124 81 187 187 187
72 124 82 187 187 187
71 124 81 187 187 187
71 124 83 187 187 187
72 124 81 187 187 187
72 124 83 187 187 187
71 124 80 187 187 187
71 124 84 187 187 187
72 124 80 187 187 187
72 124 84 187 187 187
71 124 79 187 187 187
71 124 85 187 187 187
72 124 79 187 187 187
72 124 85 187 187 187
71 124 86 187 187 187
72 124 86 187 187 187
65 123 84 187 187 187
66 123 84 187 187 187
65 123 83 187 187 187
65 123 85 187 187 187
67 123 84 187 187 187
66 123 83 187 187 187
66 123 85 187 187 187
65 123 82 187 187 187
65 123 86 187 187 187
68 123 84 187 187 187
67 123 85 187 187 187
66 123 82 187 187 187
66 123 86 187 187 187
65 123 81 187 187 187
68 123 83 187 187 187
66 123 81 187 187 187
65 123 80 187 187 187
69 123 83 187 187 187
66 123 80 187 187 187
65 123 79 187 187 187
69 123 82 187 187 187
66 123 79 187 187 187
70 123 82 187 187 187
71 123 82 187 187 187
70 123 81 187 187 187
72 123 82 187 187 187
71 123 81 187 187 187
71 123 83 187 187 187
72 123 81 187 187 187
72 123 83 187 187 187
71 123 80 187 187 187
71 123 84 187 187 187
72 123 80 187 187 187
72 123 84 187 187 187
71 123 79 187 187 187
71 123 85 187 187 187
72 123 79 187 187 187
72 123 85 187 187 187
71 123 86 187 187 187
72 123 86 187 187 187
65 122 85 187 187 187
66 122 85 187 187 187
65 122 84 187 187 187
65 122 86 187 187 187
67 122 85 187 187 187
66 122 84 187 187 187
66 122 86 187 187 187
65 122 83 187 187 187
67 122 84 187 187 187
66 122 83 187 187 187
65 122 82 187 187 187
68 122 84 187 187 187
66 122 82 187 187 187
65 122 81 187 187 187
68 122 83 187 187 187
66 122 81 187 187 187
65 122 80 187 187 187
69 122 83 187 187 187
66 122 80 187 187 187
65 122 79 187 187 187
69 122 82 187 187 187
66 122 79 187 187 187
70 122 82 187 187 187
71 122 82 187 187 187
70 122 81 187 187 187
72 122 82 187 187 187
71 122 81 187 187 187
71 122 83 187 187 187
72 122 81 187 187 187
72 122 83 187 187 187
71 122 80 187 187 187
71 122 84 187 187 187
72 122 80 187 187 187
72 122 84 187 187 187
71 122 79 187 187 187
71 122 85 187 187 187
72 122 79 187 187 187
72 122 85 187 187 187
71 122 86 187 187 187
72 122 86 187 187 187
74 124 83 187 187 187
75 124 83 187 187 187
74 124 82 187 187 187
74 124 84 187 187 187
76 124 83 187 187 187
75 124 82 187 187 187
75 124 84 187 187 187
74 124 81 187 187 187
74 124 85 187 187 187
77 124 83 187 187 187
75 124 81 187 187 187
75 124 85 187 187 187
74 124 80 187 187 187
74 124 86 187 187 187
78 124 83 187 187 187
75 124 80 187 187 187
75 124 86 187 187 187
74 124 79 187 187 187
76 124 80 187 187 187
75 124 79 187 187 187
76 124 86 187 187 187
77 124 80 187 187 187
76 124 79 187 187 187
77 124 86 187 187 187
78 124 80 187 187 187
77 124 79 187 187 187
78 124 86 187 187 187
78 124 79 187 187 187
74 123 83 187 187 187
75 123 83 187 187 187
74 123 82 187 187 187
74 123 84 187 187 187
76 123 83 187 187 187
75 123 82 187 187 187
75 123 84 187 187 187
74 123 81 187 187 187
74 123 85 187 187 187
77 123 83 187 187 187
75 123 81 187 187 187
75 123 85 187 187 187
74 123 80 187 187 187
74 123 86 187 187 187
78 123 83 187 187 187
75 123 80 187 187 187
75 123 86 187 187 187
74 123 79 187 187 187
76 123 80 187 187 187
75 123 79 187 187 187
76 123 86 187 187 187
77 123 80 187 187 187
76 123 79 187 187 187
77 123 86 187 187 187
78 123 80 187 187 187
77 123 79 187 187 187
78 123 86 187 187 187
78 123 79 187 187 187
74 122 83 187 187 187
75 122 83 187 187 187
74 122 82 187 187 187
74 122 84 187 187 187
76 122 83 187 187 187
75 122 82 187 187 187
75 122 84 187 187 187
74 122 81 187 187 187
74 122 85 187 187 187
77 122 83 187 187 187
75 122 81 187 187 187
75 122 85 187 187 187
74 122 80 187 187 187
74 122 86 187 187 187
78 122 83 187 187 187
75 122 80 187 187 187
75 122 86 187 187 187
74 122 79 187 187 187
76 122 80 187 187 187
75 122 79 187 187 187
76 122 86 187 187 187
77 122 80 187 187 187
76 122 79 187 187 187
77 122 86 187 187 187
78 122 80 187 187 187
77 122 79 187 187 187
78 122 86 187 187 187
78 122 79 187 187 187
