ply
format ascii 1.0
comment : MagicaVoxel @ Ephtracy
element vertex 512
property float x
property float z
property float y
property uchar red
property uchar green
property uchar blue
scale 0.025 0.025 0.025
end_header
46 125 81 221 0 0
51 125 81 221 0 0
52 125 81 221 0 0
53 125 81 221 0 0
54 125 81 221 0 0
55 125 81 221 0 0
57 125 81 221 0 0
61 125 81 221 0 0
65 125 81 221 0 0
69 125 81 221 0 0
70 125 81 221 0 0
71 125 81 221 0 0
72 125 81 221 0 0
74 125 81 221 0 0
77 125 81 221 0 0
78 125 81 221 0 0
46 125 82 221 0 0
51 125 82 221 0 0
57 125 82 221 0 0
61 125 82 221 0 0
65 125 82 221 0 0
69 125 82 221 0 0
74 125 82 221 0 0
77 125 82 221 0 0
46 125 83 221 0 0
51 125 83 221 0 0
57 125 83 221 0 0
58 125 83 221 0 0
59 125 83 221 0 0
60 125 83 221 0 0
61 125 83 221 0 0
65 125 83 221 0 0
69 125 83 221 0 0
74 125 83 221 0 0
76 125 83 221 0 0
77 125 83 221 0 0
46 125 84 221 0 0
47 125 84 221 0 0
48 125 84 221 0 0
51 125 84 221 0 0
58 125 84 221 0 0
60 125 84 221 0 0
65 125 84 221 0 0
69 125 84 221 0 0
70 125 84 221 0 0
71 125 84 221 0 0
72 125 84 221 0 0
74 125 84 221 0 0
75 125 84 221 0 0
76 125 84 221 0 0
46 125 85 221 0 0
48 125 85 221 0 0
49 125 85 221 0 0
51 125 85 221 0 0
58 125 85 221 0 0
60 125 85 221 0 0
64 125 85 221 0 0
65 125 85 221 0 0
66 125 85 221 0 0
69 125 85 221 0 0
74 125 85 221 0 0
76 125 85 221 0 0
77 125 85 221 0 0
46 125 86 221 0 0
48 125 86 221 0 0
49 125 86 221 0 0
51 125 86 221 0 0
58 125 86 221 0 0
59 125 86 221 0 0
60 125 86 221 0 0
64 125 86 221 0 0
66 125 86 221 0 0
69 125 86 221 0 0
74 125 86 221 0 0
76 125 86 221 0 0
77 125 86 221 0 0
46 125 87 221 0 0
47 125 87 221 0 0
48 125 87 221 0 0
51 125 87 221 0 0
59 125 87 221 0 0
63 125 87 221 0 0
67 125 87 221 0 0
69 125 87 221 0 0
70 125 87 221 0 0
71 125 87 221 0 0
72 125 87 221 0 0
74 125 87 221 0 0
75 125 87 221 0 0
76 125 87 221 0 0
48 124 85 221 0 0
49 124 85 221 0 0
48 124 84 221 0 0
48 124 86 221 0 0
49 124 86 221 0 0
47 124 84 221 0 0
48 124 87 221 0 0
46 124 84 221 0 0
47 124 87 221 0 0
46 124 83 221 0 0
46 124 85 221 0 0
46 124 87 221 0 0
46 124 82 221 0 0
46 124 86 221 0 0
46 124 81 221 0 0
49 123 86 221 0 0
48 123 86 221 0 0
49 123 85 221 0 0
48 123 85 221 0 0
48 123 87 221 0 0
48 123 84 221 0 0
47 123 87 221 0 0
47 123 84 221 0 0
46 123 87 221 0 0
46 123 84 221 0 0
46 123 86 221 0 0
46 123 83 221 0 0
46 123 85 221 0 0
46 123 82 221 0 0
46 123 81 221 0 0
49 122 86 221 0 0
48 122 86 221 0 0
49 122 85 221 0 0
48 122 85 221 0 0
48 122 87 221 0 0
48 122 84 221 0 0
47 122 87 221 0 0
47 122 84 221 0 0
46 122 87 221 0 0
46 122 84 221 0 0
46 122 86 221 0 0
46 122 83 221 0 0
46 122 85 221 0 0
46 122 82 221 0 0
46 122 81 221 0 0
51 124 86 221 0 0
51 124 85 221 0 0
51 124 87 221 0 0
51 124 84 221 0 0
51 124 83 221 0 0
51 124 82 221 0 0
51 124 81 221 0 0
52 124 81 221 0 0
53 124 81 221 0 0
54 124 81 221 0 0
55 124 81 221 0 0
51 123 86 221 0 0
51 123 85 221 0 0
51 123 87 221 0 0
51 123 84 221 0 0
51 123 83 221 0 0
51 123 82 221 0 0
51 123 81 221 0 0
52 123 81 221 0 0
53 123 81 221 0 0
54 123 81 221 0 0
55 123 81 221 0 0
51 122 86 221 0 0
51 122 85 221 0 0
51 122 87 221 0 0
51 122 84 221 0 0
51 122 83 221 0 0
51 122 82 221 0 0
51 122 81 221 0 0
52 122 81 221 0 0
53 122 81 221 0 0
54 122 81 221 0 0
55 122 81 221 0 0
58 124 86 221 0 0
59 124 86 221 0 0
58 124 85 221 0 0
60 124 86 221 0 0
59 124 87 221 0 0
58 124 84 221 0 0
60 124 85 221 0 0
58 124 83 221 0 0
60 124 84 221 0 0
57 124 83 221 0 0
59 124 83 221 0 0
60 124 83 221 0 0
57 124 82 221 0 0
61 124 83 221 0 0
57 124 81 221 0 0
61 124 82 221 0 0
61 124 81 221 0 0
58 123 86 221 0 0
59 123 86 221 0 0
58 123 85 221 0 0
60 123 86 221 0 0
59 123 87 221 0 0
58 123 84 221 0 0
60 123 85 221 0 0
58 123 83 221 0 0
60 123 84 221 0 0
57 123 83 221 0 0
59 123 83 221 0 0
60 123 83 221 0 0
57 123 82 221 0 0
61 123 83 221 0 0
57 123 81 221 0 0
61 123 82 221 0 0
61 123 81 221 0 0
58 122 86 221 0 0
59 122 86 221 0 0
58 122 85 221 0 0
60 122 86 221 0 0
59 122 87 221 0 0
58 122 84 221 0 0
60 122 85 221 0 0
58 122 83 221 0 0
60 122 84 221 0 0
57 122 83 221 0 0
59 122 83 221 0 0
60 122 83 221 0 0
57 122 82 221 0 0
61 122 83 221 0 0
57 122 81 221 0 0
61 122 82 221 0 0
61 122 81 221 0 0
65 124 85 221 0 0
64 124 85 221 0 0
66 124 85 221 0 0
65 124 84 221 0 0
64 124 86 221 0 0
66 124 86 221 0 0
65 124 83 221 0 0
65 124 82 221 0 0
65 124 81 221 0 0
65 123 85 221 0 0
64 123 85 221 0 0
66 123 85 221 0 0
65 123 84 221 0 0
64 123 86 221 0 0
66 123 86 221 0 0
65 123 83 221 0 0
65 123 82 221 0 0
65 123 81 221 0 0
65 122 85 221 0 0
64 122 85 221 0 0
66 122 85 221 0 0
65 122 84 221 0 0
64 122 86 221 0 0
66 122 86 221 0 0
65 122 83 221 0 0
65 122 82 221 0 0
65 122 81 221 0 0
69 124 86 221 0 0
69 124 85 221 0 0
69 124 87 221 0 0
69 124 84 221 0 0
70 124 87 221 0 0
70 124 84 221 0 0
69 124 83 221 0 0
71 124 87 221 0 0
71 124 84 221 0 0
69 124 82 221 0 0
72 124 87 221 0 0
72 124 84 221 0 0
69 124 81 221 0 0
70 124 81 221 0 0
71 124 81 221 0 0
72 124 81 221 0 0
69 123 86 221 0 0
69 123 85 221 0 0
69 123 87 221 0 0
69 123 84 221 0 0
70 123 87 221 0 0
70 123 84 221 0 0
69 123 83 221 0 0
71 123 87 221 0 0
71 123 84 221 0 0
69 123 82 221 0 0
72 123 87 221 0 0
72 123 84 221 0 0
69 123 81 221 0 0
70 123 81 221 0 0
71 123 81 221 0 0
72 123 81 221 0 0
69 122 86 221 0 0
69 122 85 221 0 0
69 122 87 221 0 0
69 122 84 221 0 0
70 122 87 221 0 0
70 122 84 221 0 0
69 122 83 221 0 0
71 122 87 221 0 0
71 122 84 221 0 0
69 122 82 221 0 0
72 122 87 221 0 0
72 122 84 221 0 0
69 122 81 221 0 0
70 122 81 221 0 0
71 122 81 221 0 0
72 122 81 221 0 0
74 124 84 221 0 0
75 124 84 221 0 0
74 124 83 221 0 0
74 124 85 221 0 0
76 124 84 221 0 0
74 124 82 221 0 0
74 124 86 221 0 0
76 124 83 221 0 0
76 124 85 221 0 0
74 124 81 221 0 0
74 124 87 221 0 0
77 124 83 221 0 0
77 124 85 221 0 0
76 124 86 221 0 0
75 124 87 221 0 0
77 124 82 221 0 0
77 124 86 221 0 0
76 124 87 221 0 0
77 124 81 221 0 0
78 124 81 221 0 0
74 123 84 221 0 0
75 123 84 221 0 0
74 123 83 221 0 0
74 123 85 221 0 0
76 123 84 221 0 0
74 123 82 221 0 0
74 123 86 221 0 0
76 123 83 221 0 0
76 123 85 221 0 0
74 123 81 221 0 0
74 123 87 221 0 0
77 123 83 221 0 0
77 123 85 221 0 0
76 123 86 221 0 0
75 123 87 221 0 0
77 123 82 221 0 0
77 123 86 221 0 0
76 123 87 221 0 0
77 123 81 221 0 0
78 123 81 221 0 0
74 122 84 221 0 0
75 122 84 221 0 0
74 122 83 221 0 0
74 122 85 221 0 0
76 122 84 221 0 0
74 122 82 221 0 0
74 122 86 221 0 0
76 122 83 221 0 0
76 122 85 221 0 0
74 122 81 221 0 0
74 122 87 221 0 0
77 122 83 221 0 0
77 122 85 221 0 0
76 122 86 221 0 0
75 122 87 221 0 0
77 122 82 221 0 0
77 122 86 221 0 0
76 122 87 221 0 0
77 122 81 221 0 0
78 122 81 221 0 0
63 124 87 221 0 0
63 123 87 221 0 0
63 122 87 221 0 0
67 124 87 221 0 0
67 123 87 221 0 0
67 122 87 221 0 0
81 125 86 221 0 0
82 125 87 221 0 0
83 125 88 221 0 0
85 125 88 221 0 0
84 125 88 221 0 0
84 125 80 221 0 0
85 125 80 221 0 0
84 125 81 221 0 0
85 125 81 221 0 0
84 125 82 221 0 0
85 125 82 221 0 0
84 125 83 221 0 0
85 125 83 221 0 0
84 125 84 221 0 0
85 125 84 221 0 0
84 125 85 221 0 0
85 125 85 221 0 0
84 125 86 221 0 0
85 125 86 221 0 0
84 125 87 221 0 0
85 125 87 221 0 0
83 125 89 221 0 0
84 125 89 221 0 0
82 125 88 221 0 0
81 125 87 221 0 0
80 125 86 221 0 0
81 125 85 221 0 0
85 125 89 221 0 0
82 125 80 221 0 0
83 125 80 221 0 0
82 125 81 221 0 0
83 125 81 221 0 0
86 125 80 221 0 0
87 125 80 221 0 0
86 125 81 221 0 0
87 125 81 221 0 0
82 125 86 221 0 0
83 125 87 221 0 0
84 124 87 221 0 0
83 124 87 221 0 0
85 124 87 221 0 0
84 124 86 221 0 0
84 124 88 221 0 0
82 124 87 221 0 0
83 124 88 221 0 0
85 124 86 221 0 0
85 124 88 221 0 0
84 124 85 221 0 0
84 124 89 221 0 0
81 124 87 221 0 0
82 124 86 221 0 0
82 124 88 221 0 0
83 124 89 221 0 0
85 124 85 221 0 0
85 124 89 221 0 0
84 124 84 221 0 0
81 124 86 221 0 0
85 124 84 221 0 0
84 124 83 221 0 0
80 124 86 221 0 0
81 124 85 221 0 0
85 124 83 221 0 0
84 124 82 221 0 0
85 124 82 221 0 0
84 124 81 221 0 0
85 124 81 221 0 0
83 124 81 221 0 0
84 124 80 221 0 0
86 124 81 221 0 0
85 124 80 221 0 0
82 124 81 221 0 0
83 124 80 221 0 0
87 124 81 221 0 0
86 124 80 221 0 0
82 124 80 221 0 0
87 124 80 221 0 0
84 123 88 221 0 0
83 123 88 221 0 0
85 123 88 221 0 0
84 123 87 221 0 0
84 123 89 221 0 0
82 123 88 221 0 0
83 123 87 221 0 0
83 123 89 221 0 0
85 123 87 221 0 0
85 123 89 221 0 0
84 123 86 221 0 0
82 123 87 221 0 0
85 123 86 221 0 0
84 123 85 221 0 0
81 123 87 221 0 0
82 123 86 221 0 0
85 123 85 221 0 0
84 123 84 221 0 0
81 123 86 221 0 0
85 123 84 221 0 0
84 123 83 221 0 0
80 123 86 221 0 0
81 123 85 221 0 0
85 123 83 221 0 0
84 123 82 221 0 0
85 123 82 221 0 0
84 123 81 221 0 0
85 123 81 221 0 0
83 123 81 221 0 0
84 123 80 221 0 0
86 123 81 221 0 0
85 123 80 221 0 0
82 123 81 221 0 0
83 123 80 221 0 0
87 123 81 221 0 0
86 123 80 221 0 0
82 123 80 221 0 0
87 123 80 221 0 0
84 122 88 221 0 0
83 122 88 221 0 0
85 122 88 221 0 0
84 122 87 221 0 0
84 122 89 221 0 0
82 122 88 221 0 0
83 122 87 221 0 0
83 122 89 221 0 0
85 122 87 221 0 0
85 122 89 221 0 0
84 122 86 221 0 0
82 122 87 221 0 0
85 122 86 221 0 0
84 122 85 221 0 0
81 122 87 221 0 0
82 122 86 221 0 0
85 122 85 221 0 0
84 122 84 221 0 0
81 122 86 221 0 0
85 122 84 221 0 0
84 122 83 221 0 0
80 122 86 221 0 0
81 122 85 221 0 0
85 122 83 221 0 0
84 122 82 221 0 0
85 122 82 221 0 0
84 122 81 221 0 0
85 122 81 221 0 0
83 122 81 221 0 0
84 122 80 221 0 0
86 122 81 221 0 0
85 122 80 221 0 0
82 122 81 221 0 0
83 122 80 221 0 0
87 122 81 221 0 0
86 122 80 221 0 0
82 122 80 221 0 0
87 122 80 221 0 0
