ply
format ascii 1.0
comment : MagicaVoxel @ Ephtracy
element vertex 360
property float x
property float z
property float y
property uchar red
property uchar green
property uchar blue
end_header
46 125 81 187 187 187
51 125 81 187 187 187
52 125 81 187 187 187
53 125 81 187 187 187
54 125 81 187 187 187
55 125 81 187 187 187
57 125 81 187 187 187
61 125 81 187 187 187
65 125 81 187 187 187
69 125 81 187 187 187
70 125 81 187 187 187
71 125 81 187 187 187
72 125 81 187 187 187
74 125 81 187 187 187
77 125 81 187 187 187
78 125 81 187 187 187
46 125 82 187 187 187
51 125 82 187 187 187
57 125 82 187 187 187
61 125 82 187 187 187
65 125 82 187 187 187
69 125 82 187 187 187
74 125 82 187 187 187
77 125 82 187 187 187
46 125 83 187 187 187
51 125 83 187 187 187
57 125 83 187 187 187
58 125 83 187 187 187
59 125 83 187 187 187
60 125 83 187 187 187
61 125 83 187 187 187
65 125 83 187 187 187
69 125 83 187 187 187
74 125 83 187 187 187
76 125 83 187 187 187
77 125 83 187 187 187
46 125 84 187 187 187
47 125 84 187 187 187
48 125 84 187 187 187
51 125 84 187 187 187
58 125 84 187 187 187
60 125 84 187 187 187
65 125 84 187 187 187
69 125 84 187 187 187
70 125 84 187 187 187
71 125 84 187 187 187
72 125 84 187 187 187
74 125 84 187 187 187
75 125 84 187 187 187
76 125 84 187 187 187
46 125 85 187 187 187
48 125 85 187 187 187
49 125 85 187 187 187
51 125 85 187 187 187
58 125 85 187 187 187
60 125 85 187 187 187
64 125 85 187 187 187
65 125 85 187 187 187
66 125 85 187 187 187
69 125 85 187 187 187
74 125 85 187 187 187
76 125 85 187 187 187
77 125 85 187 187 187
46 125 86 187 187 187
48 125 86 187 187 187
49 125 86 187 187 187
51 125 86 187 187 187
58 125 86 187 187 187
59 125 86 187 187 187
60 125 86 187 187 187
64 125 86 187 187 187
66 125 86 187 187 187
69 125 86 187 187 187
74 125 86 187 187 187
76 125 86 187 187 187
77 125 86 187 187 187
46 125 87 187 187 187
47 125 87 187 187 187
48 125 87 187 187 187
51 125 87 187 187 187
59 125 87 187 187 187
63 125 87 187 187 187
67 125 87 187 187 187
69 125 87 187 187 187
70 125 87 187 187 187
71 125 87 187 187 187
72 125 87 187 187 187
74 125 87 187 187 187
75 125 87 187 187 187
76 125 87 187 187 187
48 124 85 187 187 187
49 124 85 187 187 187
48 124 84 187 187 187
48 124 86 187 187 187
49 124 86 187 187 187
47 124 84 187 187 187
48 124 87 187 187 187
46 124 84 187 187 187
47 124 87 187 187 187
46 124 83 187 187 187
46 124 85 187 187 187
46 124 87 187 187 187
46 124 82 187 187 187
46 124 86 187 187 187
46 124 81 187 187 187
49 123 86 187 187 187
48 123 86 187 187 187
49 123 85 187 187 187
48 123 85 187 187 187
48 123 87 187 187 187
48 123 84 187 187 187
47 123 87 187 187 187
47 123 84 187 187 187
46 123 87 187 187 187
46 123 84 187 187 187
46 123 86 187 187 187
46 123 83 187 187 187
46 123 85 187 187 187
46 123 82 187 187 187
46 123 81 187 187 187
49 122 86 187 187 187
48 122 86 187 187 187
49 122 85 187 187 187
48 122 85 187 187 187
48 122 87 187 187 187
48 122 84 187 187 187
47 122 87 187 187 187
47 122 84 187 187 187
46 122 87 187 187 187
46 122 84 187 187 187
46 122 86 187 187 187
46 122 83 187 187 187
46 122 85 187 187 187
46 122 82 187 187 187
46 122 81 187 187 187
51 124 86 187 187 187
51 124 85 187 187 187
51 124 87 187 187 187
51 124 84 187 187 187
51 124 83 187 187 187
51 124 82 187 187 187
51 124 81 187 187 187
52 124 81 187 187 187
53 124 81 187 187 187
54 124 81 187 187 187
55 124 81 187 187 187
51 123 86 187 187 187
51 123 85 187 187 187
51 123 87 187 187 187
51 123 84 187 187 187
51 123 83 187 187 187
51 123 82 187 187 187
51 123 81 187 187 187
52 123 81 187 187 187
53 123 81 187 187 187
54 123 81 187 187 187
55 123 81 187 187 187
51 122 86 187 187 187
51 122 85 187 187 187
51 122 87 187 187 187
51 122 84 187 187 187
51 122 83 187 187 187
51 122 82 187 187 187
51 122 81 187 187 187
52 122 81 187 187 187
53 122 81 187 187 187
54 122 81 187 187 187
55 122 81 187 187 187
58 124 86 187 187 187
59 124 86 187 187 187
58 124 85 187 187 187
60 124 86 187 187 187
59 124 87 187 187 187
58 124 84 187 187 187
60 124 85 187 187 187
58 124 83 187 187 187
60 124 84 187 187 187
57 124 83 187 187 187
59 124 83 187 187 187
60 124 83 187 187 187
57 124 82 187 187 187
61 124 83 187 187 187
57 124 81 187 187 187
61 124 82 187 187 187
61 124 81 187 187 187
58 123 86 187 187 187
59 123 86 187 187 187
58 123 85 187 187 187
60 123 86 187 187 187
59 123 87 187 187 187
58 123 84 187 187 187
60 123 85 187 187 187
58 123 83 187 187 187
60 123 84 187 187 187
57 123 83 187 187 187
59 123 83 187 187 187
60 123 83 187 187 187
57 123 82 187 187 187
61 123 83 187 187 187
57 123 81 187 187 187
61 123 82 187 187 187
61 123 81 187 187 187
58 122 86 187 187 187
59 122 86 187 187 187
58 122 85 187 187 187
60 122 86 187 187 187
59 122 87 187 187 187
58 122 84 187 187 187
60 122 85 187 187 187
58 122 83 187 187 187
60 122 84 187 187 187
57 122 83 187 187 187
59 122 83 187 187 187
60 122 83 187 187 187
57 122 82 187 187 187
61 122 83 187 187 187
57 122 81 187 187 187
61 122 82 187 187 187
61 122 81 187 187 187
65 124 85 187 187 187
64 124 85 187 187 187
66 124 85 187 187 187
65 124 84 187 187 187
64 124 86 187 187 187
66 124 86 187 187 187
65 124 83 187 187 187
65 124 82 187 187 187
65 124 81 187 187 187
65 123 85 187 187 187
64 123 85 187 187 187
66 123 85 187 187 187
65 123 84 187 187 187
64 123 86 187 187 187
66 123 86 187 187 187
65 123 83 187 187 187
65 123 82 187 187 187
65 123 81 187 187 187
65 122 85 187 187 187
64 122 85 187 187 187
66 122 85 187 187 187
65 122 84 187 187 187
64 122 86 187 187 187
66 122 86 187 187 187
65 122 83 187 187 187
65 122 82 187 187 187
65 122 81 187 187 187
69 124 86 187 187 187
69 124 85 187 187 187
69 124 87 187 187 187
69 124 84 187 187 187
70 124 87 187 187 187
70 124 84 187 187 187
69 124 83 187 187 187
71 124 87 187 187 187
71 124 84 187 187 187
69 124 82 187 187 187
72 124 87 187 187 187
72 124 84 187 187 187
69 124 81 187 187 187
70 124 81 187 187 187
71 124 81 187 187 187
72 124 81 187 187 187
69 123 86 187 187 187
69 123 85 187 187 187
69 123 87 187 187 187
69 123 84 187 187 187
70 123 87 187 187 187
70 123 84 187 187 187
69 123 83 187 187 187
71 123 87 187 187 187
71 123 84 187 187 187
69 123 82 187 187 187
72 123 87 187 187 187
72 123 84 187 187 187
69 123 81 187 187 187
70 123 81 187 187 187
71 123 81 187 187 187
72 123 81 187 187 187
69 122 86 187 187 187
69 122 85 187 187 187
69 122 87 187 187 187
69 122 84 187 187 187
70 122 87 187 187 187
70 122 84 187 187 187
69 122 83 187 187 187
71 122 87 187 187 187
71 122 84 187 187 187
69 122 82 187 187 187
72 122 87 187 187 187
72 122 84 187 187 187
69 122 81 187 187 187
70 122 81 187 187 187
71 122 81 187 187 187
72 122 81 187 187 187
74 124 84 187 187 187
75 124 84 187 187 187
74 124 83 187 187 187
74 124 85 187 187 187
76 124 84 187 187 187
74 124 82 187 187 187
74 124 86 187 187 187
76 124 83 187 187 187
76 124 85 187 187 187
74 124 81 187 187 187
74 124 87 187 187 187
77 124 83 187 187 187
77 124 85 187 187 187
76 124 86 187 187 187
75 124 87 187 187 187
77 124 82 187 187 187
77 124 86 187 187 187
76 124 87 187 187 187
77 124 81 187 187 187
78 124 81 187 187 187
74 123 84 187 187 187
75 123 84 187 187 187
74 123 83 187 187 187
74 123 85 187 187 187
76 123 84 187 187 187
74 123 82 187 187 187
74 123 86 187 187 187
76 123 83 187 187 187
76 123 85 187 187 187
74 123 81 187 187 187
74 123 87 187 187 187
77 123 83 187 187 187
77 123 85 187 187 187
76 123 86 187 187 187
75 123 87 187 187 187
77 123 82 187 187 187
77 123 86 187 187 187
76 123 87 187 187 187
77 123 81 187 187 187
78 123 81 187 187 187
74 122 84 187 187 187
75 122 84 187 187 187
74 122 83 187 187 187
74 122 85 187 187 187
76 122 84 187 187 187
74 122 82 187 187 187
74 122 86 187 187 187
76 122 83 187 187 187
76 122 85 187 187 187
74 122 81 187 187 187
74 122 87 187 187 187
77 122 83 187 187 187
77 122 85 187 187 187
76 122 86 187 187 187
75 122 87 187 187 187
77 122 82 187 187 187
77 122 86 187 187 187
76 122 87 187 187 187
77 122 81 187 187 187
78 122 81 187 187 187
63 124 87 187 187 187
63 123 87 187 187 187
63 122 87 187 187 187
67 124 87 187 187 187
67 123 87 187 187 187
67 122 87 187 187 187
