ply
format ascii 1.0
comment : MagicaVoxel @ Ephtracy
element vertex 400
property float x
property float z
property float y
property uchar red
property uchar green
property uchar blue
end_header
78 119 86 238 238 238
77 119 86 238 238 238
76 119 86 238 238 238
75 119 86 238 238 238
78 118 86 238 238 238
77 118 86 238 238 238
76 118 86 238 238 238
75 118 86 238 238 238
78 117 86 238 238 238
77 117 86 238 238 238
75 116 79 238 238 238
76 117 86 238 238 238
75 117 86 238 238 238
78 116 86 238 238 238
77 116 86 238 238 238
76 116 86 238 238 238
75 116 86 238 238 238
75 119 85 238 238 238
75 118 85 238 238 238
75 117 85 238 238 238
75 116 85 238 238 238
75 117 79 238 238 238
75 119 84 238 238 238
75 118 84 238 238 238
75 117 84 238 238 238
75 116 84 238 238 238
75 119 83 238 238 238
75 118 83 238 238 238
75 117 83 238 238 238
75 116 83 238 238 238
75 119 82 238 238 238
75 118 82 238 238 238
75 118 79 238 238 238
75 117 82 238 238 238
75 116 82 238 238 238
75 119 81 238 238 238
75 118 81 238 238 238
75 117 81 238 238 238
75 116 81 238 238 238
75 119 80 238 238 238
75 118 80 238 238 238
75 117 80 238 238 238
75 116 80 238 238 238
75 119 79 238 238 238
74 119 86 238 238 238
73 119 86 238 238 238
72 119 86 238 238 238
53 116 81 238 238 238
68 119 83 238 238 238
68 118 83 238 238 238
68 117 83 238 238 238
70 117 84 238 238 238
67 116 79 238 238 238
71 116 79 238 238 238
69 119 86 238 238 238
68 119 86 238 238 238
67 119 86 238 238 238
53 117 81 238 238 238
68 116 83 238 238 238
60 119 84 238 238 238
60 118 84 238 238 238
60 117 84 238 238 238
67 117 79 238 238 238
71 117 79 238 238 238
67 117 84 238 238 238
60 116 84 238 238 238
60 119 86 238 238 238
53 118 81 238 238 238
59 119 83 238 238 238
60 118 86 238 238 238
59 118 83 238 238 238
68 116 86 238 238 238
67 118 79 238 238 238
71 118 79 238 238 238
60 117 86 238 238 238
59 117 83 238 238 238
53 119 81 238 238 238
53 116 82 238 238 238
60 116 86 238 238 238
59 116 83 238 238 238
60 119 82 238 238 238
69 116 86 238 238 238
67 119 79 238 238 238
71 119 79 238 238 238
53 117 82 238 238 238
53 118 82 238 238 238
53 119 82 238 238 238
70 119 85 238 238 238
53 116 83 238 238 238
59 119 82 238 238 238
60 118 82 238 238 238
67 116 80 238 238 238
70 116 80 238 238 238
71 116 80 238 238 238
74 118 86 238 238 238
73 118 86 238 238 238
72 118 86 238 238 238
69 119 85 238 238 238
53 117 83 238 238 238
59 118 82 238 238 238
60 117 82 238 238 238
67 117 80 238 238 238
70 117 80 238 238 238
71 117 80 238 238 238
69 118 86 238 238 238
68 118 86 238 238 238
67 118 86 238 238 238
67 119 85 238 238 238
53 118 83 238 238 238
59 117 82 238 238 238
60 116 82 238 238 238
67 118 80 238 238 238
70 118 80 238 238 238
71 118 80 238 238 238
72 116 86 238 238 238
73 116 86 238 238 238
59 116 82 238 238 238
70 118 85 238 238 238
53 119 83 238 238 238
60 119 81 238 238 238
59 119 81 238 238 238
67 119 80 238 238 238
70 119 80 238 238 238
71 119 80 238 238 238
58 119 81 238 238 238
70 116 84 238 238 238
60 118 81 238 238 238
59 118 81 238 238 238
58 118 81 238 238 238
60 117 81 238 238 238
59 117 81 238 238 238
58 117 81 238 238 238
60 116 81 238 238 238
67 116 81 238 238 238
69 116 81 238 238 238
70 116 81 238 238 238
59 116 81 238 238 238
67 116 84 238 238 238
58 116 81 238 238 238
58 119 80 238 238 238
58 118 80 238 238 238
58 117 80 238 238 238
74 116 86 238 238 238
58 116 80 238 238 238
58 119 79 238 238 238
67 117 81 238 238 238
69 117 81 238 238 238
70 117 81 238 238 238
57 119 79 238 238 238
58 118 79 238 238 238
57 118 79 238 238 238
58 117 79 238 238 238
57 117 79 238 238 238
70 117 85 238 238 238
69 117 85 238 238 238
67 117 85 238 238 238
58 116 79 238 238 238
67 118 81 238 238 238
69 118 81 238 238 238
70 118 81 238 238 238
57 116 79 238 238 238
69 118 85 238 238 238
58 119 82 238 238 238
70 119 83 238 238 238
58 118 82 238 238 238
58 117 82 238 238 238
58 116 82 238 238 238
59 119 84 238 238 238
70 116 85 238 238 238
67 119 81 238 238 238
69 119 81 238 238 238
70 119 81 238 238 238
59 118 84 238 238 238
59 117 84 238 238 238
59 116 84 238 238 238
69 116 85 238 238 238
67 116 85 238 238 238
69 119 83 238 238 238
60 119 85 238 238 238
56 119 86 238 238 238
67 116 82 238 238 238
68 116 82 238 238 238
69 116 82 238 238 238
74 117 86 238 238 238
73 117 86 238 238 238
55 119 86 238 238 238
67 118 85 238 238 238
54 119 86 238 238 238
67 119 83 238 238 238
70 119 84 238 238 238
67 119 84 238 238 238
67 117 82 238 238 238
68 117 82 238 238 238
69 117 82 238 238 238
72 117 86 238 238 238
69 117 86 238 238 238
53 119 86 238 238 238
70 117 83 238 238 238
63 119 82 238 238 238
62 119 82 238 238 238
61 119 82 238 238 238
52 119 86 238 238 238
67 118 82 238 238 238
68 118 82 238 238 238
69 118 82 238 238 238
68 117 86 238 238 238
67 117 86 238 238 238
51 119 86 238 238 238
67 116 86 238 238 238
70 118 84 238 238 238
67 118 84 238 238 238
70 118 83 238 238 238
69 118 83 238 238 238
67 119 82 238 238 238
68 119 82 238 238 238
69 119 82 238 238 238
60 118 85 238 238 238
67 118 83 238 238 238
63 118 82 238 238 238
69 117 83 238 238 238
60 117 85 238 238 238
62 118 82 238 238 238
67 116 83 238 238 238
60 116 85 238 238 238
69 116 83 238 238 238
70 116 83 238 238 238
61 118 82 238 238 238
50 119 86 238 238 238
56 118 86 238 238 238
67 117 83 238 238 238
63 117 82 238 238 238
62 117 82 238 238 238
55 118 86 238 238 238
54 118 86 238 238 238
53 118 86 238 238 238
52 118 86 238 238 238
51 118 86 238 238 238
62 116 83 238 238 238
50 118 86 238 238 238
62 117 83 238 238 238
56 117 86 238 238 238
62 118 83 238 238 238
55 117 86 238 238 238
62 119 83 238 238 238
54 117 86 238 238 238
61 116 84 238 238 238
62 116 84 238 238 238
53 117 86 238 238 238
61 117 84 238 238 238
62 117 84 238 238 238
52 117 86 238 238 238
61 118 84 238 238 238
62 118 84 238 238 238
51 117 86 238 238 238
61 119 84 238 238 238
62 119 84 238 238 238
50 117 86 238 238 238
61 116 85 238 238 238
56 116 86 238 238 238
61 117 85 238 238 238
55 116 86 238 238 238
61 118 85 238 238 238
54 116 86 238 238 238
61 119 85 238 238 238
61 117 82 238 238 238
61 116 86 238 238 238
53 116 86 238 238 238
61 117 86 238 238 238
52 116 86 238 238 238
61 118 86 238 238 238
63 116 82 238 238 238
61 119 86 238 238 238
64 116 79 238 238 238
64 117 79 238 238 238
64 118 79 238 238 238
64 119 79 238 238 238
62 116 82 238 238 238
61 116 82 238 238 238
63 116 79 238 238 238
51 116 86 238 238 238
50 116 86 238 238 238
63 117 79 238 238 238
63 119 81 238 238 238
62 119 81 238 238 238
63 118 79 238 238 238
61 119 81 238 238 238
63 118 81 238 238 238
63 119 79 238 238 238
62 118 81 238 238 238
63 116 80 238 238 238
61 118 81 238 238 238
63 117 80 238 238 238
63 117 81 238 238 238
63 118 80 238 238 238
62 117 81 238 238 238
63 119 80 238 238 238
61 117 81 238 238 238
63 116 81 238 238 238
62 116 81 238 238 238
61 116 81 238 238 238
53 116 84 238 238 238
53 118 80 238 238 238
53 119 80 238 238 238
53 119 85 238 238 238
53 117 84 238 238 238
53 118 79 238 238 238
53 119 79 238 238 238
53 118 85 238 238 238
53 118 84 238 238 238
53 116 79 238 238 238
53 117 79 238 238 238
53 117 85 238 238 238
53 119 84 238 238 238
53 116 80 238 238 238
53 117 80 238 238 238
53 116 85 238 238 238
45 116 79 238 238 238
45 117 79 238 238 238
45 118 79 238 238 238
45 119 79 238 238 238
45 116 86 238 238 238
46 116 86 238 238 238
47 116 86 238 238 238
45 117 86 238 238 238
46 117 86 238 238 238
47 117 86 238 238 238
45 118 86 238 238 238
46 118 86 238 238 238
47 118 86 238 238 238
45 119 86 238 238 238
46 119 86 238 238 238
47 119 86 238 238 238
46 116 79 238 238 238
47 116 79 238 238 238
46 117 79 238 238 238
47 117 79 238 238 238
46 118 79 238 238 238
47 118 79 238 238 238
46 119 79 238 238 238
47 119 79 238 238 238
44 116 80 238 238 238
45 116 80 238 238 238
47 116 80 238 238 238
48 116 80 238 238 238
44 117 80 238 238 238
45 117 80 238 238 238
47 117 80 238 238 238
48 117 80 238 238 238
44 118 80 238 238 238
45 118 80 238 238 238
47 118 80 238 238 238
48 118 80 238 238 238
44 119 80 238 238 238
45 119 80 238 238 238
47 119 80 238 238 238
48 119 80 238 238 238
47 116 81 238 238 238
48 116 81 238 238 238
47 117 81 238 238 238
48 117 81 238 238 238
47 118 81 238 238 238
48 118 81 238 238 238
47 119 81 238 238 238
48 119 81 238 238 238
46 116 82 238 238 238
47 116 82 238 238 238
46 117 82 238 238 238
47 117 82 238 238 238
46 118 82 238 238 238
47 118 82 238 238 238
46 119 82 238 238 238
47 119 82 238 238 238
45 116 83 238 238 238
46 116 83 238 238 238
45 117 83 238 238 238
46 117 83 238 238 238
45 118 83 238 238 238
46 118 83 238 238 238
45 119 83 238 238 238
46 119 83 238 238 238
44 116 84 238 238 238
45 116 84 238 238 238
44 117 84 238 238 238
45 117 84 238 238 238
44 118 84 238 238 238
45 118 84 238 238 238
44 119 84 238 238 238
45 119 84 238 238 238
44 116 85 238 238 238
45 116 85 238 238 238
48 116 85 238 238 238
44 117 85 238 238 238
45 117 85 238 238 238
48 117 85 238 238 238
44 118 85 238 238 238
45 118 85 238 238 238
48 118 85 238 238 238
44 119 85 238 238 238
45 119 85 238 238 238
48 119 85 238 238 238
