ply
format ascii 1.0
comment : MagicaVoxel @ Ephtracy
element vertex 4479
property float x
property float z
property float y
property uchar red
property uchar green
property uchar blue
origin 20 0 20
scale 0.026 0.026 0.026
end_header
31 33 31 0 238 0
29 33 31 0 238 0
28 33 31 0 238 0
26 33 31 0 238 0
15 33 31 0 238 0
14 33 31 0 238 0
13 33 31 102 51 0
12 33 31 102 51 0
11 33 31 102 51 0
10 33 31 102 51 0
9 33 31 102 51 0
8 33 31 102 51 0
7 33 31 102 51 0
6 33 31 102 51 0
32 32 31 0 238 0
31 32 31 0 238 0
30 32 31 0 238 0
29 32 31 0 238 0
28 32 31 0 238 0
27 32 31 0 238 0
26 32 31 0 238 0
15 32 31 0 238 0
14 32 31 0 238 0
13 32 31 0 238 0
12 32 31 0 238 0
11 32 31 102 51 0
10 32 31 102 51 0
9 32 31 102 51 0
8 32 31 102 51 0
7 32 31 102 51 0
6 32 31 102 51 0
32 31 31 0 238 0
31 31 31 0 238 0
30 31 31 0 238 0
29 31 31 0 238 0
28 31 31 0 238 0
27 31 31 0 238 0
26 31 31 0 238 0
15 31 31 0 238 0
14 31 31 0 238 0
13 31 31 0 238 0
12 31 31 0 238 0
11 31 31 0 238 0
10 31 31 0 238 0
31 30 31 0 238 0
30 30 31 0 238 0
29 30 31 0 238 0
28 30 31 0 238 0
27 30 31 0 238 0
26 30 31 0 238 0
11 30 31 0 238 0
30 29 31 0 238 0
29 29 31 0 238 0
28 29 31 0 238 0
27 29 31 0 238 0
19 18 31 102 51 0
32 33 30 0 238 0
31 33 30 0 238 0
30 33 30 0 238 0
29 33 30 0 238 0
28 33 30 0 238 0
27 33 30 0 238 0
14 33 30 0 238 0
13 33 30 0 238 0
12 33 30 0 238 0
11 33 30 0 238 0
7 33 30 102 51 0
6 33 30 102 51 0
32 32 30 0 238 0
31 32 30 0 238 0
30 32 30 0 238 0
29 32 30 0 238 0
28 32 30 0 238 0
27 32 30 0 238 0
26 32 30 0 238 0
11 32 30 0 238 0
7 32 30 102 51 0
6 32 30 102 51 0
32 31 30 0 238 0
31 31 30 0 238 0
30 31 30 0 238 0
29 31 30 0 238 0
28 31 30 0 238 0
27 31 30 0 238 0
26 31 30 0 238 0
25 31 30 0 238 0
11 31 30 0 238 0
30 30 30 0 238 0
29 30 30 0 238 0
28 30 30 0 238 0
27 30 30 0 238 0
26 30 30 0 238 0
11 30 30 0 238 0
30 29 30 0 238 0
29 29 30 0 238 0
28 29 30 0 238 0
27 29 30 0 238 0
19 18 30 102 51 0
29 33 29 0 238 0
28 33 29 0 238 0
27 33 29 0 238 0
7 33 29 102 51 0
6 33 29 102 51 0
31 32 29 0 238 0
30 32 29 0 238 0
29 32 29 0 238 0
28 32 29 0 238 0
27 32 29 0 238 0
7 32 29 102 51 0
6 32 29 102 51 0
31 31 29 0 238 0
30 31 29 0 238 0
28 31 29 0 238 0
27 31 29 0 238 0
25 31 29 0 238 0
31 30 29 0 238 0
30 30 29 0 238 0
29 30 29 0 238 0
28 30 29 0 238 0
27 30 29 0 238 0
31 29 29 0 238 0
30 29 29 0 238 0
29 29 29 0 238 0
28 29 29 0 238 0
27 29 29 0 238 0
18 21 29 102 51 0
17 21 29 102 51 0
6 17 29 0 238 0
29 33 28 0 238 0
27 33 28 0 238 0
26 33 28 0 238 0
25 33 28 0 238 0
7 33 28 102 51 0
6 33 28 102 51 0
31 32 28 0 238 0
30 32 28 0 238 0
29 32 28 0 238 0
28 32 28 102 51 0
27 32 28 102 51 0
26 32 28 0 238 0
25 32 28 0 238 0
7 32 28 102 51 0
6 32 28 102 51 0
31 31 28 0 238 0
30 31 28 0 238 0
28 31 28 102 51 0
27 31 28 102 51 0
26 31 28 0 238 0
25 31 28 0 238 0
31 30 28 0 238 0
30 30 28 0 238 0
31 29 28 0 238 0
30 29 28 0 238 0
6 18 28 0 238 0
7 17 28 0 238 0
6 17 28 0 238 0
5 17 28 0 238 0
6 16 28 0 238 0
7 33 27 102 51 0
6 33 27 102 51 0
28 32 27 102 51 0
27 32 27 102 51 0
7 32 27 102 51 0
6 32 27 102 51 0
28 31 27 102 51 0
27 31 27 102 51 0
6 19 27 0 238 0
7 18 27 0 238 0
6 18 27 0 238 0
5 18 27 0 238 0
17 17 27 102 51 0
8 17 27 0 238 0
7 17 27 0 238 0
6 17 27 0 238 0
5 17 27 0 238 0
4 17 27 0 238 0
7 16 27 0 238 0
6 16 27 0 238 0
5 16 27 0 238 0
6 15 27 0 238 0
7 33 26 102 51 0
6 33 26 102 51 0
28 32 26 102 51 0
27 32 26 102 51 0
7 32 26 102 51 0
6 32 26 102 51 0
28 31 26 102 51 0
27 31 26 102 51 0
6 20 26 0 238 0
7 19 26 0 238 0
6 19 26 0 238 0
5 19 26 0 238 0
8 18 26 0 238 0
7 18 26 0 238 0
6 18 26 0 238 0
5 18 26 0 238 0
4 18 26 0 238 0
17 17 26 102 51 0
9 17 26 0 238 0
8 17 26 0 238 0
7 17 26 0 238 0
6 17 26 0 238 0
5 17 26 0 238 0
4 17 26 0 238 0
3 17 26 0 238 0
8 16 26 0 238 0
7 16 26 0 238 0
6 16 26 0 238 0
5 16 26 0 238 0
4 16 26 0 238 0
7 15 26 0 238 0
6 15 26 0 238 0
5 15 26 0 238 0
6 14 26 0 238 0
7 33 25 102 51 0
6 33 25 102 51 0
28 32 25 102 51 0
27 32 25 102 51 0
7 32 25 102 51 0
6 32 25 102 51 0
28 31 25 102 51 0
27 31 25 102 51 0
6 17 25 102 51 0
7 33 24 102 51 0
6 33 24 102 51 0
28 32 24 102 51 0
27 32 24 102 51 0
7 32 24 102 51 0
6 32 24 102 51 0
28 31 24 102 51 0
27 31 24 102 51 0
6 17 24 102 51 0
7 33 23 102 51 0
6 33 23 102 51 0
28 32 23 102 51 0
27 32 23 102 51 0
7 32 23 102 51 0
6 32 23 102 51 0
28 31 23 102 51 0
27 31 23 102 51 0
15 23 23 102 51 0
18 22 23 102 51 0
16 22 23 102 51 0
20 21 23 102 51 0
20 18 23 102 51 0
15 18 23 102 51 0
20 17 23 102 51 0
6 17 23 102 51 0
8 33 22 102 51 0
7 33 22 102 51 0
6 33 22 102 51 0
5 33 22 102 51 0
4 33 22 102 51 0
28 32 22 102 51 0
27 32 22 102 51 0
7 32 22 102 51 0
6 32 22 102 51 0
28 31 22 102 51 0
27 31 22 102 51 0
7 31 22 102 51 0
16 23 22 102 51 0
15 23 22 102 51 0
17 22 22 102 51 0
20 19 22 102 51 0
21 18 22 102 51 0
20 18 22 102 51 0
21 17 22 102 51 0
20 17 22 102 51 0
6 17 22 102 51 0
13 16 22 102 51 0
9 33 21 102 51 0
8 33 21 102 51 0
7 33 21 102 51 0
6 33 21 102 51 0
5 33 21 102 51 0
28 32 21 102 51 0
27 32 21 102 51 0
8 32 21 102 51 0
7 32 21 102 51 0
6 32 21 102 51 0
28 31 21 102 51 0
27 31 21 102 51 0
7 31 21 102 51 0
6 31 21 102 51 0
7 30 21 102 51 0
18 24 21 102 51 0
15 23 21 102 51 0
14 23 21 102 51 0
21 19 21 102 51 0
14 19 21 102 51 0
20 18 21 102 51 0
13 18 21 102 51 0
6 17 21 102 51 0
20 16 21 102 51 0
14 16 21 102 51 0
13 16 21 102 51 0
15 15 21 102 51 0
12 15 21 102 51 0
18 14 21 102 51 0
29 33 32 0 238 0
28 33 32 0 238 0
29 32 32 0 238 0
28 32 32 0 238 0
27 32 32 0 238 0
29 31 32 0 238 0
28 31 32 0 238 0
27 31 32 0 238 0
29 34 32 0 238 0
28 34 32 0 238 0
26 33 32 0 238 0
26 32 32 0 238 0
26 31 32 0 238 0
29 30 32 0 238 0
28 30 32 0 238 0
27 30 32 0 238 0
26 30 32 0 238 0
29 34 31 0 238 0
28 34 31 0 238 0
29 34 30 0 238 0
28 34 30 0 238 0
27 34 30 0 238 0
29 34 29 0 238 0
28 34 29 0 238 0
27 34 29 0 238 0
26 34 29 0 238 0
29 34 28 0 238 0
27 34 28 0 238 0
26 34 28 0 238 0
27 35 29 0 238 0
26 35 29 0 238 0
27 35 28 0 238 0
26 35 28 0 238 0
3 28 42 0 238 0
31 31 32 0 238 0
30 31 32 0 238 0
31 30 32 0 238 0
30 30 32 0 238 0
30 31 33 0 238 0
29 31 33 0 238 0
30 30 33 0 238 0
29 30 33 0 238 0
30 32 32 0 238 0
26 33 33 0 238 0
26 32 33 0 238 0
15 33 32 0 238 0
14 33 32 0 238 0
15 32 32 0 238 0
14 32 32 0 238 0
29 35 29 0 238 0
10 35 42 0 238 0
9 35 42 0 238 0
8 35 42 0 238 0
10 34 42 0 238 0
9 34 42 0 238 0
7 33 42 0 238 0
10 35 41 0 238 0
9 35 41 0 238 0
8 35 41 0 238 0
7 35 41 0 238 0
10 34 41 0 238 0
9 34 41 0 238 0
8 34 41 0 238 0
7 34 41 0 238 0
9 33 41 0 238 0
8 33 41 0 238 0
7 33 41 0 238 0
10 35 40 0 238 0
9 35 40 0 238 0
8 35 40 0 238 0
7 35 40 0 238 0
10 34 40 0 238 0
9 34 40 0 238 0
8 34 40 0 238 0
15 21 35 102 51 0
7 34 40 0 238 0
9 33 40 0 238 0
8 33 40 0 238 0
7 33 40 0 238 0
7 35 39 0 238 0
7 34 39 0 238 0
8 33 39 0 238 0
7 33 39 0 238 0
7 35 38 0 238 0
7 34 38 0 238 0
7 33 38 102 51 0
7 33 37 102 51 0
7 33 36 102 51 0
7 33 35 102 51 0
7 33 34 102 51 0
7 33 33 102 51 0
10 35 32 0 238 0
10 34 32 0 238 0
10 33 32 102 51 0
8 33 32 102 51 0
7 33 32 102 51 0
10 35 31 0 238 0
10 34 31 0 238 0
8 36 43 0 238 0
8 35 43 0 238 0
6 31 43 0 238 0
8 36 42 0 238 0
6 33 42 0 238 0
8 32 42 0 238 0
7 32 42 0 238 0
6 32 42 0 238 0
8 31 42 0 238 0
7 31 42 0 238 0
6 31 42 0 238 0
8 37 41 0 238 0
7 37 41 0 238 0
8 36 41 0 238 0
6 35 41 0 238 0
6 34 41 0 238 0
6 33 41 0 238 0
8 32 41 0 238 0
7 32 41 0 238 0
6 32 41 0 238 0
8 31 41 0 238 0
7 31 41 0 238 0
6 31 41 0 238 0
5 31 43 0 238 0
4 31 43 0 238 0
6 30 43 0 238 0
5 30 43 0 238 0
4 30 43 0 238 0
5 29 43 0 238 0
4 29 43 0 238 0
5 36 42 0 238 0
4 36 42 0 238 0
5 35 42 0 238 0
4 35 42 0 238 0
5 34 42 0 238 0
4 34 42 0 238 0
5 31 42 0 238 0
4 31 42 0 238 0
6 30 42 0 238 0
5 30 42 0 238 0
4 30 42 0 238 0
5 29 42 0 238 0
4 29 42 0 238 0
5 37 41 0 238 0
5 36 41 0 238 0
4 36 41 0 238 0
5 35 41 0 238 0
4 35 41 0 238 0
5 34 41 0 238 0
4 34 41 0 238 0
5 33 41 0 238 0
4 33 41 0 238 0
4 32 41 0 238 0
5 31 41 0 238 0
4 31 41 0 238 0
6 30 41 0 238 0
5 30 41 0 238 0
4 30 41 0 238 0
7 29 41 0 238 0
5 29 41 0 238 0
4 29 41 0 238 0
7 37 40 0 238 0
6 37 40 0 238 0
5 37 40 0 238 0
7 36 40 0 238 0
6 36 40 0 238 0
6 35 40 0 238 0
5 35 40 0 238 0
4 35 40 0 238 0
6 34 40 0 238 0
32 33 31 0 238 0
5 34 40 0 238 0
4 34 40 0 238 0
6 33 40 0 238 0
5 33 40 0 238 0
4 33 40 0 238 0
7 32 40 0 238 0
6 32 40 0 238 0
5 32 40 0 238 0
4 32 40 0 238 0
7 31 40 0 238 0
6 31 40 0 238 0
5 31 40 0 238 0
4 31 40 0 238 0
7 30 40 0 238 0
29 35 28 0 238 0
6 30 40 0 238 0
16 19 43 102 51 0
5 30 40 0 238 0
4 30 40 0 238 0
7 29 40 0 238 0
6 29 40 0 238 0
7 37 39 0 238 0
6 37 39 0 238 0
5 37 39 0 238 0
7 36 39 0 238 0
6 36 39 0 238 0
6 35 39 0 238 0
5 35 39 0 238 0
4 35 39 0 238 0
6 34 39 0 238 0
5 34 39 0 238 0
4 34 39 0 238 0
6 33 39 0 238 0
5 33 39 0 238 0
4 33 39 0 238 0
7 32 39 0 238 0
6 32 39 0 238 0
5 32 39 0 238 0
4 32 39 0 238 0
7 31 39 0 238 0
6 31 39 0 238 0
5 31 39 0 238 0
4 31 39 0 238 0
7 30 39 0 238 0
6 30 39 0 238 0
5 30 39 0 238 0
4 30 39 0 238 0
7 29 39 0 238 0
6 29 39 0 238 0
7 37 38 0 238 0
6 37 38 0 238 0
7 36 38 0 238 0
6 36 38 0 238 0
6 35 38 0 238 0
6 34 38 0 238 0
6 33 38 102 51 0
5 33 38 0 238 0
7 32 38 102 51 0
6 32 38 102 51 0
5 32 38 0 238 0
7 31 38 0 238 0
6 31 38 0 238 0
2 31 43 0 238 0
3 31 43 0 238 0
2 32 42 0 238 0
3 31 42 0 238 0
2 31 42 0 238 0
20 26 47 0 238 0
3 32 41 0 238 0
20 25 47 0 238 0
20 26 46 0 238 0
19 26 46 0 238 0
20 25 46 0 238 0
3 33 40 0 238 0
2 33 40 0 238 0
20 21 51 0 238 0
8 32 40 0 238 0
20 20 51 0 238 0
3 32 40 0 238 0
2 32 40 0 238 0
8 31 40 0 238 0
20 20 50 0 238 0
8 32 39 0 238 0
8 31 39 0 238 0
6 33 37 102 51 0
7 32 37 102 51 0
6 32 37 102 51 0
6 33 36 102 51 0
7 32 36 102 51 0
6 32 36 102 51 0
6 33 35 102 51 0
7 32 35 102 51 0
6 32 35 102 51 0
20 21 50 0 238 0
6 33 34 102 51 0
7 32 34 102 51 0
20 21 49 0 238 0
6 32 34 102 51 0
6 33 33 102 51 0
7 32 33 102 51 0
15 22 50 0 238 0
14 22 50 0 238 0
13 22 50 0 238 0
12 22 50 0 238 0
11 22 50 0 238 0
14 21 50 0 238 0
13 21 50 0 238 0
12 21 50 0 238 0
11 21 50 0 238 0
14 20 50 0 238 0
13 20 50 0 238 0
12 20 50 0 238 0
11 20 50 0 238 0
15 22 49 0 238 0
14 22 49 0 238 0
13 22 49 0 238 0
14 21 49 0 238 0
13 21 49 0 238 0
15 22 48 0 238 0
14 22 48 0 238 0
6 32 33 102 51 0
14 21 48 0 238 0
6 33 32 102 51 0
14 19 52 0 238 0
8 32 32 102 51 0
7 32 32 102 51 0
6 32 32 102 51 0
6 34 22 102 51 0
8 34 21 102 51 0
7 34 21 102 51 0
5 34 21 102 51 0
13 32 35 0 238 0
12 32 35 0 238 0
13 31 35 0 238 0
14 19 49 0 238 0
12 31 35 0 238 0
15 21 52 0 238 0
15 20 52 0 238 0
15 19 52 0 238 0
15 18 52 0 238 0
15 21 51 0 238 0
15 20 51 0 238 0
13 32 34 0 238 0
15 21 50 0 238 0
15 20 50 0 238 0
12 32 34 0 238 0
15 21 49 0 238 0
15 20 49 0 238 0
13 31 34 0 238 0
15 21 48 0 238 0
12 31 34 0 238 0
13 33 33 0 238 0
17 18 51 0 238 0
16 18 51 0 238 0
12 33 33 0 238 0
17 17 51 0 238 0
16 17 51 0 238 0
11 33 33 0 238 0
13 32 33 0 238 0
12 32 33 0 238 0
15 18 49 0 238 0
11 32 33 0 238 0
12 31 33 0 238 0
11 31 33 0 238 0
12 35 32 0 238 0
11 35 32 0 238 0
13 34 32 0 238 0
12 34 32 0 238 0
11 34 32 0 238 0
13 33 32 0 238 0
12 33 32 102 51 0
11 33 32 102 51 0
13 32 32 0 238 0
12 32 32 0 238 0
11 32 32 0 238 0
10 32 32 102 51 0
13 31 32 0 238 0
12 31 32 0 238 0
11 31 32 0 238 0
12 35 31 0 238 0
11 35 31 0 238 0
13 34 31 0 238 0
17 18 50 0 238 0
16 18 50 0 238 0
12 34 31 0 238 0
17 17 50 0 238 0
11 34 31 0 238 0
13 34 30 0 238 0
12 34 30 0 238 0
17 18 49 0 238 0
16 18 49 0 238 0
11 34 30 0 238 0
8 37 40 0 238 0
7 38 40 0 238 0
8 38 40 0 238 0
7 38 41 0 238 0
8 38 41 0 238 0
15 19 40 102 51 0
8 28 41 0 238 0
7 28 41 0 238 0
8 28 40 0 238 0
7 28 40 0 238 0
19 22 49 0 238 0
9 29 42 0 238 0
8 29 42 0 238 0
9 29 41 0 238 0
8 29 41 0 238 0
11 31 43 0 238 0
11 30 43 0 238 0
10 30 43 0 238 0
11 31 42 0 238 0
11 30 42 0 238 0
10 30 42 0 238 0
10 31 43 0 238 0
9 31 43 0 238 0
10 31 42 0 238 0
9 31 42 0 238 0
9 30 42 0 238 0
19 22 48 0 238 0
9 31 41 0 238 0
9 30 41 0 238 0
9 31 40 0 238 0
9 30 40 0 238 0
8 30 42 0 238 0
8 30 41 0 238 0
9 32 41 0 238 0
21 21 49 0 238 0
21 20 49 0 238 0
9 32 40 0 238 0
4 28 42 0 238 0
3 29 42 0 238 0
20 22 48 0 238 0
8 30 40 0 238 0
8 29 40 0 238 0
3 30 42 0 238 0
3 28 43 0 238 0
18 24 48 0 238 0
18 23 48 0 238 0
8 30 39 0 238 0
8 29 39 0 238 0
15 31 32 0 238 0
14 31 32 0 238 0
9 36 41 0 238 0
9 36 42 0 238 0
9 35 43 0 238 0
9 36 43 0 238 0
4 28 43 0 238 0
17 17 39 102 51 0
3 29 43 0 238 0
3 30 43 0 238 0
2 30 42 0 238 0
2 30 43 0 238 0
1 31 42 0 238 0
1 32 42 0 238 0
19 21 43 102 51 0
19 21 42 102 51 0
9 32 32 102 51 0
15 21 36 102 51 0
16 17 39 102 51 0
17 17 40 102 51 0
16 17 40 102 51 0
20 17 42 0 238 0
20 18 42 0 238 0
20 24 45 0 238 0
20 17 43 0 238 0
20 18 43 0 238 0
20 16 43 0 238 0
18 16 43 0 238 0
19 16 43 0 238 0
22 16 43 0 238 0
22 16 44 0 238 0
18 15 44 0 238 0
19 15 44 0 238 0
22 18 49 0 238 0
20 15 44 0 238 0
20 15 45 0 238 0
20 15 46 0 238 0
18 14 45 0 238 0
19 14 45 0 238 0
17 16 43 0 238 0
22 17 48 0 238 0
17 16 44 0 238 0
13 14 46 0 238 0
13 14 47 0 238 0
13 14 48 0 238 0
14 14 48 0 238 0
12 15 46 0 238 0
12 16 46 0 238 0
12 15 47 0 238 0
16 19 45 0 238 0
15 19 46 0 238 0
16 19 46 0 238 0
15 20 46 0 238 0
22 16 47 0 238 0
16 20 46 0 238 0
16 21 47 0 238 0
21 15 48 0 238 0
14 19 46 0 238 0
21 16 47 0 238 0
13 19 47 0 238 0
14 20 46 0 238 0
21 15 46 0 238 0
22 16 45 0 238 0
17 21 47 0 238 0
22 15 45 0 238 0
21 15 45 0 238 0
17 11 48 0 238 0
16 11 48 0 238 0
21 12 50 0 238 0
15 11 49 0 238 0
19 11 50 0 238 0
19 11 47 0 238 0
18 11 47 0 238 0
20 13 50 0 238 0
20 12 50 0 238 0
19 12 50 0 238 0
21 15 49 0 238 0
20 15 49 0 238 0
21 14 49 0 238 0
20 16 47 0 238 0
19 16 47 0 238 0
19 14 50 0 238 0
18 14 50 0 238 0
19 13 50 0 238 0
18 13 50 0 238 0
20 19 43 0 238 0
20 19 44 0 238 0
19 22 42 0 238 0
19 22 43 0 238 0
19 22 44 0 238 0
19 22 45 0 238 0
20 21 45 0 238 0
21 21 45 0 238 0
21 15 47 0 238 0
20 15 47 0 238 0
19 15 47 0 238 0
21 14 47 0 238 0
20 14 49 0 238 0
19 14 49 0 238 0
18 14 49 0 238 0
20 13 49 0 238 0
19 13 49 0 238 0
18 13 49 0 238 0
20 12 49 0 238 0
19 12 49 0 238 0
18 12 49 0 238 0
20 14 48 0 238 0
20 13 48 0 238 0
20 12 48 0 238 0
20 14 47 0 238 0
20 13 47 0 238 0
20 12 47 0 238 0
20 14 46 0 238 0
20 13 46 0 238 0
20 12 46 0 238 0
19 14 48 0 238 0
18 14 48 0 238 0
19 13 48 0 238 0
18 13 48 0 238 0
19 12 48 0 238 0
18 12 48 0 238 0
20 22 45 0 238 0
21 22 45 0 238 0
19 13 47 0 238 0
18 13 47 0 238 0
20 23 45 0 238 0
21 23 45 0 238 0
19 20 47 0 238 0
22 18 45 0 238 0
22 21 45 0 238 0
22 18 46 0 238 0
19 18 47 0 238 0
20 18 47 0 238 0
19 12 47 0 238 0
18 12 47 0 238 0
19 19 47 0 238 0
18 18 48 0 238 0
19 13 46 0 238 0
18 13 46 0 238 0
19 12 46 0 238 0
18 12 46 0 238 0
17 13 49 0 238 0
16 13 49 0 238 0
15 13 49 0 238 0
17 12 49 0 238 0
16 12 49 0 238 0
15 12 49 0 238 0
17 13 48 0 238 0
20 18 48 0 238 0
17 12 48 0 238 0
20 20 48 0 238 0
15 12 48 0 238 0
17 12 47 0 238 0
20 21 48 0 238 0
13 18 43 0 238 0
13 19 43 0 238 0
13 20 43 0 238 0
13 18 44 0 238 0
17 13 47 0 238 0
13 19 44 0 238 0
17 13 46 0 238 0
13 20 44 0 238 0
13 21 44 0 238 0
17 13 45 0 238 0
16 13 45 0 238 0
13 21 45 0 238 0
13 20 47 0 238 0
13 19 48 0 238 0
13 20 48 0 238 0
11 17 46 0 238 0
11 18 46 0 238 0
11 17 47 0 238 0
11 18 47 0 238 0
15 13 45 0 238 0
15 14 48 0 238 0
15 13 48 0 238 0
11 17 48 0 238 0
11 18 48 0 238 0
12 16 49 0 238 0
12 21 46 0 238 0
12 15 49 0 238 0
13 14 49 0 238 0
12 14 49 0 238 0
14 21 47 0 238 0
12 15 48 0 238 0
12 14 48 0 238 0
8 18 49 0 238 0
9 17 49 0 238 0
8 17 49 0 238 0
8 18 48 0 238 0
9 17 48 0 238 0
8 17 48 0 238 0
9 19 49 0 238 0
10 18 49 0 238 0
9 18 49 0 238 0
9 19 48 0 238 0
9 18 48 0 238 0
15 21 47 0 238 0
10 20 49 0 238 0
10 19 49 0 238 0
12 18 49 0 238 0
10 20 48 0 238 0
10 19 48 0 238 0
11 17 49 0 238 0
10 20 47 0 238 0
12 17 49 0 238 0
11 18 49 0 238 0
10 16 47 0 238 0
11 16 47 0 238 0
10 17 47 0 238 0
10 18 47 0 238 0
10 16 48 0 238 0
11 16 48 0 238 0
10 19 47 0 238 0
10 18 48 0 238 0
10 17 48 0 238 0
34 38 20 0 170 0
33 38 20 0 170 0
32 38 20 0 170 0
31 38 20 0 170 0
30 38 20 0 170 0
29 38 20 0 170 0
28 38 20 0 170 0
27 38 20 0 170 0
26 38 20 0 170 0
25 38 20 0 170 0
24 38 20 0 170 0
23 38 20 0 170 0
22 38 20 0 170 0
21 38 20 0 170 0
20 38 20 0 170 0
19 38 20 0 170 0
18 38 20 0 170 0
17 38 20 0 170 0
16 38 20 0 170 0
15 38 20 0 170 0
14 38 20 0 170 0
13 38 20 0 170 0
12 38 20 0 170 0
11 38 20 0 170 0
10 38 20 0 170 0
9 38 20 0 170 0
8 38 20 0 170 0
7 38 20 0 170 0
6 38 20 0 170 0
5 38 20 0 170 0
4 38 20 0 170 0
3 38 20 0 170 0
2 38 20 0 170 0
1 38 20 0 170 0
0 38 20 0 170 0
39 38 20 0 170 0
38 38 20 0 170 0
37 38 20 0 170 0
36 38 20 0 170 0
35 38 20 0 170 0
34 37 20 0 170 0
33 37 20 0 170 0
32 37 20 0 170 0
31 37 20 0 170 0
30 37 20 0 170 0
29 37 20 0 170 0
28 37 20 0 170 0
27 37 20 0 170 0
26 37 20 0 170 0
25 37 20 0 170 0
24 37 20 0 170 0
23 37 20 0 170 0
22 37 20 0 170 0
21 37 20 0 170 0
20 37 20 0 170 0
19 37 20 0 170 0
18 37 20 0 170 0
17 37 20 0 170 0
16 37 20 0 170 0
15 37 20 0 170 0
14 37 20 0 170 0
13 37 20 0 170 0
12 37 20 0 170 0
11 37 20 0 170 0
10 37 20 0 170 0
9 37 20 0 170 0
8 37 20 0 170 0
7 37 20 0 170 0
6 37 20 0 170 0
5 37 20 0 170 0
4 37 20 0 170 0
3 37 20 0 170 0
2 37 20 0 170 0
1 37 20 0 170 0
0 37 20 0 170 0
39 37 20 0 170 0
38 37 20 0 170 0
37 37 20 0 170 0
36 37 20 0 170 0
35 37 20 0 170 0
34 36 20 0 170 0
33 36 20 0 170 0
32 36 20 0 170 0
31 36 20 0 170 0
30 36 20 0 170 0
29 36 20 0 170 0
28 36 20 0 170 0
27 36 20 0 170 0
26 36 20 0 170 0
25 36 20 0 170 0
24 36 20 0 170 0
23 36 20 0 170 0
22 36 20 0 170 0
21 36 20 0 170 0
20 36 20 0 170 0
19 36 20 0 170 0
18 36 20 0 170 0
17 36 20 0 170 0
16 36 20 0 170 0
15 36 20 0 170 0
14 36 20 0 170 0
13 36 20 0 170 0
12 36 20 0 170 0
11 36 20 0 170 0
10 36 20 0 170 0
9 36 20 0 170 0
8 36 20 0 170 0
7 36 20 0 170 0
6 36 20 0 170 0
5 36 20 0 170 0
4 36 20 0 170 0
3 36 20 0 170 0
2 36 20 0 170 0
1 36 20 0 170 0
0 36 20 0 170 0
39 36 20 0 170 0
38 36 20 0 170 0
37 36 20 0 170 0
36 36 20 0 170 0
35 36 20 0 170 0
34 35 20 0 170 0
33 35 20 0 170 0
32 35 20 0 170 0
31 35 20 0 170 0
30 35 20 0 170 0
29 35 20 0 170 0
28 35 20 0 170 0
27 35 20 0 170 0
26 35 20 0 170 0
25 35 20 0 170 0
24 35 20 0 170 0
23 35 20 0 170 0
22 35 20 0 170 0
21 35 20 0 170 0
20 35 20 0 170 0
19 35 20 0 170 0
18 35 20 0 170 0
17 35 20 0 170 0
16 35 20 0 170 0
15 35 20 0 170 0
14 35 20 0 170 0
13 35 20 0 170 0
12 35 20 0 170 0
11 35 20 0 170 0
10 35 20 0 170 0
9 35 20 0 170 0
8 35 20 0 170 0
7 35 20 0 170 0
6 35 20 0 170 0
5 35 20 0 170 0
4 35 20 0 170 0
3 35 20 0 170 0
2 35 20 0 170 0
1 35 20 0 170 0
0 35 20 0 170 0
39 35 20 0 170 0
38 35 20 0 170 0
37 35 20 0 170 0
36 35 20 0 170 0
35 35 20 0 170 0
34 34 20 0 170 0
33 34 20 0 170 0
32 34 20 0 170 0
31 34 20 0 170 0
30 34 20 0 170 0
29 34 20 0 170 0
28 34 20 0 170 0
27 34 20 0 170 0
26 34 20 0 170 0
25 34 20 0 170 0
24 34 20 0 170 0
23 34 20 0 170 0
22 34 20 0 170 0
21 34 20 0 170 0
20 34 20 0 170 0
19 34 20 0 170 0
18 34 20 0 170 0
17 34 20 0 170 0
16 34 20 0 170 0
15 34 20 0 170 0
14 34 20 0 170 0
13 34 20 0 170 0
12 34 20 0 170 0
11 34 20 0 170 0
10 34 20 0 170 0
9 34 20 0 170 0
8 34 20 0 170 0
7 34 20 0 170 0
6 34 20 0 170 0
5 34 20 0 170 0
4 34 20 0 170 0
3 34 20 0 170 0
2 34 20 0 170 0
1 34 20 0 170 0
0 34 20 0 170 0
39 34 20 0 170 0
38 34 20 0 170 0
37 34 20 0 170 0
36 34 20 0 170 0
35 34 20 0 170 0
34 33 20 0 170 0
33 33 20 0 170 0
32 33 20 0 170 0
31 33 20 0 170 0
30 33 20 0 170 0
29 33 20 0 170 0
28 33 20 0 170 0
27 33 20 0 170 0
26 33 20 0 170 0
25 33 20 0 170 0
24 33 20 0 170 0
23 33 20 0 170 0
22 33 20 0 170 0
21 33 20 0 170 0
20 33 20 0 170 0
19 33 20 0 170 0
18 33 20 0 170 0
17 33 20 0 170 0
16 33 20 0 170 0
15 33 20 0 170 0
14 33 20 0 170 0
13 33 20 0 170 0
12 33 20 0 170 0
11 33 20 0 170 0
10 33 20 0 170 0
9 33 20 0 170 0
8 33 20 0 170 0
7 33 20 0 170 0
6 33 20 0 170 0
5 33 20 0 170 0
4 33 20 0 170 0
3 33 20 0 170 0
2 33 20 0 170 0
1 33 20 0 170 0
0 33 20 0 170 0
39 33 20 0 170 0
38 33 20 0 170 0
37 33 20 0 170 0
36 33 20 0 170 0
35 33 20 0 170 0
34 32 20 0 170 0
33 32 20 0 170 0
32 32 20 0 170 0
31 32 20 0 170 0
30 32 20 0 170 0
29 32 20 0 170 0
28 32 20 0 170 0
27 32 20 0 170 0
26 32 20 0 170 0
25 32 20 0 170 0
24 32 20 0 170 0
23 32 20 0 170 0
22 32 20 0 170 0
21 32 20 0 170 0
20 32 20 0 170 0
19 32 20 0 170 0
18 32 20 0 170 0
17 32 20 0 170 0
16 32 20 0 170 0
15 32 20 0 170 0
14 32 20 0 170 0
13 32 20 0 170 0
12 32 20 0 170 0
11 32 20 0 170 0
10 32 20 0 170 0
9 32 20 0 170 0
8 32 20 0 170 0
7 32 20 0 170 0
6 32 20 0 170 0
5 32 20 0 170 0
4 32 20 0 170 0
3 32 20 0 170 0
2 32 20 0 170 0
1 32 20 0 170 0
0 32 20 0 170 0
39 32 20 0 170 0
38 32 20 0 170 0
37 32 20 0 170 0
36 32 20 0 170 0
35 32 20 0 170 0
34 31 20 0 170 0
33 31 20 0 170 0
32 31 20 0 170 0
31 31 20 0 170 0
30 31 20 0 170 0
29 31 20 0 170 0
28 31 20 0 170 0
27 31 20 0 170 0
26 31 20 0 170 0
25 31 20 0 170 0
24 31 20 0 170 0
23 31 20 0 170 0
22 31 20 0 170 0
21 31 20 0 170 0
20 31 20 0 170 0
19 31 20 0 170 0
18 31 20 0 170 0
17 31 20 0 170 0
16 31 20 0 170 0
15 31 20 0 170 0
14 31 20 0 170 0
13 31 20 0 170 0
12 31 20 0 170 0
11 31 20 0 170 0
10 31 20 0 170 0
9 31 20 0 170 0
8 31 20 0 170 0
7 31 20 0 170 0
6 31 20 0 170 0
5 31 20 0 170 0
4 31 20 0 170 0
3 31 20 0 170 0
2 31 20 0 170 0
1 31 20 0 170 0
0 31 20 0 170 0
39 31 20 0 170 0
38 31 20 0 170 0
37 31 20 0 170 0
36 31 20 0 170 0
35 31 20 0 170 0
34 30 20 0 170 0
33 30 20 0 170 0
32 30 20 0 170 0
31 30 20 0 170 0
30 30 20 0 170 0
29 30 20 0 170 0
28 30 20 0 170 0
27 30 20 0 170 0
26 30 20 0 170 0
25 30 20 0 170 0
24 30 20 0 170 0
23 30 20 0 170 0
31 10 42 0 238 0
15 17 34 102 51 0
15 17 33 102 51 0
19 30 20 0 170 0
18 30 20 0 170 0
17 30 20 0 170 0
16 30 20 0 170 0
15 30 20 0 170 0
14 30 20 0 170 0
13 30 20 0 170 0
12 30 20 0 170 0
11 30 20 0 170 0
10 30 20 0 170 0
9 30 20 0 170 0
8 30 20 0 170 0
7 30 20 0 170 0
6 30 20 0 170 0
5 30 20 0 170 0
4 30 20 0 170 0
3 30 20 0 170 0
2 30 20 0 170 0
1 30 20 0 170 0
0 30 20 0 170 0
39 30 20 0 170 0
38 30 20 0 170 0
37 30 20 0 170 0
36 30 20 0 170 0
35 30 20 0 170 0
34 29 20 0 170 0
33 29 20 0 170 0
32 29 20 0 170 0
31 29 20 0 170 0
30 29 20 0 170 0
29 29 20 0 170 0
28 29 20 0 170 0
27 29 20 0 170 0
26 29 20 0 170 0
25 29 20 0 170 0
24 29 20 0 170 0
23 29 20 0 170 0
15 17 32 102 51 0
19 17 35 102 51 0
18 17 32 102 51 0
19 29 20 0 170 0
18 29 20 0 170 0
17 29 20 0 170 0
16 29 20 0 170 0
15 29 20 0 170 0
14 29 20 0 170 0
13 29 20 0 170 0
12 29 20 0 170 0
11 29 20 0 170 0
10 29 20 0 170 0
9 29 20 0 170 0
8 29 20 0 170 0
7 29 20 0 170 0
6 29 20 0 170 0
5 29 20 0 170 0
4 29 20 0 170 0
3 29 20 0 170 0
2 29 20 0 170 0
1 29 20 0 170 0
0 29 20 0 170 0
39 29 20 0 170 0
38 29 20 0 170 0
37 29 20 0 170 0
36 29 20 0 170 0
35 29 20 0 170 0
34 28 20 0 170 0
33 28 20 0 170 0
32 28 20 0 170 0
31 28 20 0 170 0
30 28 20 0 170 0
29 28 20 0 170 0
28 28 20 0 170 0
27 28 20 0 170 0
26 28 20 0 170 0
25 28 20 0 170 0
24 28 20 0 170 0
23 28 20 0 170 0
19 17 43 102 51 0
19 17 42 102 51 0
19 17 41 102 51 0
19 28 20 0 170 0
18 28 20 0 170 0
17 28 20 0 170 0
16 28 20 0 170 0
15 28 20 0 170 0
14 28 20 0 170 0
13 28 20 0 170 0
12 28 20 0 170 0
11 28 20 0 170 0
10 28 20 0 170 0
9 28 20 0 170 0
8 28 20 0 170 0
7 28 20 0 170 0
6 28 20 0 170 0
5 28 20 0 170 0
4 28 20 0 170 0
3 28 20 0 170 0
2 28 20 0 170 0
1 28 20 0 170 0
0 28 20 0 170 0
39 28 20 0 170 0
38 28 20 0 170 0
37 28 20 0 170 0
36 28 20 0 170 0
35 28 20 0 170 0
34 27 20 0 170 0
33 27 20 0 170 0
32 27 20 0 170 0
31 27 20 0 170 0
30 27 20 0 170 0
29 27 20 0 170 0
28 27 20 0 170 0
27 27 20 0 170 0
26 27 20 0 170 0
25 27 20 0 170 0
24 27 20 0 170 0
23 27 20 0 170 0
19 17 40 102 51 0
19 17 39 102 51 0
19 17 34 102 51 0
19 27 20 0 170 0
18 27 20 0 170 0
17 27 20 0 170 0
16 27 20 0 170 0
15 27 20 0 170 0
14 27 20 0 170 0
13 27 20 0 170 0
12 27 20 0 170 0
11 27 20 0 170 0
10 27 20 0 170 0
9 27 20 0 170 0
8 27 20 0 170 0
2 5 31 0 238 0
6 27 20 0 170 0
5 27 20 0 170 0
4 27 20 0 170 0
3 27 20 0 170 0
2 27 20 0 170 0
1 27 20 0 170 0
0 27 20 0 170 0
39 27 20 0 170 0
38 27 20 0 170 0
37 27 20 0 170 0
36 27 20 0 170 0
35 27 20 0 170 0
34 26 20 0 170 0
18 18 33 102 51 0
5 3 28 0 238 0
17 19 40 102 51 0
18 19 43 102 51 0
16 19 32 102 51 0
17 19 41 102 51 0
16 19 33 102 51 0
16 19 34 102 51 0
17 19 42 102 51 0
17 19 43 102 51 0
17 17 37 102 51 0
17 17 38 102 51 0
17 20 32 102 51 0
17 19 32 102 51 0
17 20 33 102 51 0
17 19 33 102 51 0
17 20 34 102 51 0
17 20 35 102 51 0
17 20 36 102 51 0
17 20 37 102 51 0
16 20 40 102 51 0
16 20 41 102 51 0
17 17 32 102 51 0
17 17 33 102 51 0
17 17 34 102 51 0
17 17 35 102 51 0
16 20 42 102 51 0
17 20 38 102 51 0
17 17 36 102 51 0
16 20 43 102 51 0
17 19 34 102 51 0
17 19 35 102 51 0
1 26 20 0 170 0
0 26 20 0 170 0
39 26 20 0 170 0
38 26 20 0 170 0
37 26 20 0 170 0
36 26 20 0 170 0
35 26 20 0 170 0
34 25 20 0 170 0
17 20 39 102 51 0
17 20 40 102 51 0
17 19 36 102 51 0
17 19 37 102 51 0
17 19 38 102 51 0
17 19 39 102 51 0
17 20 41 102 51 0
17 20 42 102 51 0
17 20 43 102 51 0
17 18 32 102 51 0
17 18 33 102 51 0
17 18 34 102 51 0
17 18 35 102 51 0
17 18 36 102 51 0
14 12 47 0 238 0
15 12 47 0 238 0
14 13 47 0 238 0
14 12 46 0 238 0
15 12 46 0 238 0
14 13 46 0 238 0
15 13 46 0 238 0
15 13 47 0 238 0
14 17 51 0 238 0
15 17 51 0 238 0
14 18 51 0 238 0
15 18 51 0 238 0
14 19 51 0 238 0
15 19 51 0 238 0
14 18 50 0 238 0
15 18 50 0 238 0
14 19 50 0 238 0
15 19 50 0 238 0
1 25 20 0 170 0
0 25 20 0 170 0
39 25 20 0 170 0
38 25 20 0 170 0
37 25 20 0 170 0
36 25 20 0 170 0
35 25 20 0 170 0
34 24 20 0 170 0
14 17 50 0 238 0
15 17 50 0 238 0
16 17 50 0 238 0
14 17 49 0 238 0
18 17 50 0 238 0
18 18 50 0 238 0
18 18 49 0 238 0
19 16 50 0 238 0
20 16 50 0 238 0
21 16 50 0 238 0
22 16 50 0 238 0
23 16 50 0 238 0
20 17 50 0 238 0
21 17 50 0 238 0
22 17 50 0 238 0
23 17 50 0 238 0
20 18 50 0 238 0
21 18 50 0 238 0
22 18 50 0 238 0
23 18 50 0 238 0
19 16 49 0 238 0
20 16 49 0 238 0
21 16 49 0 238 0
20 17 49 0 238 0
21 17 49 0 238 0
19 16 48 0 238 0
20 16 48 0 238 0
21 16 48 0 238 0
20 17 48 0 238 0
21 17 48 0 238 0
20 19 52 0 238 0
20 19 51 0 238 0
1 24 20 0 170 0
0 24 20 0 170 0
39 24 20 0 170 0
38 24 20 0 170 0
37 24 20 0 170 0
36 24 20 0 170 0
35 24 20 0 170 0
34 23 20 0 170 0
20 19 50 0 238 0
20 19 49 0 238 0
20 19 48 0 238 0
19 17 52 0 238 0
19 18 52 0 238 0
19 19 52 0 238 0
19 20 52 0 238 0
19 17 51 0 238 0
19 18 51 0 238 0
19 19 51 0 238 0
19 17 50 0 238 0
19 18 50 0 238 0
19 19 50 0 238 0
19 17 49 0 238 0
19 18 49 0 238 0
19 19 49 0 238 0
19 17 48 0 238 0
19 18 48 0 238 0
19 19 48 0 238 0
17 20 51 0 238 0
18 20 51 0 238 0
19 20 51 0 238 0
17 21 51 0 238 0
18 21 51 0 238 0
19 21 51 0 238 0
19 20 50 0 238 0
19 21 50 0 238 0
19 20 49 0 238 0
19 21 49 0 238 0
19 20 48 0 238 0
19 21 48 0 238 0
16 22 49 0 238 0
1 23 20 0 170 0
0 23 20 0 170 0
39 23 20 0 170 0
38 23 20 0 170 0
37 23 20 0 170 0
36 23 20 0 170 0
35 23 20 0 170 0
34 22 20 0 170 0
17 22 49 0 238 0
18 22 49 0 238 0
16 22 48 0 238 0
17 22 48 0 238 0
18 22 48 0 238 0
16 19 50 0 238 0
17 19 50 0 238 0
18 19 50 0 238 0
16 20 50 0 238 0
17 20 50 0 238 0
18 20 50 0 238 0
16 21 50 0 238 0
17 21 50 0 238 0
18 21 50 0 238 0
18 19 49 0 238 0
16 20 49 0 238 0
17 20 49 0 238 0
18 20 49 0 238 0
16 21 49 0 238 0
17 21 49 0 238 0
18 21 49 0 238 0
18 19 48 0 238 0
18 20 48 0 238 0
16 21 48 0 238 0
17 21 48 0 238 0
18 21 48 0 238 0
15 19 49 0 238 0
16 19 49 0 238 0
17 19 49 0 238 0
15 16 49 0 238 0
16 16 49 0 238 0
17 16 49 0 238 0
1 22 20 0 170 0
0 22 20 0 170 0
39 22 20 0 170 0
38 22 20 0 170 0
37 22 20 0 170 0
36 22 20 0 170 0
35 22 20 0 170 0
34 21 20 0 170 0
18 16 49 0 238 0
15 17 49 0 238 0
16 17 49 0 238 0
17 17 49 0 238 0
18 17 49 0 238 0
15 16 48 0 238 0
16 16 48 0 238 0
17 16 48 0 238 0
18 16 48 0 238 0
18 17 48 0 238 0
18 16 47 0 238 0
13 15 49 0 238 0
13 16 49 0 238 0
13 17 49 0 238 0
13 18 49 0 238 0
13 15 48 0 238 0
14 15 48 0 238 0
13 16 48 0 238 0
14 16 48 0 238 0
13 17 48 0 238 0
13 18 48 0 238 0
16 12 48 0 238 0
16 13 48 0 238 0
16 14 48 0 238 0
16 15 48 0 238 0
16 12 47 0 238 0
16 13 47 0 238 0
16 13 46 0 238 0
16 14 47 0 238 0
17 14 47 0 238 0
18 14 47 0 238 0
19 14 47 0 238 0
1 21 20 0 170 0
0 21 20 0 170 0
39 21 20 0 170 0
38 21 20 0 170 0
37 21 20 0 170 0
36 21 20 0 170 0
35 21 20 0 170 0
34 20 20 0 170 0
18 14 46 0 238 0
19 14 46 0 238 0
16 14 46 0 238 0
17 14 46 0 238 0
16 14 45 0 238 0
17 14 45 0 238 0
14 14 47 0 238 0
15 14 47 0 238 0
14 14 46 0 238 0
15 14 46 0 238 0
14 14 45 0 238 0
15 14 45 0 238 0
12 16 48 0 238 0
12 17 48 0 238 0
12 18 48 0 238 0
12 16 47 0 238 0
12 17 47 0 238 0
11 19 49 0 238 0
12 19 49 0 238 0
11 20 49 0 238 0
12 20 49 0 238 0
11 19 48 0 238 0
11 20 48 0 238 0
11 19 47 0 238 0
11 20 47 0 238 0
12 19 48 0 238 0
12 20 48 0 238 0
12 21 48 0 238 0
12 18 47 0 238 0
12 19 47 0 238 0
12 20 47 0 238 0
12 21 47 0 238 0
1 20 20 0 170 0
0 20 20 0 170 0
39 20 20 0 170 0
38 20 20 0 170 0
37 20 20 0 170 0
36 20 20 0 170 0
35 20 20 0 170 0
34 19 20 0 170 0
12 22 47 0 238 0
13 21 48 0 238 0
13 22 48 0 238 0
13 23 48 0 238 0
13 21 47 0 238 0
13 22 47 0 238 0
13 21 46 0 238 0
13 22 46 0 238 0
13 23 46 0 238 0
12 22 45 0 238 0
13 22 45 0 238 0
12 23 45 0 238 0
13 23 45 0 238 0
17 27 48 0 238 0
18 27 48 0 238 0
13 26 50 0 238 0
19 27 49 0 238 0
15 27 50 0 238 0
15 27 47 0 238 0
16 27 47 0 238 0
14 25 50 0 238 0
14 26 50 0 238 0
15 26 50 0 238 0
13 23 49 0 238 0
14 23 49 0 238 0
13 24 49 0 238 0
14 22 47 0 238 0
15 22 47 0 238 0
15 24 50 0 238 0
16 24 50 0 238 0
15 25 50 0 238 0
16 25 50 0 238 0
1 19 20 0 170 0
0 19 20 0 170 0
39 19 20 0 170 0
38 19 20 0 170 0
37 19 20 0 170 0
36 19 20 0 170 0
35 19 20 0 170 0
34 18 20 0 170 0
13 23 47 0 238 0
14 23 47 0 238 0
15 23 47 0 238 0
13 24 47 0 238 0
14 24 49 0 238 0
15 24 49 0 238 0
16 24 49 0 238 0
14 25 49 0 238 0
15 25 49 0 238 0
16 25 49 0 238 0
14 26 49 0 238 0
15 26 49 0 238 0
16 26 49 0 238 0
14 24 48 0 238 0
14 25 48 0 238 0
14 26 48 0 238 0
14 24 47 0 238 0
14 25 47 0 238 0
14 26 47 0 238 0
14 24 46 0 238 0
14 25 46 0 238 0
14 26 46 0 238 0
15 24 48 0 238 0
16 24 48 0 238 0
15 25 48 0 238 0
16 25 48 0 238 0
15 26 48 0 238 0
16 26 48 0 238 0
15 24 47 0 238 0
16 24 47 0 238 0
15 25 47 0 238 0
16 25 47 0 238 0
1 18 20 0 170 0
0 18 20 0 170 0
39 18 20 0 170 0
38 18 20 0 170 0
37 18 20 0 170 0
36 18 20 0 170 0
35 18 20 0 170 0
34 17 20 0 170 0
15 26 47 0 238 0
16 26 47 0 238 0
15 24 46 0 238 0
16 24 46 0 238 0
15 25 46 0 238 0
16 25 46 0 238 0
15 26 46 0 238 0
16 26 46 0 238 0
17 25 49 0 238 0
18 25 49 0 238 0
19 25 49 0 238 0
17 26 49 0 238 0
18 26 49 0 238 0
19 26 49 0 238 0
17 25 48 0 238 0
18 25 48 0 238 0
17 26 48 0 238 0
18 26 48 0 238 0
19 26 48 0 238 0
17 26 47 0 238 0
18 26 47 0 238 0
19 26 47 0 238 0
17 23 47 0 238 0
17 24 47 0 238 0
18 24 47 0 238 0
17 25 47 0 238 0
18 25 47 0 238 0
17 25 46 0 238 0
18 25 46 0 238 0
19 25 46 0 238 0
17 25 45 0 238 0
18 25 45 0 238 0
1 17 20 0 170 0
0 17 20 0 170 0
39 17 20 0 170 0
38 17 20 0 170 0
37 17 20 0 170 0
36 17 20 0 170 0
35 17 20 0 170 0
34 16 20 0 170 0
19 25 45 0 238 0
19 24 48 0 238 0
19 25 48 0 238 0
19 25 47 0 238 0
21 22 49 0 238 0
22 22 49 0 238 0
21 23 49 0 238 0
22 23 49 0 238 0
21 24 49 0 238 0
22 24 49 0 238 0
22 22 48 0 238 0
22 23 48 0 238 0
22 24 48 0 238 0
26 20 49 0 238 0
25 21 49 0 238 0
26 21 49 0 238 0
26 20 48 0 238 0
25 21 48 0 238 0
26 21 48 0 238 0
25 19 49 0 238 0
24 20 49 0 238 0
25 20 49 0 238 0
25 19 48 0 238 0
25 20 48 0 238 0
23 18 49 0 238 0
24 18 49 0 238 0
24 19 49 0 238 0
23 18 48 0 238 0
24 18 48 0 238 0
24 19 48 0 238 0
23 18 47 0 238 0
24 18 47 0 238 0
1 16 20 0 170 0
0 16 20 0 170 0
39 16 20 0 170 0
38 16 20 0 170 0
37 16 20 0 170 0
36 16 20 0 170 0
35 16 20 0 170 0
34 15 20 0 170 0
24 19 47 0 238 0
24 20 48 0 238 0
24 21 48 0 238 0
23 22 48 0 238 0
24 22 48 0 238 0
24 20 47 0 238 0
24 21 47 0 238 0
23 22 47 0 238 0
24 22 47 0 238 0
23 19 49 0 238 0
23 20 49 0 238 0
22 21 49 0 238 0
23 21 49 0 238 0
23 19 48 0 238 0
23 19 47 0 238 0
22 19 49 0 238 0
22 20 49 0 238 0
22 19 48 0 238 0
22 19 47 0 238 0
22 19 46 0 238 0
22 19 45 0 238 0
22 18 48 0 238 0
22 18 47 0 238 0
19 17 47 0 238 0
20 17 47 0 238 0
21 17 47 0 238 0
22 17 47 0 238 0
22 17 46 0 238 0
22 20 48 0 238 0
23 20 48 0 238 0
22 21 48 0 238 0
23 21 48 0 238 0
1 15 20 0 170 0
0 15 20 0 170 0
39 15 20 0 170 0
38 15 20 0 170 0
37 15 20 0 170 0
36 15 20 0 170 0
35 15 20 0 170 0
34 14 20 0 170 0
22 20 47 0 238 0
23 20 47 0 238 0
23 21 47 0 238 0
23 20 46 0 238 0
23 21 46 0 238 0
21 18 48 0 238 0
21 19 48 0 238 0
21 20 48 0 238 0
21 21 48 0 238 0
21 22 48 0 238 0
21 18 47 0 238 0
21 16 46 0 238 0
21 17 46 0 238 0
21 18 46 0 238 0
21 16 45 0 238 0
21 17 45 0 238 0
21 18 45 0 238 0
21 16 44 0 238 0
21 17 44 0 238 0
21 18 44 0 238 0
21 19 44 0 238 0
21 20 44 0 238 0
21 16 43 0 238 0
21 17 43 0 238 0
21 18 43 0 238 0
21 19 43 0 238 0
21 20 43 0 238 0
14 17 48 0 238 0
15 17 48 0 238 0
16 17 48 0 238 0
17 17 48 0 238 0
14 18 48 0 238 0
1 14 20 0 170 0
0 14 20 0 170 0
39 14 20 0 170 0
38 14 20 0 170 0
37 14 20 0 170 0
36 14 20 0 170 0
35 14 20 0 170 0
34 13 20 0 170 0
15 18 48 0 238 0
16 18 48 0 238 0
17 18 48 0 238 0
14 19 48 0 238 0
15 19 48 0 238 0
16 19 48 0 238 0
17 19 48 0 238 0
14 20 48 0 238 0
15 20 48 0 238 0
16 20 48 0 238 0
17 20 48 0 238 0
14 19 47 0 238 0
15 19 47 0 238 0
16 19 47 0 238 0
17 19 47 0 238 0
14 20 47 0 238 0
15 20 47 0 238 0
16 20 47 0 238 0
17 20 47 0 238 0
12 17 46 0 238 0
12 18 46 0 238 0
12 19 46 0 238 0
13 19 46 0 238 0
12 20 46 0 238 0
13 20 46 0 238 0
12 17 45 0 238 0
12 18 45 0 238 0
12 19 45 0 238 0
13 19 45 0 238 0
12 20 45 0 238 0
13 20 45 0 238 0
13 15 47 0 238 0
1 13 20 0 170 0
0 13 20 0 170 0
39 13 20 0 170 0
38 13 20 0 170 0
37 13 20 0 170 0
36 13 20 0 170 0
35 13 20 0 170 0
34 12 20 0 170 0
14 15 47 0 238 0
15 15 47 0 238 0
16 15 47 0 238 0
17 15 47 0 238 0
13 16 47 0 238 0
14 16 47 0 238 0
15 16 47 0 238 0
16 16 47 0 238 0
17 16 47 0 238 0
13 17 47 0 238 0
14 17 47 0 238 0
15 17 47 0 238 0
13 18 47 0 238 0
14 18 47 0 238 0
15 18 47 0 238 0
13 15 46 0 238 0
14 15 46 0 238 0
15 15 46 0 238 0
13 16 46 0 238 0
14 16 46 0 238 0
13 17 46 0 238 0
14 17 46 0 238 0
13 18 46 0 238 0
14 18 46 0 238 0
13 15 45 0 238 0
14 15 45 0 238 0
15 15 45 0 238 0
13 16 45 0 238 0
14 16 45 0 238 0
13 17 45 0 238 0
14 17 45 0 238 0
13 18 45 0 238 0
1 12 20 0 170 0
0 12 20 0 170 0
39 12 20 0 170 0
38 12 20 0 170 0
37 12 20 0 170 0
36 12 20 0 170 0
35 12 20 0 170 0
34 11 20 0 170 0
15 16 46 0 238 0
15 17 46 0 238 0
15 18 46 0 238 0
15 16 45 0 238 0
15 17 45 0 238 0
15 16 44 0 238 0
15 17 44 0 238 0
15 16 43 0 238 0
15 16 42 0 238 0
14 18 45 0 238 0
15 18 45 0 238 0
14 19 45 0 238 0
15 19 45 0 238 0
14 18 44 0 238 0
14 19 44 0 238 0
14 18 43 0 238 0
14 19 43 0 238 0
16 17 47 0 238 0
17 17 47 0 238 0
16 18 47 0 238 0
17 18 47 0 238 0
16 17 44 0 238 0
17 17 44 0 238 0
16 15 46 0 238 0
17 15 46 0 238 0
18 15 46 0 238 0
19 15 46 0 238 0
16 16 46 0 238 0
17 16 46 0 238 0
16 17 46 0 238 0
17 17 46 0 238 0
16 18 46 0 238 0
1 11 20 0 170 0
0 11 20 0 170 0
39 11 20 0 170 0
38 11 20 0 170 0
37 11 20 0 170 0
36 11 20 0 170 0
35 11 20 0 170 0
34 10 20 0 170 0
16 15 45 0 238 0
17 15 45 0 238 0
18 15 45 0 238 0
19 15 45 0 238 0
16 16 45 0 238 0
17 16 45 0 238 0
16 17 45 0 238 0
17 17 45 0 238 0
16 18 45 0 238 0
18 16 46 0 238 0
19 16 46 0 238 0
20 16 46 0 238 0
19 17 46 0 238 0
20 17 46 0 238 0
20 18 46 0 238 0
18 16 45 0 238 0
19 16 45 0 238 0
20 16 45 0 238 0
19 17 45 0 238 0
20 17 45 0 238 0
20 18 45 0 238 0
18 16 44 0 238 0
19 16 44 0 238 0
20 16 44 0 238 0
19 17 44 0 238 0
20 17 44 0 238 0
20 18 44 0 238 0
20 19 47 0 238 0
21 19 47 0 238 0
20 20 47 0 238 0
21 20 47 0 238 0
20 19 46 0 238 0
1 10 20 0 170 0
0 10 20 0 170 0
39 10 20 0 170 0
38 10 20 0 170 0
37 10 20 0 170 0
36 10 20 0 170 0
35 10 20 0 170 0
34 9 20 0 170 0
21 19 46 0 238 0
20 19 45 0 238 0
21 19 45 0 238 0
18 17 47 0 238 0
18 18 47 0 238 0
18 19 47 0 238 0
18 20 47 0 238 0
18 17 46 0 238 0
18 17 45 0 238 0
18 17 44 0 238 0
17 18 46 0 238 0
18 18 46 0 238 0
19 18 46 0 238 0
17 19 46 0 238 0
18 19 46 0 238 0
19 19 46 0 238 0
17 20 46 0 238 0
18 20 46 0 238 0
17 21 46 0 238 0
17 18 45 0 238 0
18 18 45 0 238 0
19 18 45 0 238 0
17 19 45 0 238 0
18 19 45 0 238 0
19 19 45 0 238 0
19 21 45 0 238 0
19 18 44 0 238 0
19 19 44 0 238 0
19 20 44 0 238 0
19 21 44 0 238 0
19 20 46 0 238 0
21 20 46 0 238 0
1 9 20 0 170 0
0 9 20 0 170 0
39 9 20 0 170 0
38 9 20 0 170 0
37 9 20 0 170 0
36 9 20 0 170 0
35 9 20 0 170 0
34 8 20 0 170 0
22 20 46 0 238 0
19 20 45 0 238 0
21 20 45 0 238 0
22 20 45 0 238 0
20 20 46 0 238 0
20 20 45 0 238 0
20 20 44 0 238 0
20 20 43 0 238 0
18 21 47 0 238 0
19 21 47 0 238 0
20 21 47 0 238 0
21 21 47 0 238 0
22 21 47 0 238 0
18 22 47 0 238 0
19 22 47 0 238 0
20 22 47 0 238 0
21 22 47 0 238 0
22 22 47 0 238 0
18 23 47 0 238 0
22 23 47 0 238 0
18 21 46 0 238 0
19 21 46 0 238 0
20 21 46 0 238 0
21 21 46 0 238 0
22 21 46 0 238 0
18 22 46 0 238 0
19 22 46 0 238 0
20 22 46 0 238 0
21 22 46 0 238 0
22 22 46 0 238 0
22 23 46 0 238 0
20 23 48 0 238 0
1 8 20 0 170 0
0 8 20 0 170 0
39 8 20 0 170 0
38 8 20 0 170 0
37 8 20 0 170 0
36 8 20 0 170 0
35 8 20 0 170 0
34 7 20 0 170 0
21 23 48 0 238 0
20 24 48 0 238 0
21 24 48 0 238 0
21 23 47 0 238 0
21 24 47 0 238 0
21 23 46 0 238 0
21 24 46 0 238 0
19 23 47 0 238 0
20 23 47 0 238 0
19 24 47 0 238 0
20 24 47 0 238 0
20 23 46 0 238 0
20 24 46 0 238 0
17 23 46 0 238 0
18 23 46 0 238 0
19 23 46 0 238 0
17 24 46 0 238 0
18 24 46 0 238 0
19 24 46 0 238 0
19 23 45 0 238 0
19 24 45 0 238 0
18 20 45 0 238 0
18 21 45 0 238 0
18 22 45 0 238 0
18 23 45 0 238 0
18 24 45 0 238 0
16 22 47 0 238 0
17 22 47 0 238 0
17 22 46 0 238 0
17 22 44 0 238 0
17 22 43 0 238 0
16 20 45 0 238 0
1 7 20 0 170 0
0 7 20 0 170 0
39 7 20 0 170 0
38 7 20 0 170 0
37 7 20 0 170 0
36 7 20 0 170 0
35 7 20 0 170 0
34 6 20 0 170 0
17 20 45 0 238 0
17 21 45 0 238 0
17 22 45 0 238 0
17 23 45 0 238 0
15 24 45 0 238 0
16 24 45 0 238 0
17 24 45 0 238 0
14 21 46 0 238 0
15 21 46 0 238 0
16 21 46 0 238 0
14 22 46 0 238 0
15 22 46 0 238 0
16 22 46 0 238 0
14 23 46 0 238 0
15 23 46 0 238 0
16 23 46 0 238 0
16 21 45 0 238 0
14 22 45 0 238 0
15 22 45 0 238 0
16 22 45 0 238 0
14 23 45 0 238 0
15 23 45 0 238 0
16 23 45 0 238 0
14 23 44 0 238 0
15 23 44 0 238 0
16 23 44 0 238 0
12 22 44 0 238 0
13 22 44 0 238 0
14 22 44 0 238 0
15 22 44 0 238 0
16 22 44 0 238 0
12 22 43 0 238 0
1 6 20 0 170 0
0 6 20 0 170 0
39 6 20 0 170 0
38 6 20 0 170 0
37 6 20 0 170 0
36 6 20 0 170 0
35 6 20 0 170 0
34 5 20 0 170 0
15 22 43 0 238 0
16 22 43 0 238 0
13 21 43 0 238 0
13 22 43 0 238 0
14 22 43 0 238 0
14 20 45 0 238 0
15 20 45 0 238 0
14 21 45 0 238 0
15 21 45 0 238 0
14 20 44 0 238 0
14 21 44 0 238 0
14 20 43 0 238 0
14 21 43 0 238 0
14 20 42 0 238 0
14 21 42 0 238 0
15 18 44 0 238 0
16 18 44 0 238 0
17 18 44 0 238 0
18 18 44 0 238 0
15 19 44 0 238 0
16 19 44 0 238 0
17 19 44 0 238 0
18 19 44 0 238 0
15 20 44 0 238 0
16 20 44 0 238 0
17 20 44 0 238 0
18 20 44 0 238 0
15 21 44 0 238 0
16 21 44 0 238 0
17 21 44 0 238 0
18 21 44 0 238 0
19 21 32 102 51 0
1 5 20 0 170 0
0 5 20 0 170 0
39 5 20 0 170 0
38 5 20 0 170 0
37 5 20 0 170 0
36 5 20 0 170 0
35 5 20 0 170 0
34 4 20 0 170 0
33 4 20 0 170 0
32 4 20 0 170 0
31 4 20 0 170 0
30 4 20 0 170 0
29 4 20 0 170 0
28 4 20 0 170 0
27 4 20 0 170 0
26 4 20 0 170 0
25 4 20 0 170 0
24 4 20 0 170 0
23 4 20 0 170 0
22 4 20 0 170 0
21 4 20 0 170 0
20 4 20 0 170 0
19 4 20 0 170 0
17 18 37 102 51 0
17 18 38 102 51 0
17 18 39 102 51 0
17 18 40 102 51 0
17 18 41 102 51 0
17 18 42 102 51 0
17 18 43 102 51 0
18 19 32 102 51 0
18 19 33 102 51 0
18 19 34 102 51 0
18 19 35 102 51 0
18 19 36 102 51 0
18 19 37 102 51 0
18 19 38 102 51 0
4 4 20 0 170 0
3 4 20 0 170 0
2 4 20 0 170 0
1 4 20 0 170 0
0 4 20 0 170 0
39 4 20 0 170 0
38 4 20 0 170 0
37 4 20 0 170 0
36 4 20 0 170 0
35 4 20 0 170 0
34 3 20 0 170 0
33 3 20 0 170 0
32 3 20 0 170 0
31 3 20 0 170 0
30 3 20 0 170 0
29 3 20 0 170 0
28 3 20 0 170 0
27 3 20 0 170 0
26 3 20 0 170 0
25 3 20 0 170 0
24 3 20 0 170 0
23 3 20 0 170 0
22 3 20 0 170 0
21 3 20 0 170 0
20 3 20 0 170 0
19 3 20 0 170 0
18 3 20 0 170 0
17 3 20 0 170 0
16 3 20 0 170 0
15 3 20 0 170 0
14 3 20 0 170 0
18 19 39 102 51 0
18 19 40 102 51 0
16 19 35 102 51 0
16 19 36 102 51 0
16 19 37 102 51 0
16 19 38 102 51 0
16 19 39 102 51 0
6 3 20 0 170 0
5 3 20 0 170 0
4 3 20 0 170 0
3 3 20 0 170 0
2 3 20 0 170 0
1 3 20 0 170 0
0 3 20 0 170 0
39 3 20 0 170 0
38 3 20 0 170 0
37 3 20 0 170 0
36 3 20 0 170 0
35 3 20 0 170 0
34 2 20 0 170 0
33 2 20 0 170 0
32 2 20 0 170 0
31 2 20 0 170 0
30 2 20 0 170 0
29 2 20 0 170 0
28 2 20 0 170 0
27 2 20 0 170 0
26 2 20 0 170 0
25 2 20 0 170 0
24 2 20 0 170 0
23 2 20 0 170 0
22 2 20 0 170 0
21 2 20 0 170 0
20 2 20 0 170 0
19 2 20 0 170 0
18 2 20 0 170 0
17 2 20 0 170 0
16 2 20 0 170 0
15 2 20 0 170 0
14 2 20 0 170 0
18 19 41 102 51 0
18 19 42 102 51 0
16 19 40 102 51 0
16 19 41 102 51 0
16 19 42 102 51 0
18 20 32 102 51 0
18 20 33 102 51 0
6 2 20 0 170 0
5 2 20 0 170 0
4 2 20 0 170 0
3 2 20 0 170 0
2 2 20 0 170 0
1 2 20 0 170 0
0 2 20 0 170 0
39 2 20 0 170 0
38 2 20 0 170 0
37 2 20 0 170 0
36 2 20 0 170 0
35 2 20 0 170 0
34 1 20 0 170 0
33 1 20 0 170 0
32 1 20 0 170 0
31 1 20 0 170 0
30 1 20 0 170 0
29 1 20 0 170 0
28 1 20 0 170 0
27 1 20 0 170 0
26 1 20 0 170 0
25 1 20 0 170 0
24 1 20 0 170 0
23 1 20 0 170 0
22 1 20 0 170 0
21 1 20 0 170 0
20 1 20 0 170 0
19 1 20 0 170 0
18 1 20 0 170 0
17 1 20 0 170 0
16 1 20 0 170 0
15 1 20 0 170 0
14 1 20 0 170 0
13 1 20 0 170 0
18 20 34 102 51 0
18 20 35 102 51 0
18 20 36 102 51 0
18 20 37 102 51 0
18 20 38 102 51 0
18 20 39 102 51 0
6 1 20 0 170 0
5 1 20 0 170 0
4 1 20 0 170 0
3 1 20 0 170 0
2 1 20 0 170 0
1 1 20 0 170 0
0 1 20 0 170 0
39 1 20 0 170 0
38 1 20 0 170 0
37 1 20 0 170 0
36 1 20 0 170 0
35 1 20 0 170 0
34 0 20 0 170 0
33 0 20 0 170 0
32 0 20 0 170 0
31 0 20 0 170 0
30 0 20 0 170 0
29 0 20 0 170 0
28 0 20 0 170 0
27 0 20 0 170 0
26 0 20 0 170 0
25 0 20 0 170 0
24 0 20 0 170 0
23 0 20 0 170 0
22 0 20 0 170 0
21 0 20 0 170 0
20 0 20 0 170 0
19 0 20 0 170 0
18 0 20 0 170 0
17 0 20 0 170 0
16 0 20 0 170 0
15 0 20 0 170 0
14 0 20 0 170 0
13 0 20 0 170 0
18 20 40 102 51 0
18 20 41 102 51 0
18 20 42 102 51 0
18 20 43 102 51 0
16 20 32 102 51 0
16 20 33 102 51 0
6 0 20 0 170 0
5 0 20 0 170 0
4 0 20 0 170 0
3 0 20 0 170 0
2 0 20 0 170 0
1 0 20 0 170 0
0 0 20 0 170 0
39 0 20 0 170 0
38 0 20 0 170 0
37 0 20 0 170 0
36 0 20 0 170 0
35 0 20 0 170 0
34 39 20 0 170 0
33 39 20 0 170 0
32 39 20 0 170 0
31 39 20 0 170 0
30 39 20 0 170 0
29 39 20 0 170 0
28 39 20 0 170 0
27 39 20 0 170 0
26 39 20 0 170 0
25 39 20 0 170 0
24 39 20 0 170 0
23 39 20 0 170 0
22 39 20 0 170 0
21 39 20 0 170 0
20 39 20 0 170 0
19 39 20 0 170 0
18 39 20 0 170 0
17 39 20 0 170 0
16 39 20 0 170 0
15 39 20 0 170 0
14 39 20 0 170 0
13 39 20 0 170 0
16 20 34 102 51 0
16 20 35 102 51 0
16 20 36 102 51 0
16 20 37 102 51 0
16 20 38 102 51 0
16 20 39 102 51 0
6 39 20 0 170 0
5 39 20 0 170 0
4 39 20 0 170 0
3 39 20 0 170 0
2 39 20 0 170 0
1 39 20 0 170 0
0 39 20 0 170 0
39 39 20 0 170 0
38 39 20 0 170 0
37 39 20 0 170 0
36 39 20 0 170 0
35 39 20 0 170 0
18 21 32 102 51 0
19 21 33 102 51 0
15 21 32 102 51 0
17 21 32 102 51 0
18 21 43 102 51 0
18 21 33 102 51 0
19 21 34 102 51 0
16 21 32 102 51 0
15 21 43 102 51 0
15 21 33 102 51 0
17 21 43 102 51 0
17 21 33 102 51 0
18 21 42 102 51 0
18 21 34 102 51 0
19 21 41 102 51 0
19 21 35 102 51 0
16 21 43 102 51 0
16 21 33 102 51 0
15 21 42 102 51 0
15 21 34 102 51 0
17 21 42 102 51 0
17 21 34 102 51 0
18 21 41 102 51 0
18 21 35 102 51 0
19 21 40 102 51 0
19 21 36 102 51 0
16 21 42 102 51 0
16 21 34 102 51 0
15 21 41 102 51 0
17 21 41 102 51 0
17 21 35 102 51 0
18 21 40 102 51 0
18 21 36 102 51 0
19 21 39 102 51 0
19 21 37 102 51 0
16 21 41 102 51 0
16 21 35 102 51 0
15 21 40 102 51 0
17 21 40 102 51 0
17 21 36 102 51 0
18 21 39 102 51 0
18 21 37 102 51 0
19 21 38 102 51 0
16 21 40 102 51 0
15 17 37 102 51 0
18 18 34 102 51 0
19 17 33 102 51 0
19 17 36 102 51 0
15 19 41 102 51 0
18 18 35 102 51 0
15 17 38 102 51 0
15 19 38 102 51 0
15 17 39 102 51 0
15 17 40 102 51 0
25 6 32 102 51 0
18 18 36 102 51 0
15 17 41 102 51 0
18 18 37 102 51 0
15 19 39 102 51 0
15 17 42 102 51 0
15 17 43 102 51 0
18 18 38 102 51 0
15 17 35 102 51 0
33 6 42 0 238 0
33 7 42 0 238 0
18 18 39 102 51 0
15 17 36 102 51 0
32 8 43 0 238 0
18 17 33 102 51 0
18 18 40 102 51 0
18 17 34 102 51 0
18 17 35 102 51 0
16 21 36 102 51 0
15 21 39 102 51 0
15 21 37 102 51 0
32 8 42 0 238 0
31 8 43 0 238 0
31 9 43 0 238 0
17 21 39 102 51 0
17 21 37 102 51 0
18 21 38 102 51 0
16 21 39 102 51 0
16 21 37 102 51 0
15 21 38 102 51 0
17 21 38 102 51 0
16 21 38 102 51 0
30 10 43 0 238 0
18 17 36 102 51 0
18 17 37 102 51 0
18 17 38 102 51 0
18 17 39 102 51 0
18 17 40 102 51 0
18 17 41 102 51 0
18 17 42 102 51 0
18 18 41 102 51 0
18 17 43 102 51 0
16 17 32 102 51 0
16 17 33 102 51 0
18 18 42 102 51 0
16 17 34 102 51 0
18 18 43 102 51 0
16 17 35 102 51 0
16 17 36 102 51 0
16 17 37 102 51 0
16 17 38 102 51 0
25 2 43 0 238 0
19 20 34 102 51 0
25 3 43 0 238 0
19 20 35 102 51 0
16 17 41 102 51 0
16 17 42 102 51 0
16 17 43 102 51 0
16 18 32 102 51 0
19 18 32 102 51 0
16 18 33 102 51 0
19 18 33 102 51 0
19 18 34 102 51 0
19 18 35 102 51 0
19 18 36 102 51 0
25 2 42 0 238 0
19 20 36 102 51 0
16 18 34 102 51 0
25 2 41 0 238 0
19 18 37 102 51 0
19 18 38 102 51 0
19 18 39 102 51 0
19 18 40 102 51 0
19 18 41 102 51 0
16 18 35 102 51 0
19 18 42 102 51 0
16 18 36 102 51 0
19 18 43 102 51 0
16 18 37 102 51 0
15 18 32 102 51 0
15 18 33 102 51 0
15 18 34 102 51 0
15 18 35 102 51 0
19 20 37 102 51 0
16 18 38 102 51 0
16 18 39 102 51 0
16 18 40 102 51 0
15 18 36 102 51 0
15 18 37 102 51 0
15 20 43 102 51 0
15 20 42 102 51 0
19 20 33 102 51 0
15 20 41 102 51 0
19 20 32 102 51 0
20 7 32 0 238 0
19 7 32 0 238 0
15 19 43 102 51 0
17 17 41 102 51 0
15 19 42 102 51 0
15 18 38 102 51 0
15 18 39 102 51 0
15 18 40 102 51 0
26 9 39 0 238 0
15 18 41 102 51 0
26 8 39 0 238 0
31 10 43 0 238 0
31 8 42 0 238 0
16 18 41 102 51 0
15 18 42 102 51 0
15 18 43 102 51 0
26 9 40 0 238 0
19 17 32 102 51 0
26 8 40 0 238 0
31 9 42 0 238 0
30 10 42 0 238 0
16 18 42 102 51 0
25 6 40 0 238 0
19 20 38 102 51 0
19 20 39 102 51 0
25 6 41 0 238 0
26 8 41 0 238 0
19 20 40 102 51 0
26 8 42 0 238 0
19 20 41 102 51 0
19 20 42 102 51 0
25 8 40 0 238 0
25 7 40 0 238 0
25 8 41 0 238 0
25 7 41 0 238 0
25 8 42 0 238 0
25 7 42 0 238 0
24 7 42 0 238 0
25 7 43 0 238 0
24 7 43 0 238 0
24 8 42 0 238 0
23 8 42 0 238 0
23 7 42 0 238 0
24 8 43 0 238 0
23 8 43 0 238 0
23 7 43 0 238 0
26 9 41 0 238 0
25 9 41 0 238 0
26 9 42 0 238 0
25 9 42 0 238 0
27 10 40 0 238 0
26 10 40 0 238 0
27 10 41 0 238 0
26 10 41 0 238 0
15 20 40 102 51 0
16 18 43 102 51 0
19 19 32 102 51 0
19 19 33 102 51 0
19 19 34 102 51 0
19 19 35 102 51 0
19 19 36 102 51 0
19 19 37 102 51 0
19 19 38 102 51 0
19 19 39 102 51 0
19 19 40 102 51 0
19 19 41 102 51 0
19 19 42 102 51 0
19 19 43 102 51 0
15 19 32 102 51 0
15 19 33 102 51 0
15 19 34 102 51 0
15 19 35 102 51 0
15 19 36 102 51 0
15 19 37 102 51 0
15 20 39 102 51 0
15 20 38 102 51 0
15 20 37 102 51 0
15 20 36 102 51 0
26 0 41 0 238 0
27 0 41 0 238 0
15 20 35 102 51 0
15 20 34 102 51 0
26 0 40 0 238 0
27 0 40 0 238 0
26 1 40 0 238 0
15 20 33 102 51 0
19 17 38 102 51 0
19 20 43 102 51 0
19 17 37 102 51 0
18 18 32 102 51 0
15 20 32 102 51 0
17 17 43 102 51 0
17 17 42 102 51 0
23 4 30 0 238 0
22 4 30 0 238 0
21 4 30 0 238 0
23 4 31 0 238 0
22 4 31 0 238 0
21 4 31 0 238 0
23 3 31 0 238 0
22 3 31 0 238 0
23 7 32 0 238 0
22 7 32 0 238 0
21 7 32 0 238 0
24 6 32 102 51 0
23 6 32 0 238 0
22 6 32 0 238 0
21 6 32 0 238 0
23 5 32 102 51 0
22 5 32 102 51 0
21 5 32 0 238 0
23 4 32 0 238 0
22 4 32 0 238 0
21 4 32 0 238 0
23 3 32 0 238 0
22 3 32 0 238 0
23 7 33 0 238 0
22 7 33 0 238 0
23 6 33 0 238 0
22 6 33 0 238 0
21 6 33 0 238 0
23 5 33 0 238 0
22 5 33 0 238 0
21 5 33 0 238 0
22 7 34 0 238 0
21 7 34 0 238 0
22 6 34 0 238 0
21 6 34 0 238 0
22 7 35 0 238 0
21 7 35 0 238 0
22 6 35 0 238 0
21 6 35 0 238 0
22 30 20 0 170 0
21 30 20 0 170 0
20 30 20 0 170 0
22 29 20 0 170 0
21 29 20 0 170 0
20 29 20 0 170 0
22 28 20 0 170 0
21 28 20 0 170 0
20 28 20 0 170 0
22 27 20 0 170 0
21 27 20 0 170 0
20 27 20 0 170 0
29 4 21 102 51 0
27 4 21 102 51 0
26 4 21 102 51 0
28 4 22 102 51 0
28 6 32 102 51 0
27 6 32 102 51 0
26 6 32 102 51 0
28 5 32 102 51 0
28 6 33 102 51 0
27 6 33 102 51 0
28 5 33 102 51 0
28 6 34 102 51 0
27 6 34 102 51 0
28 5 34 102 51 0
28 6 35 102 51 0
27 6 35 102 51 0
28 5 35 102 51 0
28 6 36 102 51 0
27 6 36 102 51 0
28 5 36 102 51 0
28 6 37 102 51 0
27 6 37 102 51 0
28 5 37 102 51 0
26 7 39 0 238 0
26 6 39 0 238 0
26 7 40 0 238 0
32 6 40 0 238 0
31 6 40 0 238 0
26 6 40 0 238 0
32 5 40 0 238 0
31 5 40 0 238 0
31 6 41 0 238 0
32 7 42 0 238 0
31 7 42 0 238 0
32 6 42 0 238 0
31 7 43 0 238 0
32 7 43 0 238 0
28 7 38 0 238 0
27 7 38 0 238 0
29 6 38 0 238 0
28 6 38 102 51 0
27 6 38 102 51 0
29 5 38 0 238 0
28 5 38 102 51 0
28 4 38 0 238 0
28 3 38 0 238 0
28 2 38 0 238 0
27 2 38 0 238 0
28 1 38 0 238 0
27 1 38 0 238 0
28 9 39 0 238 0
27 9 39 0 238 0
30 8 39 0 238 0
29 8 39 0 238 0
28 8 39 0 238 0
27 8 39 0 238 0
30 7 39 0 238 0
29 7 39 0 238 0
28 7 39 0 238 0
27 7 39 0 238 0
30 6 39 0 238 0
29 6 39 0 238 0
28 6 39 0 238 0
27 6 39 0 238 0
30 5 39 0 238 0
29 5 39 0 238 0
28 5 39 0 238 0
30 4 39 0 238 0
29 4 39 0 238 0
28 4 39 0 238 0
30 3 39 0 238 0
29 3 39 0 238 0
28 3 39 0 238 0
28 2 39 0 238 0
27 2 39 0 238 0
29 1 39 0 238 0
28 1 39 0 238 0
27 1 39 0 238 0
28 9 40 0 238 0
27 9 40 0 238 0
30 8 40 0 238 0
29 8 40 0 238 0
28 8 40 0 238 0
27 8 40 0 238 0
30 7 40 0 238 0
29 7 40 0 238 0
28 7 40 0 238 0
27 7 40 0 238 0
30 6 40 0 238 0
29 6 40 0 238 0
28 6 40 0 238 0
27 6 40 0 238 0
30 5 40 0 238 0
29 5 40 0 238 0
28 5 40 0 238 0
30 4 40 0 238 0
29 4 40 0 238 0
28 4 40 0 238 0
30 3 40 0 238 0
29 3 40 0 238 0
28 3 40 0 238 0
28 2 40 0 238 0
27 2 40 0 238 0
29 1 40 0 238 0
28 1 40 0 238 0
27 1 40 0 238 0
30 9 41 0 238 0
29 9 41 0 238 0
27 9 41 0 238 0
30 8 41 0 238 0
29 8 41 0 238 0
28 8 41 0 238 0
30 7 41 0 238 0
29 7 41 0 238 0
30 6 41 0 238 0
30 5 41 0 238 0
29 5 41 0 238 0
30 4 41 0 238 0
29 4 41 0 238 0
30 3 41 0 238 0
29 3 41 0 238 0
30 2 41 0 238 0
29 2 41 0 238 0
29 1 41 0 238 0
30 9 42 0 238 0
29 9 42 0 238 0
30 8 42 0 238 0
29 8 42 0 238 0
28 8 42 0 238 0
30 7 42 0 238 0
29 7 42 0 238 0
30 4 42 0 238 0
29 4 42 0 238 0
30 3 42 0 238 0
29 3 42 0 238 0
30 2 42 0 238 0
29 2 42 0 238 0
30 9 43 0 238 0
29 9 43 0 238 0
30 8 43 0 238 0
29 8 43 0 238 0
28 8 43 0 238 0
30 7 43 0 238 0
29 7 43 0 238 0
28 7 41 0 238 0
27 7 41 0 238 0
26 7 41 0 238 0
28 6 41 0 238 0
27 6 41 0 238 0
26 6 41 0 238 0
28 5 41 0 238 0
28 4 41 0 238 0
28 3 41 0 238 0
26 2 41 0 238 0
27 1 41 0 238 0
26 1 41 0 238 0
28 7 42 0 238 0
27 7 42 0 238 0
26 7 42 0 238 0
28 6 42 0 238 0
27 6 42 0 238 0
26 6 42 0 238 0
28 5 42 0 238 0
26 2 42 0 238 0
28 7 43 0 238 0
26 3 43 0 238 0
26 2 43 0 238 0
24 4 31 0 238 0
24 3 31 0 238 0
27 5 32 102 51 0
26 5 32 102 51 0
24 5 32 102 51 0
24 4 32 0 238 0
24 3 32 0 238 0
27 5 33 102 51 0
27 5 34 102 51 0
27 5 35 102 51 0
27 5 36 102 51 0
27 5 37 102 51 0
27 5 38 102 51 0
27 4 38 0 238 0
27 3 38 0 238 0
27 5 39 0 238 0
26 5 39 0 238 0
27 4 39 0 238 0
27 3 39 0 238 0
27 5 40 0 238 0
26 5 40 0 238 0
25 5 40 0 238 0
27 4 40 0 238 0
26 4 40 0 238 0
25 4 40 0 238 0
24 4 40 0 238 0
27 3 40 0 238 0
26 3 40 0 238 0
25 3 40 0 238 0
24 3 40 0 238 0
27 5 41 0 238 0
26 5 41 0 238 0
25 5 41 0 238 0
27 4 41 0 238 0
26 4 41 0 238 0
25 4 41 0 238 0
24 4 41 0 238 0
27 3 41 0 238 0
26 3 41 0 238 0
25 3 41 0 238 0
24 3 41 0 238 0
27 5 42 0 238 0
25 4 42 0 238 0
24 4 42 0 238 0
26 3 42 0 238 0
25 3 42 0 238 0
24 3 42 0 238 0
5 3 29 0 238 0
20 6 32 0 238 0
19 6 32 0 238 0
20 5 32 0 238 0
19 5 32 0 238 0
8 6 33 0 238 0
8 5 33 0 238 0
4 6 32 0 238 0
5 8 33 0 238 0
4 8 33 0 238 0
5 7 33 0 238 0
4 7 33 0 238 0
4 8 32 0 238 0
3 8 32 0 238 0
4 7 32 0 238 0
3 7 32 0 238 0
11 3 20 0 170 0
10 3 20 0 170 0
9 3 20 0 170 0
8 3 20 0 170 0
7 3 20 0 170 0
11 2 20 0 170 0
10 2 20 0 170 0
9 2 20 0 170 0
8 2 20 0 170 0
7 2 20 0 170 0
12 1 20 0 170 0
11 1 20 0 170 0
10 1 20 0 170 0
9 1 20 0 170 0
8 1 20 0 170 0
7 1 20 0 170 0
12 0 20 0 170 0
11 0 20 0 170 0
10 0 20 0 170 0
9 0 20 0 170 0
8 0 20 0 170 0
7 0 20 0 170 0
12 39 20 0 170 0
11 39 20 0 170 0
10 39 20 0 170 0
9 39 20 0 170 0
8 39 20 0 170 0
7 39 20 0 170 0
8 3 28 0 238 0
7 3 28 0 238 0
8 3 29 0 238 0
7 3 29 0 238 0
13 3 20 0 170 0
12 3 20 0 170 0
13 2 20 0 170 0
12 2 20 0 170 0
18 4 20 0 170 0
17 4 20 0 170 0
16 4 20 0 170 0
15 4 20 0 170 0
14 4 20 0 170 0
13 4 20 0 170 0
12 4 20 0 170 0
11 4 20 0 170 0
10 4 20 0 170 0
9 4 20 0 170 0
8 4 20 0 170 0
7 4 20 0 170 0
6 4 20 0 170 0
5 4 20 0 170 0
8 4 28 0 238 0
7 4 28 0 238 0
5 4 28 0 238 0
8 4 29 0 238 0
7 4 29 0 238 0
6 4 29 0 238 0
5 4 29 0 238 0
7 4 30 0 238 0
6 4 30 0 238 0
5 4 30 0 238 0
6 4 31 0 238 0
5 4 31 0 238 0
8 8 32 0 238 0
7 8 32 0 238 0
6 8 32 0 238 0
5 8 32 0 238 0
8 7 32 0 238 0
8 6 32 0 238 0
8 5 32 0 238 0
6 4 32 0 238 0
5 4 32 0 238 0
7 7 32 0 238 0
6 7 32 0 238 0
5 7 32 0 238 0
7 6 32 0 238 0
6 6 32 0 238 0
5 6 32 0 238 0
6 5 32 0 238 0
5 5 32 0 238 0
33 26 20 0 170 0
32 26 20 0 170 0
31 26 20 0 170 0
30 26 20 0 170 0
29 26 20 0 170 0
28 26 20 0 170 0
27 26 20 0 170 0
26 26 20 0 170 0
25 26 20 0 170 0
24 26 20 0 170 0
23 26 20 0 170 0
22 26 20 0 170 0
21 26 20 0 170 0
20 26 20 0 170 0
19 26 20 0 170 0
18 26 20 0 170 0
17 26 20 0 170 0
16 26 20 0 170 0
15 26 20 0 170 0
14 26 20 0 170 0
13 26 20 0 170 0
12 26 20 0 170 0
11 26 20 0 170 0
10 26 20 0 170 0
9 26 20 0 170 0
8 26 20 0 170 0
7 26 20 0 170 0
6 26 20 0 170 0
5 26 20 0 170 0
4 26 20 0 170 0
3 26 20 0 170 0
2 26 20 0 170 0
6 5 30 0 238 0
7 5 30 0 238 0
20 5 30 0 238 0
21 5 30 0 238 0
22 5 30 0 238 0
23 5 30 0 238 0
19 21 31 102 51 0
27 5 30 102 51 0
28 5 30 102 51 0
3 5 30 0 238 0
23 25 20 0 170 0
22 25 20 0 170 0
21 25 20 0 170 0
20 25 20 0 170 0
19 25 20 0 170 0
18 25 20 0 170 0
17 25 20 0 170 0
16 25 20 0 170 0
15 25 20 0 170 0
14 25 20 0 170 0
13 25 20 0 170 0
12 25 20 0 170 0
11 25 20 0 170 0
10 25 20 0 170 0
9 25 20 0 170 0
8 25 20 0 170 0
7 25 20 0 170 0
6 25 20 0 170 0
5 25 20 0 170 0
4 25 20 0 170 0
3 25 20 0 170 0
2 25 20 0 170 0
2 6 30 0 238 0
3 6 30 0 238 0
4 6 30 0 238 0
5 6 30 0 238 0
6 6 30 0 238 0
7 6 30 0 238 0
8 6 30 0 238 0
23 6 30 0 238 0
27 6 30 102 51 0
18 21 31 102 51 0
23 24 20 0 170 0
22 24 20 0 170 0
21 24 20 0 170 0
20 24 20 0 170 0
19 24 20 0 170 0
18 24 20 0 170 0
17 24 20 0 170 0
16 24 20 0 170 0
15 24 20 0 170 0
14 24 20 0 170 0
13 24 20 0 170 0
12 24 20 0 170 0
11 24 20 0 170 0
10 24 20 0 170 0
9 24 20 0 170 0
8 24 20 0 170 0
7 24 20 0 170 0
6 24 20 0 170 0
5 24 20 0 170 0
4 24 20 0 170 0
3 24 20 0 170 0
2 24 20 0 170 0
28 6 30 102 51 0
2 7 30 0 238 0
3 7 30 0 238 0
4 7 30 0 238 0
5 7 30 0 238 0
31 18 20 0 170 0
30 18 20 0 170 0
6 7 30 0 238 0
28 18 20 0 170 0
31 17 20 0 170 0
23 23 20 0 170 0
22 23 20 0 170 0
21 23 20 0 170 0
20 23 20 0 170 0
19 23 20 0 170 0
18 23 20 0 170 0
17 23 20 0 170 0
16 23 20 0 170 0
15 23 20 0 170 0
14 23 20 0 170 0
13 23 20 0 170 0
12 23 20 0 170 0
11 23 20 0 170 0
10 23 20 0 170 0
9 23 20 0 170 0
8 23 20 0 170 0
7 23 20 0 170 0
6 23 20 0 170 0
5 23 20 0 170 0
4 23 20 0 170 0
3 23 20 0 170 0
2 23 20 0 170 0
7 7 30 0 238 0
8 7 30 0 238 0
7 27 20 0 170 0
3 5 31 0 238 0
5 5 31 0 238 0
6 5 31 0 238 0
30 17 20 0 170 0
28 17 20 0 170 0
6 9 31 0 238 0
7 9 31 0 238 0
23 22 20 0 170 0
22 22 20 0 170 0
21 22 20 0 170 0
20 22 20 0 170 0
19 22 20 0 170 0
18 22 20 0 170 0
17 22 20 0 170 0
16 22 20 0 170 0
15 22 20 0 170 0
14 22 20 0 170 0
13 22 20 0 170 0
12 22 20 0 170 0
11 22 20 0 170 0
10 22 20 0 170 0
9 22 20 0 170 0
8 22 20 0 170 0
7 22 20 0 170 0
6 22 20 0 170 0
5 22 20 0 170 0
4 22 20 0 170 0
3 22 20 0 170 0
2 22 20 0 170 0
9 7 30 0 238 0
23 7 30 0 238 0
8 5 31 0 238 0
19 5 31 0 238 0
20 5 31 0 238 0
21 5 31 102 51 0
15 17 31 102 51 0
16 17 31 102 51 0
17 17 31 102 51 0
18 17 31 102 51 0
23 21 20 0 170 0
22 21 20 0 170 0
21 21 20 0 170 0
20 21 20 0 170 0
19 21 20 0 170 0
18 21 20 0 170 0
17 21 20 0 170 0
16 21 20 0 170 0
15 21 20 0 170 0
14 21 20 0 170 0
13 21 20 0 170 0
12 21 20 0 170 0
11 21 20 0 170 0
10 21 20 0 170 0
9 21 20 0 170 0
8 21 20 0 170 0
7 21 20 0 170 0
6 21 20 0 170 0
5 21 20 0 170 0
4 21 20 0 170 0
3 21 20 0 170 0
2 21 20 0 170 0
4 8 30 0 238 0
5 8 30 0 238 0
22 5 31 102 51 0
23 5 31 102 51 0
24 5 31 102 51 0
25 5 31 102 51 0
19 17 31 102 51 0
15 18 31 102 51 0
16 18 31 102 51 0
17 18 31 102 51 0
23 20 20 0 170 0
22 20 20 0 170 0
21 20 20 0 170 0
20 20 20 0 170 0
19 20 20 0 170 0
18 20 20 0 170 0
17 20 20 0 170 0
16 20 20 0 170 0
15 20 20 0 170 0
14 20 20 0 170 0
13 20 20 0 170 0
12 20 20 0 170 0
11 20 20 0 170 0
10 20 20 0 170 0
9 20 20 0 170 0
8 20 20 0 170 0
7 20 20 0 170 0
6 20 20 0 170 0
5 20 20 0 170 0
4 20 20 0 170 0
3 20 20 0 170 0
2 20 20 0 170 0
6 8 30 0 238 0
7 8 30 0 238 0
26 5 31 102 51 0
27 5 31 102 51 0
28 5 31 102 51 0
2 6 31 0 238 0
18 18 31 102 51 0
15 19 31 102 51 0
16 19 31 102 51 0
17 19 31 102 51 0
23 19 20 0 170 0
22 19 20 0 170 0
21 19 20 0 170 0
20 19 20 0 170 0
19 19 20 0 170 0
18 19 20 0 170 0
17 19 20 0 170 0
16 19 20 0 170 0
15 19 20 0 170 0
14 19 20 0 170 0
13 19 20 0 170 0
12 19 20 0 170 0
11 19 20 0 170 0
10 19 20 0 170 0
9 19 20 0 170 0
8 19 20 0 170 0
7 19 20 0 170 0
6 19 20 0 170 0
5 19 20 0 170 0
4 19 20 0 170 0
3 19 20 0 170 0
2 19 20 0 170 0
33 18 20 0 170 0
32 18 20 0 170 0
3 6 31 0 238 0
4 6 31 0 238 0
5 6 31 0 238 0
6 6 31 0 238 0
27 18 20 0 170 0
26 18 20 0 170 0
25 18 20 0 170 0
24 18 20 0 170 0
23 18 20 0 170 0
22 18 20 0 170 0
21 18 20 0 170 0
20 18 20 0 170 0
19 18 20 0 170 0
18 18 20 0 170 0
17 18 20 0 170 0
16 18 20 0 170 0
15 18 20 0 170 0
14 18 20 0 170 0
13 18 20 0 170 0
12 18 20 0 170 0
11 18 20 0 170 0
10 18 20 0 170 0
9 18 20 0 170 0
8 18 20 0 170 0
7 18 20 0 170 0
6 18 20 0 170 0
5 18 20 0 170 0
4 18 20 0 170 0
3 18 20 0 170 0
2 18 20 0 170 0
33 17 20 0 170 0
32 17 20 0 170 0
7 6 31 0 238 0
8 6 31 0 238 0
19 6 31 0 238 0
20 6 31 0 238 0
27 17 20 0 170 0
26 17 20 0 170 0
25 17 20 0 170 0
24 17 20 0 170 0
23 17 20 0 170 0
22 17 20 0 170 0
21 17 20 0 170 0
20 17 20 0 170 0
19 17 20 0 170 0
18 17 20 0 170 0
17 17 20 0 170 0
16 17 20 0 170 0
15 17 20 0 170 0
14 17 20 0 170 0
13 17 20 0 170 0
12 17 20 0 170 0
11 17 20 0 170 0
10 17 20 0 170 0
9 17 20 0 170 0
8 17 20 0 170 0
7 17 20 0 170 0
6 17 20 0 170 0
5 17 20 0 170 0
4 17 20 0 170 0
3 17 20 0 170 0
2 17 20 0 170 0
33 16 20 0 170 0
32 16 20 0 170 0
31 16 20 0 170 0
30 16 20 0 170 0
4 5 30 0 238 0
28 16 20 0 170 0
27 16 20 0 170 0
26 16 20 0 170 0
25 16 20 0 170 0
24 16 20 0 170 0
23 16 20 0 170 0
22 16 20 0 170 0
21 16 20 0 170 0
20 16 20 0 170 0
19 16 20 0 170 0
18 16 20 0 170 0
17 16 20 0 170 0
16 16 20 0 170 0
15 16 20 0 170 0
14 16 20 0 170 0
13 16 20 0 170 0
12 16 20 0 170 0
11 16 20 0 170 0
10 16 20 0 170 0
9 16 20 0 170 0
8 16 20 0 170 0
7 16 20 0 170 0
6 16 20 0 170 0
5 16 20 0 170 0
4 16 20 0 170 0
3 16 20 0 170 0
2 16 20 0 170 0
33 15 20 0 170 0
32 15 20 0 170 0
31 15 20 0 170 0
30 15 20 0 170 0
29 15 20 0 170 0
28 15 20 0 170 0
27 15 20 0 170 0
26 15 20 0 170 0
25 15 20 0 170 0
24 15 20 0 170 0
23 15 20 0 170 0
22 15 20 0 170 0
21 15 20 0 170 0
20 15 20 0 170 0
19 15 20 0 170 0
18 15 20 0 170 0
17 15 20 0 170 0
16 15 20 0 170 0
15 15 20 0 170 0
14 15 20 0 170 0
13 15 20 0 170 0
12 15 20 0 170 0
11 15 20 0 170 0
10 15 20 0 170 0
9 15 20 0 170 0
8 15 20 0 170 0
7 15 20 0 170 0
6 15 20 0 170 0
5 15 20 0 170 0
4 15 20 0 170 0
3 15 20 0 170 0
2 15 20 0 170 0
33 14 20 0 170 0
32 14 20 0 170 0
31 14 20 0 170 0
30 14 20 0 170 0
29 14 20 0 170 0
28 14 20 0 170 0
27 14 20 0 170 0
26 14 20 0 170 0
25 14 20 0 170 0
24 14 20 0 170 0
23 14 20 0 170 0
22 14 20 0 170 0
21 14 20 0 170 0
20 14 20 0 170 0
19 14 20 0 170 0
18 14 20 0 170 0
17 14 20 0 170 0
16 14 20 0 170 0
15 14 20 0 170 0
14 14 20 0 170 0
13 14 20 0 170 0
12 14 20 0 170 0
11 14 20 0 170 0
10 14 20 0 170 0
9 14 20 0 170 0
8 14 20 0 170 0
7 14 20 0 170 0
6 14 20 0 170 0
5 14 20 0 170 0
4 14 20 0 170 0
3 14 20 0 170 0
2 14 20 0 170 0
33 13 20 0 170 0
32 13 20 0 170 0
31 13 20 0 170 0
30 13 20 0 170 0
29 13 20 0 170 0
28 13 20 0 170 0
27 13 20 0 170 0
26 13 20 0 170 0
25 13 20 0 170 0
24 13 20 0 170 0
23 13 20 0 170 0
22 13 20 0 170 0
21 13 20 0 170 0
20 13 20 0 170 0
19 13 20 0 170 0
18 13 20 0 170 0
17 13 20 0 170 0
16 13 20 0 170 0
15 13 20 0 170 0
14 13 20 0 170 0
13 13 20 0 170 0
12 13 20 0 170 0
11 13 20 0 170 0
10 13 20 0 170 0
9 13 20 0 170 0
8 13 20 0 170 0
7 13 20 0 170 0
6 13 20 0 170 0
5 13 20 0 170 0
4 13 20 0 170 0
3 13 20 0 170 0
2 13 20 0 170 0
33 12 20 0 170 0
32 12 20 0 170 0
31 12 20 0 170 0
30 12 20 0 170 0
29 12 20 0 170 0
28 12 20 0 170 0
27 12 20 0 170 0
26 12 20 0 170 0
25 12 20 0 170 0
24 12 20 0 170 0
23 12 20 0 170 0
22 12 20 0 170 0
21 12 20 0 170 0
20 12 20 0 170 0
19 12 20 0 170 0
18 12 20 0 170 0
17 12 20 0 170 0
16 12 20 0 170 0
15 12 20 0 170 0
14 12 20 0 170 0
13 12 20 0 170 0
12 12 20 0 170 0
11 12 20 0 170 0
10 12 20 0 170 0
9 12 20 0 170 0
8 12 20 0 170 0
7 12 20 0 170 0
6 12 20 0 170 0
5 12 20 0 170 0
4 12 20 0 170 0
3 12 20 0 170 0
2 12 20 0 170 0
33 11 20 0 170 0
32 11 20 0 170 0
31 11 20 0 170 0
30 11 20 0 170 0
29 11 20 0 170 0
28 11 20 0 170 0
27 11 20 0 170 0
26 11 20 0 170 0
25 11 20 0 170 0
24 11 20 0 170 0
23 11 20 0 170 0
22 11 20 0 170 0
21 11 20 0 170 0
20 11 20 0 170 0
19 11 20 0 170 0
18 11 20 0 170 0
17 11 20 0 170 0
16 11 20 0 170 0
15 11 20 0 170 0
14 11 20 0 170 0
13 11 20 0 170 0
12 11 20 0 170 0
11 11 20 0 170 0
10 11 20 0 170 0
9 11 20 0 170 0
8 11 20 0 170 0
7 11 20 0 170 0
6 11 20 0 170 0
5 11 20 0 170 0
4 11 20 0 170 0
3 11 20 0 170 0
2 11 20 0 170 0
33 10 20 0 170 0
32 10 20 0 170 0
31 10 20 0 170 0
30 10 20 0 170 0
29 10 20 0 170 0
28 10 20 0 170 0
27 10 20 0 170 0
26 10 20 0 170 0
25 10 20 0 170 0
24 10 20 0 170 0
23 10 20 0 170 0
22 10 20 0 170 0
21 10 20 0 170 0
20 10 20 0 170 0
19 10 20 0 170 0
18 10 20 0 170 0
17 10 20 0 170 0
16 10 20 0 170 0
15 10 20 0 170 0
14 10 20 0 170 0
13 10 20 0 170 0
12 10 20 0 170 0
11 10 20 0 170 0
10 10 20 0 170 0
9 10 20 0 170 0
8 10 20 0 170 0
7 10 20 0 170 0
6 10 20 0 170 0
5 10 20 0 170 0
4 10 20 0 170 0
3 10 20 0 170 0
2 10 20 0 170 0
33 9 20 0 170 0
32 9 20 0 170 0
31 9 20 0 170 0
30 9 20 0 170 0
29 9 20 0 170 0
28 9 20 0 170 0
27 9 20 0 170 0
26 9 20 0 170 0
25 9 20 0 170 0
24 9 20 0 170 0
23 9 20 0 170 0
22 9 20 0 170 0
21 9 20 0 170 0
20 9 20 0 170 0
19 9 20 0 170 0
18 9 20 0 170 0
17 9 20 0 170 0
16 9 20 0 170 0
15 9 20 0 170 0
14 9 20 0 170 0
13 9 20 0 170 0
12 9 20 0 170 0
11 9 20 0 170 0
10 9 20 0 170 0
9 9 20 0 170 0
8 9 20 0 170 0
7 9 20 0 170 0
6 9 20 0 170 0
5 9 20 0 170 0
4 9 20 0 170 0
3 9 20 0 170 0
2 9 20 0 170 0
33 8 20 0 170 0
32 8 20 0 170 0
31 8 20 0 170 0
30 8 20 0 170 0
29 8 20 0 170 0
28 8 20 0 170 0
27 8 20 0 170 0
26 8 20 0 170 0
25 8 20 0 170 0
24 8 20 0 170 0
23 8 20 0 170 0
22 8 20 0 170 0
21 8 20 0 170 0
20 8 20 0 170 0
19 8 20 0 170 0
18 8 20 0 170 0
17 8 20 0 170 0
16 8 20 0 170 0
15 8 20 0 170 0
14 8 20 0 170 0
13 8 20 0 170 0
12 8 20 0 170 0
11 8 20 0 170 0
10 8 20 0 170 0
9 8 20 0 170 0
8 8 20 0 170 0
7 8 20 0 170 0
6 8 20 0 170 0
5 8 20 0 170 0
4 8 20 0 170 0
3 8 20 0 170 0
2 8 20 0 170 0
33 7 20 0 170 0
32 7 20 0 170 0
31 7 20 0 170 0
30 7 20 0 170 0
29 7 20 0 170 0
28 7 20 0 170 0
27 7 20 0 170 0
26 7 20 0 170 0
25 7 20 0 170 0
24 7 20 0 170 0
23 7 20 0 170 0
22 7 20 0 170 0
21 7 20 0 170 0
20 7 20 0 170 0
19 7 20 0 170 0
18 7 20 0 170 0
17 7 20 0 170 0
16 7 20 0 170 0
15 7 20 0 170 0
14 7 20 0 170 0
13 7 20 0 170 0
12 7 20 0 170 0
11 7 20 0 170 0
10 7 20 0 170 0
9 7 20 0 170 0
8 7 20 0 170 0
7 7 20 0 170 0
6 7 20 0 170 0
5 7 20 0 170 0
4 7 20 0 170 0
3 7 20 0 170 0
2 7 20 0 170 0
33 6 20 0 170 0
32 6 20 0 170 0
31 6 20 0 170 0
30 6 20 0 170 0
29 6 20 0 170 0
28 6 20 0 170 0
27 6 20 0 170 0
26 6 20 0 170 0
25 6 20 0 170 0
24 6 20 0 170 0
23 6 20 0 170 0
22 6 20 0 170 0
21 6 20 0 170 0
20 6 20 0 170 0
19 6 20 0 170 0
18 6 20 0 170 0
17 6 20 0 170 0
16 6 20 0 170 0
15 6 20 0 170 0
14 6 20 0 170 0
13 6 20 0 170 0
12 6 20 0 170 0
11 6 20 0 170 0
10 6 20 0 170 0
9 6 20 0 170 0
8 6 20 0 170 0
7 6 20 0 170 0
6 6 20 0 170 0
5 6 20 0 170 0
4 6 20 0 170 0
3 6 20 0 170 0
2 6 20 0 170 0
33 5 20 0 170 0
32 5 20 0 170 0
31 5 20 0 170 0
30 5 20 0 170 0
29 5 20 0 170 0
28 5 20 0 170 0
27 5 20 0 170 0
26 5 20 0 170 0
25 5 20 0 170 0
24 5 20 0 170 0
23 5 20 0 170 0
22 5 20 0 170 0
21 5 20 0 170 0
20 5 20 0 170 0
19 5 20 0 170 0
18 5 20 0 170 0
17 5 20 0 170 0
16 5 20 0 170 0
15 5 20 0 170 0
14 5 20 0 170 0
13 5 20 0 170 0
12 5 20 0 170 0
11 5 20 0 170 0
10 5 20 0 170 0
9 5 20 0 170 0
8 5 20 0 170 0
7 5 20 0 170 0
6 5 20 0 170 0
5 5 20 0 170 0
4 5 20 0 170 0
3 5 20 0 170 0
2 5 20 0 170 0
16 24 21 102 51 0
22 23 21 102 51 0
19 23 21 102 51 0
17 23 21 102 51 0
16 23 21 102 51 0
21 22 21 102 51 0
20 22 21 102 51 0
19 22 21 102 51 0
18 22 21 102 51 0
17 22 21 102 51 0
16 22 21 102 51 0
15 22 21 102 51 0
14 22 21 102 51 0
21 6 31 0 238 0
21 21 21 102 51 0
20 21 21 102 51 0
19 21 21 102 51 0
18 21 21 102 51 0
17 21 21 102 51 0
16 21 21 102 51 0
15 21 21 102 51 0
14 21 21 102 51 0
13 21 21 102 51 0
21 20 21 102 51 0
20 20 21 102 51 0
19 20 21 102 51 0
18 20 21 102 51 0
17 20 21 102 51 0
16 20 21 102 51 0
15 20 21 102 51 0
14 20 21 102 51 0
20 19 21 102 51 0
19 19 21 102 51 0
18 19 21 102 51 0
17 19 21 102 51 0
16 19 21 102 51 0
15 19 21 102 51 0
13 19 21 102 51 0
19 18 21 102 51 0
18 18 21 102 51 0
17 18 21 102 51 0
16 18 21 102 51 0
15 18 21 102 51 0
14 18 21 102 51 0
21 17 21 102 51 0
20 17 21 102 51 0
19 17 21 102 51 0
18 17 21 102 51 0
17 17 21 102 51 0
16 17 21 102 51 0
15 17 21 102 51 0
14 17 21 102 51 0
13 17 21 102 51 0
19 16 21 102 51 0
18 16 21 102 51 0
17 16 21 102 51 0
16 16 21 102 51 0
15 16 21 102 51 0
20 15 21 102 51 0
19 15 21 102 51 0
18 15 21 102 51 0
17 15 21 102 51 0
16 14 21 102 51 0
27 8 21 102 51 0
28 7 21 102 51 0
27 7 21 102 51 0
7 7 21 102 51 0
6 7 21 102 51 0
28 6 21 102 51 0
27 6 21 102 51 0
26 6 21 102 51 0
7 6 21 102 51 0
6 6 21 102 51 0
29 5 21 102 51 0
28 5 21 102 51 0
27 5 21 102 51 0
26 5 21 102 51 0
25 5 21 102 51 0
17 23 22 102 51 0
21 22 22 102 51 0
16 22 22 102 51 0
15 22 22 102 51 0
22 6 31 0 238 0
20 21 22 102 51 0
19 21 22 102 51 0
18 21 22 102 51 0
17 21 22 102 51 0
16 21 22 102 51 0
15 21 22 102 51 0
14 21 22 102 51 0
13 21 22 102 51 0
20 20 22 102 51 0
19 20 22 102 51 0
18 20 22 102 51 0
17 20 22 102 51 0
16 20 22 102 51 0
15 20 22 102 51 0
14 20 22 102 51 0
13 20 22 102 51 0
19 19 22 102 51 0
18 19 22 102 51 0
17 19 22 102 51 0
16 19 22 102 51 0
15 19 22 102 51 0
14 19 22 102 51 0
19 18 22 102 51 0
18 18 22 102 51 0
17 18 22 102 51 0
16 18 22 102 51 0
15 18 22 102 51 0
14 18 22 102 51 0
19 17 22 102 51 0
18 17 22 102 51 0
17 17 22 102 51 0
16 17 22 102 51 0
15 17 22 102 51 0
14 17 22 102 51 0
19 16 22 102 51 0
18 16 22 102 51 0
17 16 22 102 51 0
19 15 22 102 51 0
18 15 22 102 51 0
17 15 22 102 51 0
27 7 22 102 51 0
7 7 22 102 51 0
6 7 22 102 51 0
28 6 22 102 51 0
27 6 22 102 51 0
7 6 22 102 51 0
6 6 22 102 51 0
30 5 22 102 51 0
29 5 22 102 51 0
28 5 22 102 51 0
27 5 22 102 51 0
26 5 22 102 51 0
23 6 31 102 51 0
19 21 23 102 51 0
18 21 23 102 51 0
17 21 23 102 51 0
16 21 23 102 51 0
15 21 23 102 51 0
14 21 23 102 51 0
19 20 23 102 51 0
18 20 23 102 51 0
17 20 23 102 51 0
16 20 23 102 51 0
15 20 23 102 51 0
14 20 23 102 51 0
19 19 23 102 51 0
18 19 23 102 51 0
17 19 23 102 51 0
16 19 23 102 51 0
15 19 23 102 51 0
19 18 23 102 51 0
18 18 23 102 51 0
17 18 23 102 51 0
16 18 23 102 51 0
19 17 23 102 51 0
18 17 23 102 51 0
17 17 23 102 51 0
16 17 23 102 51 0
15 17 23 102 51 0
14 17 23 102 51 0
18 16 23 102 51 0
16 16 23 102 51 0
19 15 23 102 51 0
7 7 23 102 51 0
6 7 23 102 51 0
28 6 23 102 51 0
27 6 23 102 51 0
7 6 23 102 51 0
6 6 23 102 51 0
28 5 23 102 51 0
27 5 23 102 51 0
24 6 31 102 51 0
19 21 24 102 51 0
18 21 24 102 51 0
17 21 24 102 51 0
16 21 24 102 51 0
15 21 24 102 51 0
19 20 24 102 51 0
18 20 24 102 51 0
17 20 24 102 51 0
16 20 24 102 51 0
15 20 24 102 51 0
19 19 24 102 51 0
18 19 24 102 51 0
17 19 24 102 51 0
16 19 24 102 51 0
15 19 24 102 51 0
19 18 24 102 51 0
18 18 24 102 51 0
17 18 24 102 51 0
16 18 24 102 51 0
15 18 24 102 51 0
19 17 24 102 51 0
18 17 24 102 51 0
17 17 24 102 51 0
16 17 24 102 51 0
15 17 24 102 51 0
7 7 24 102 51 0
6 7 24 102 51 0
28 6 24 102 51 0
27 6 24 102 51 0
7 6 24 102 51 0
6 6 24 102 51 0
28 5 24 102 51 0
27 5 24 102 51 0
25 6 31 102 51 0
19 21 25 102 51 0
18 21 25 102 51 0
17 21 25 102 51 0
16 21 25 102 51 0
15 21 25 102 51 0
19 20 25 102 51 0
18 20 25 102 51 0
17 20 25 102 51 0
16 20 25 102 51 0
15 20 25 102 51 0
19 19 25 102 51 0
18 19 25 102 51 0
17 19 25 102 51 0
16 19 25 102 51 0
15 19 25 102 51 0
19 18 25 102 51 0
18 18 25 102 51 0
17 18 25 102 51 0
16 18 25 102 51 0
15 18 25 102 51 0
19 17 25 102 51 0
18 17 25 102 51 0
17 17 25 102 51 0
16 17 25 102 51 0
15 17 25 102 51 0
7 7 25 102 51 0
6 7 25 102 51 0
28 6 25 102 51 0
27 6 25 102 51 0
7 6 25 102 51 0
6 6 25 102 51 0
28 5 25 102 51 0
27 5 25 102 51 0
18 19 31 102 51 0
17 21 31 102 51 0
19 19 31 102 51 0
15 20 31 102 51 0
26 6 31 102 51 0
27 6 31 102 51 0
28 6 31 102 51 0
8 8 30 0 238 0
29 18 20 0 170 0
2 7 31 0 238 0
3 7 31 0 238 0
4 7 31 0 238 0
5 7 31 0 238 0
29 17 20 0 170 0
29 16 20 0 170 0
23 8 30 0 238 0
19 21 26 102 51 0
18 21 26 102 51 0
17 21 26 102 51 0
16 21 26 102 51 0
15 21 26 102 51 0
6 7 31 0 238 0
7 7 31 0 238 0
8 7 31 0 238 0
16 20 31 102 51 0
17 20 31 102 51 0
19 20 26 102 51 0
18 20 26 102 51 0
17 20 26 102 51 0
16 20 26 102 51 0
15 20 26 102 51 0
19 7 31 0 238 0
20 7 31 0 238 0
18 20 31 102 51 0
19 19 26 102 51 0
18 19 26 102 51 0
17 19 26 102 51 0
16 19 26 102 51 0
15 19 26 102 51 0
21 7 31 0 238 0
19 18 26 102 51 0
18 18 26 102 51 0
17 18 26 102 51 0
16 18 26 102 51 0
15 18 26 102 51 0
19 17 26 102 51 0
18 17 26 102 51 0
16 17 26 102 51 0
15 17 26 102 51 0
7 7 26 102 51 0
6 7 26 102 51 0
28 6 26 102 51 0
27 6 26 102 51 0
7 6 26 102 51 0
6 6 26 102 51 0
28 5 26 102 51 0
27 5 26 102 51 0
19 20 31 102 51 0
22 7 31 0 238 0
23 7 31 0 238 0
4 9 30 0 238 0
24 7 31 0 238 0
3 8 31 0 238 0
4 8 31 0 238 0
2 5 30 0 238 0
15 21 31 102 51 0
19 21 27 102 51 0
18 21 27 102 51 0
17 21 27 102 51 0
16 21 27 102 51 0
15 21 27 102 51 0
5 8 31 0 238 0
6 8 31 0 238 0
16 21 31 102 51 0
19 20 27 102 51 0
18 20 27 102 51 0
17 20 27 102 51 0
16 20 27 102 51 0
15 20 27 102 51 0
7 8 31 0 238 0
19 19 27 102 51 0
18 19 27 102 51 0
17 19 27 102 51 0
16 19 27 102 51 0
15 19 27 102 51 0
19 18 27 102 51 0
18 18 27 102 51 0
17 18 27 102 51 0
16 18 27 102 51 0
15 18 27 102 51 0
19 17 27 102 51 0
18 17 27 102 51 0
16 17 27 102 51 0
15 17 27 102 51 0
7 7 27 102 51 0
6 7 27 102 51 0
28 6 27 102 51 0
27 6 27 102 51 0
7 6 27 102 51 0
6 6 27 102 51 0
28 5 27 102 51 0
27 5 27 102 51 0
8 8 31 0 238 0
23 8 31 0 238 0
4 9 31 0 238 0
5 5 30 0 238 0
19 21 28 102 51 0
18 21 28 102 51 0
17 21 28 102 51 0
16 21 28 102 51 0
15 21 28 102 51 0
5 9 31 0 238 0
19 20 28 102 51 0
18 20 28 102 51 0
17 20 28 102 51 0
16 20 28 102 51 0
15 20 28 102 51 0
19 19 28 102 51 0
18 19 28 102 51 0
17 19 28 102 51 0
16 19 28 102 51 0
15 19 28 102 51 0
19 18 28 102 51 0
18 18 28 102 51 0
17 18 28 102 51 0
16 18 28 102 51 0
15 18 28 102 51 0
19 17 28 102 51 0
18 17 28 102 51 0
17 17 28 102 51 0
16 17 28 102 51 0
15 17 28 102 51 0
4 9 28 0 238 0
3 9 28 0 238 0
4 8 28 0 238 0
3 8 28 0 238 0
9 7 28 0 238 0
8 7 28 0 238 0
7 7 28 102 51 0
6 7 28 102 51 0
4 7 28 0 238 0
3 7 28 0 238 0
28 6 28 102 51 0
27 6 28 102 51 0
9 6 28 0 238 0
8 6 28 0 238 0
7 6 28 102 51 0
6 6 28 102 51 0
5 6 28 0 238 0
4 6 28 0 238 0
3 6 28 0 238 0
28 5 28 102 51 0
27 5 28 102 51 0
9 5 28 0 238 0
8 5 28 0 238 0
7 5 28 0 238 0
5 5 28 0 238 0
5 9 30 0 238 0
19 21 29 102 51 0
16 21 29 102 51 0
15 21 29 102 51 0
19 20 29 102 51 0
18 20 29 102 51 0
17 20 29 102 51 0
16 20 29 102 51 0
15 20 29 102 51 0
19 19 29 102 51 0
18 19 29 102 51 0
17 19 29 102 51 0
16 19 29 102 51 0
15 19 29 102 51 0
19 18 29 102 51 0
18 18 29 102 51 0
17 18 29 102 51 0
16 18 29 102 51 0
15 18 29 102 51 0
19 17 29 102 51 0
18 17 29 102 51 0
17 17 29 102 51 0
16 17 29 102 51 0
15 17 29 102 51 0
7 9 29 0 238 0
6 9 29 0 238 0
5 9 29 0 238 0
4 9 29 0 238 0
3 9 29 0 238 0
7 8 29 0 238 0
6 8 29 0 238 0
5 8 29 0 238 0
4 8 29 0 238 0
3 8 29 0 238 0
9 7 29 0 238 0
7 7 29 0 238 0
6 7 29 0 238 0
4 7 29 0 238 0
3 7 29 0 238 0
28 6 29 102 51 0
27 6 29 102 51 0
7 6 29 0 238 0
6 6 29 0 238 0
5 6 29 0 238 0
4 6 29 0 238 0
3 6 29 0 238 0
28 5 29 102 51 0
27 5 29 102 51 0
7 5 29 0 238 0
6 5 29 0 238 0
5 5 29 0 238 0
19 21 30 102 51 0
18 21 30 102 51 0
17 21 30 102 51 0
16 21 30 102 51 0
15 21 30 102 51 0
19 20 30 102 51 0
18 20 30 102 51 0
17 20 30 102 51 0
16 20 30 102 51 0
15 20 30 102 51 0
19 19 30 102 51 0
18 19 30 102 51 0
17 19 30 102 51 0
16 19 30 102 51 0
15 19 30 102 51 0
18 18 30 102 51 0
17 18 30 102 51 0
16 18 30 102 51 0
15 18 30 102 51 0
19 17 30 102 51 0
18 17 30 102 51 0
17 17 30 102 51 0
16 17 30 102 51 0
15 17 30 102 51 0
7 9 30 0 238 0
6 9 30 0 238 0
32 21 28 0 238 0
34 20 26 0 238 0
34 23 26 0 238 0
35 20 26 0 238 0
34 19 26 0 238 0
33 20 28 0 238 0
33 22 28 0 238 0
29 19 20 0 170 0
30 19 20 0 170 0
31 19 20 0 170 0
32 19 20 0 170 0
33 19 20 0 170 0
29 20 20 0 170 0
30 20 20 0 170 0
31 20 20 0 170 0
32 20 20 0 170 0
33 20 20 0 170 0
29 21 20 0 170 0
30 21 20 0 170 0
31 21 20 0 170 0
32 21 20 0 170 0
33 21 20 0 170 0
29 22 20 0 170 0
30 22 20 0 170 0
31 22 20 0 170 0
32 22 20 0 170 0
33 22 20 0 170 0
29 23 20 0 170 0
30 23 20 0 170 0
31 23 20 0 170 0
32 23 20 0 170 0
33 23 20 0 170 0
29 24 20 0 170 0
30 24 20 0 170 0
31 24 20 0 170 0
32 24 20 0 170 0
33 24 20 0 170 0
29 25 20 0 170 0
30 25 20 0 170 0
31 25 20 0 170 0
32 25 20 0 170 0
33 25 20 0 170 0
33 21 21 102 51 0
33 21 22 102 51 0
33 21 23 102 51 0
33 21 24 102 51 0
33 21 25 102 51 0
32 19 26 0 238 0
31 20 26 0 238 0
32 20 26 0 238 0
32 23 26 0 238 0
33 19 27 0 238 0
33 23 27 0 238 0
32 20 27 0 238 0
33 20 27 0 238 0
34 20 27 0 238 0
33 18 26 0 238 0
33 19 26 0 238 0
33 20 26 0 238 0
33 23 26 0 238 0
33 24 26 0 238 0
31 21 27 0 238 0
32 21 27 0 238 0
32 22 27 0 238 0
33 22 27 0 238 0
34 22 27 0 238 0
30 21 26 0 238 0
31 21 26 0 238 0
32 21 26 0 238 0
31 22 26 0 238 0
32 22 26 0 238 0
33 22 26 0 238 0
34 22 26 0 238 0
35 22 26 0 238 0
33 21 26 0 238 0
34 21 26 0 238 0
35 21 26 0 238 0
36 21 26 0 238 0
33 21 27 0 238 0
34 21 27 0 238 0
35 21 27 0 238 0
33 21 28 0 238 0
34 21 28 0 238 0
33 21 29 0 238 0
26 20 20 0 170 0
26 19 20 0 170 0
26 21 20 0 170 0
25 20 20 0 170 0
27 20 20 0 170 0
25 19 20 0 170 0
27 19 20 0 170 0
26 22 20 0 170 0
25 21 20 0 170 0
27 21 20 0 170 0
24 20 20 0 170 0
28 20 20 0 170 0
24 19 20 0 170 0
28 19 20 0 170 0
26 23 20 0 170 0
25 22 20 0 170 0
27 22 20 0 170 0
24 21 20 0 170 0
28 21 20 0 170 0
26 24 20 0 170 0
25 23 20 0 170 0
27 23 20 0 170 0
24 22 20 0 170 0
28 22 20 0 170 0
26 25 20 0 170 0
25 24 20 0 170 0
27 24 20 0 170 0
24 23 20 0 170 0
28 23 20 0 170 0
25 25 20 0 170 0
27 25 20 0 170 0
24 24 20 0 170 0
28 24 20 0 170 0
24 25 20 0 170 0
28 25 20 0 170 0
35 21 28 0 238 0
35 21 29 0 238 0
35 21 30 0 238 0
34 20 28 0 238 0
34 20 29 0 238 0
34 20 30 0 238 0
33 19 28 0 238 0
33 19 29 0 238 0
33 19 30 0 238 0
34 22 28 0 238 0
34 22 29 0 238 0
34 22 30 0 238 0
33 23 28 0 238 0
33 23 29 0 238 0
33 23 30 0 238 0
32 22 28 0 238 0
32 22 29 0 238 0
32 22 30 0 238 0
31 21 28 0 238 0
31 21 29 0 238 0
31 21 30 0 238 0
32 20 28 0 238 0
32 20 29 0 238 0
32 20 30 0 238 0
32 21 29 0 238 0
32 21 30 0 238 0
32 21 31 0 238 0
32 21 32 0 238 0
32 21 33 0 238 0
33 20 29 0 238 0
33 20 30 0 238 0
33 20 31 0 238 0
33 20 32 0 238 0
33 20 33 0 238 0
33 22 29 0 238 0
33 22 30 0 238 0
33 22 31 0 238 0
33 22 32 0 238 0
33 22 33 0 238 0
34 21 29 0 238 0
34 21 30 0 238 0
34 21 31 0 238 0
34 21 32 0 238 0
34 21 33 0 238 0
33 21 30 0 238 0
33 21 31 0 238 0
33 21 32 0 238 0
33 21 33 0 238 0
33 21 34 0 238 0
33 21 35 0 238 0
34 21 35 0 238 0
33 20 35 0 238 0
32 21 35 0 238 0
33 22 35 0 238 0
33 21 36 0 238 0
